Climate/data/grids_germany_multi_annual_air_temp_mean_1981-2010_11.asc
NCOLS 654
NROWS 866
XLLCORNER 3280414.711633467
YLLCORNER 5237500.62890625
CELLSIZE 1000
NODATA_VALUE -999
[rows 795 to 847 of 866, columns 384 to 479 of 654]
32 32 32 33 34 34 34 34 34 35 34 34 33 33 31 36 36 34 33 34 33 33 32 32 30 29 28 27 27 27 27 27 26 26 26 26 27 26 27 27 28 27 29 29 28 30 33 33 33 34 36 36 36 36 37 37 37 37 37 37 37 36 36 37 37 37 37 37 37 38 36 36 36 36 36 36 37 36 33 33 33 31 33 32 32 33 33 34 34 34 34 35 37 37 38 37
32 32 32 33 34 34 34 34 34 35 33 34 32 32 31 36 36 34 33 33 33 33 33 31 29 29 28 28 28 27 26 27 27 27 26 26 26 26 27 27 27 27 28 31 30 30 30 30 32 30 32 34 36 36 36 37 37 37 37 37 37 37 36 37 37 37 37 37 37 37 38 37 37 36 36 36 37 37 34 33 34 33 34 32 32 32 33 32 34 34 34 36 36 37 36 37
32 31 33 33 34 33 34 34 34 35 33 33 32 31 31 36 36 34 33 34 33 33 33 32 29 29 28 28 28 27 26 26 27 27 25 26 26 26 26 27 26 28 27 29 30 30 29 31 30 31 32 32 31 33 35 35 37 37 37 37 37 38 37 36 37 37 37 37 37 37 38 38 37 37 36 36 37 35 34 33 33 32 32 32 32 32 33 33 34 34 34 36 36 35 35 35
31 32 32 33 33 33 33 34 34 35 34 33 32 31 31 33 36 34 33 33 32 33 33 32 32 29 29 27 28 28 27 27 26 28 26 25 27 26 27 27 27 27 27 26 26 31 30 29 31 30 31 33 31 31 31 33 35 37 38 37 37 37 38 38 38 37 37 37 37 37 38 38 38 36 37 36 36 35 36 30 30 32 31 31 32 32 32 34 34 35 34 34 34 35 35 35
32 32 33 33 32 33 32 33 34 34 35 35 33 32 31 32 34 33 32 33 32 32 32 31 32 29 28 30 30 29 28 26 26 28 26 26 26 26 27 27 27 26 25 28 29 29 32 29 29 28 29 34 31 30 31 32 35 36 37 38 38 38 38 38 38 38 38 38 38 39 38 38 38 37 36 36 35 34 33 30 30 31 30 31 32 31 31 32 33 33 34 34 34 33 34 35
32 32 32 33 32 33 33 34 34 34 34 34 32 31 32 33 35 33 33 32 33 33 32 31 32 32 28 31 28 29 27 24 26 27 25 25 26 26 26 27 26 22 22 24 27 29 32 29 29 27 30 30 31 30 28 30 35 35 37 38 38 38 38 38 38 38 38 38 38 38 39 39 39 38 36 34 36 35 32 30 32 32 29 31 31 31 29 32 33 33 33 33 34 33 33 32
32 32 33 33 33 33 33 34 34 34 34 34 33 32 31 31 33 35 34 33 33 33 32 31 32 32 29 28 29 28 26 24 26 28 27 26 25 27 27 26 25 28 26 29 28 29 32 30 29 28 29 33 31 32 32 32 32 36 38 38 38 39 39 39 38 39 39 38 38 38 39 39 39 37 37 36 35 34 31 32 32 30 31 31 30 30 29 32 32 32 33 32 32 32 32 33
33 32 32 32 33 33 33 34 34 34 34 34 32 30 30 33 34 34 34 33 33 33 31 31 31 30 31 30 28 29 27 27 28 28 27 26 26 26 26 27 27 27 28 28 29 29 31 30 30 29 30 32 31 32 33 33 33 37 39 39 38 38 40 39 39 38 39 39 39 38 39 39 38 37 37 35 33 34 32 30 32 31 31 29 30 30 28 28 30 31 29 31 31 32 32 32
33 33 32 32 33 33 33 34 34 34 34 34 33 32 32 33 35 34 34 33 33 31 31 31 30 30 31 31 28 28 28 28 28 28 27 27 27 27 27 27 27 27 27 28 29 32 30 31 30 29 30 32 32 31 33 33 33 37 38 39 39 39 39 40 39 39 39 39 39 39 38 38 38 37 37 36 33 33 33 31 30 28 27 29 30 30 27 21 21 25 24 21 25 31 31 31
34 34 32 32 32 32 34 34 34 34 34 34 33 34 33 34 34 34 33 33 33 31 31 31 30 30 30 30 28 28 28 28 27 27 28 28 27 27 27 27 27 27 27 28 28 29 28 30 30 29 27 30 32 33 31 32 33 36 38 39 39 39 39 39 39 39 39 39 39 39 39 38 37 36 33 29 27 30 30 29 26 23 14 24 30 28 21 19 16 19 17 13 14 30 30 31
34 34 33 31 32 31 33 34 34 34 34 34 34 33 33 34 34 34 33 33 31 30 31 31 31 30 31 27 28 28 28 28 27 29 28 28 27 27 27 27 26 28 28 28 29 29 28 30 29 29 30 32 31 30 29 27 28 30 32 37 39 39 39 39 39 39 39 40 39 39 39 38 35 32 26 25 30 30 28 24 19 18 19 24 29 28 21 16 16 16 12 9 19 29 30 30
34 33 32 32 31 32 32 34 34 34 34 33 33 34 33 34 33 32 33 33 30 31 31 31 30 29 30 30 28 28 28 29 29 28 29 28 27 28 28 28 28 28 29 29 28 27 29 30 30 25 28 27 31 30 28 29 28 27 28 28 39 39 40 40 40 39 39 39 40 40 39 39 35 26 28 31 30 28 24 20 17 7 16 18 29 26 14 10 2 -2 6 6 8 26 28 29
34 33 32 31 30 31 31 34 34 34 34 33 33 33 34 33 33 33 33 32 31 32 30 29 28 28 30 30 28 28 28 29 29 29 28 29 28 28 27 28 28 28 29 29 29 27 30 30 25 23 27 27 27 31 30 31 29 26 27 32 34 37 38 40 38 40 40 40 40 40 40 38 35 32 30 32 29 24 16 14 1 7 9 21 27 11 7 -5 -2 6 2 21 22 27 27 28
34 33 32 32 31 32 32 33 34 34 34 33 33 34 33 33 33 33 33 32 32 32 31 28 27 28 30 29 28 28 28 28 28 29 29 28 27 27 27 28 28 29 30 28 26 26 29 29 24 27 24 27 28 29 28 30 29 25 24 28 26 35 35 34 30 28 37 40 41 40 40 39 36 29 34 31 27 18 9 -4 9 -4 15 28 23 5 -4 2 11 7 12 27 27 27 27 27
33 32 31 31 31 32 32 33 33 33 33 33 33 34 33 33 33 33 33 32 31 30 29 24 24 28 28 30 28 28 29 29 29 29 28 27 26 26 26 26 30 29 29 29 25 28 30 28 29 29 24 22 21 24 32 31 29 23 24 15 21 32 27 18 23 26 34 40 40 40 40 39 38 32 25 25 22 11 -999 12 -3 9 15 28 14 7 7 10 14 16 26 27 24 27 26 26
33 32 31 31 31 32 33 32 33 33 33 33 34 34 34 33 33 33 32 30 29 29 28 27 24 28 27 29 30 29 30 29 29 29 26 27 26 24 26 30 31 30 28 24 24 24 25 24 24 28 26 19 13 22 28 31 29 29 29 22 19 29 16 15 26 21 32 38 40 40 40 39 38 29 14 16 21 6 -999 7 -4 13 20 26 11 8 8 9 13 20 27 19 19 11 22 25
33 33 31 31 31 32 32 32 33 33 33 33 34 33 33 33 33 33 32 30 25 18 18 18 23 29 28 29 31 29 29 22 20 20 23 18 19 23 26 30 34 30 22 15 16 18 12 17 26 28 29 25 19 21 28 31 30 28 22 23 20 29 26 19 15 21 33 39 40 39 40 39 39 32 16 17 -999 -999 -999 5 9 17 26 16 -4 -12 -2 6 16 27 27 15 4 8 17 22
33 33 31 31 31 32 31 32 31 31 32 32 34 34 34 33 32 32 31 22 18 11 12 17 24 28 29 30 30 30 22 14 12 20 23 15 12 12 24 28 34 32 24 22 22 14 19 23 19 22 29 20 22 16 25 31 31 28 18 6 13 24 19 10 25 24 35 31 20 29 27 39 39 34 29 -999 -999 -999 -999 -1 12 25 16 13 3 -12 -9 8 16 28 28 15 8 7 9 13
32 32 31 30 31 32 32 32 33 33 33 34 34 34 34 32 32 32 24 22 12 20 14 20 25 28 29 30 29 29 17 17 9 11 17 13 12 18 20 29 32 33 31 30 25 22 11 21 16 20 29 19 14 17 24 31 30 28 25 9 19 10 14 11 12 16 33 26 11 16 26 34 39 33 10 -999 -999 -999 -999 -999 13 25 6 -3 -4 -8 2 11 24 26 20 3 5 5 7 11
32 31 31 30 28 27 30 29 30 32 34 33 34 34 34 33 32 32 25 25 22 18 14 19 25 28 29 30 29 29 29 28 27 15 14 8 17 18 23 27 30 32 32 26 19 14 9 13 18 14 26 27 29 30 30 30 31 28 28 17 8 -4 7 5 16 18 21 33 14 14 26 33 38 32 -999 -999 -999 -999 -999 -999 -999 -999 15 10 -1 2 2 22 6 22 23 11 13 13 11 12
32 31 32 31 29 29 31 29 26 30 34 34 34 34 34 32 31 31 22 18 20 20 14 15 24 28 29 30 29 29 22 19 19 20 19 9 7 21 21 26 28 31 31 29 22 23 17 13 16 16 13 26 27 17 23 17 26 31 30 26 16 11 6 12 18 18 25 26 13 17 16 17 37 37 -999 -999 -999 -999 -999 -999 -999 -999 -999 -999 -999 -999 -999 -999 -999 9 23 21 20 18 18 21
32 31 32 31 29 30 29 28 28 32 34 34 34 34 33 32 31 27 23 16 10 18 18 21 25 27 28 29 30 28 18 20 15 18 18 13 12 13 25 17 15 26 29 28 27 28 28 15 8 13 9 18 14 2 21 3 18 29 28 30 23 23 16 18 19 22 24 23 17 19 15 17 35 35 -999 -999 -999 -999 -999 -999 -999 -999 -999 -999 -999 -999 -999 -999 -999 -999 -999 -999 -999 21 22 20
31 31 32 31 30 30 27 29 31 34 34 34 34 34 33 32 29 22 23 22 21 12 15 19 22 20 29 29 30 29 23 11 8 8 0 13 17 23 12 8 13 23 28 26 21 17 27 15 4 11 1 13 9 0 8 7 18 26 28 28 30 29 24 16 15 26 24 29 30 26 21 28 24 36 -999 -999 -999 -999 -999 -999 -999 -999 -999 -999 -999 -999 -999 -999 -999 -999 -999 -999 -999 -999 18 15
30 31 32 31 30 30 31 33 32 34 34 34 34 34 33 31 24 16 19 17 16 15 9 18 15 10 25 29 30 29 23 15 13 11 10 12 19 18 -1 15 21 27 28 17 17 -5 14 11 0 8 13 16 13 2 2 7 14 21 22 4 10 26 26 9 14 17 13 15 25 29 28 31 32 34 35 -999 -999 -999 -999 -999 -999 -999 -999 -999 -999 -999 -999 -999 -999 -999 -999 -999 -999 -999 12 9
31 30 31 31 32 32 30 32 32 32 33 33 33 33 33 26 22 15 18 12 13 8 13 10 9 6 14 26 29 29 29 26 21 15 9 4 19 8 0 9 18 27 22 9 3 3 9 21 15 6 6 16 13 9 -3 -1 -9 6 25 21 10 25 17 6 1 7 5 4 11 24 28 23 30 34 35 35 35 -999 -999 -999 -999 -999 -999 -999 -999 -999 -999 -999 -999 -999 -999 -999 -999 -999 -999 -999
33 33 33 32 29 29 29 30 33 33 33 33 32 32 28 19 7 10 10 4 4 -4 -4 1 8 8 14 27 29 29 27 20 11 8 0 12 19 8 10 7 20 27 14 7 -2 3 5 17 19 13 -1 13 20 13 -4 -5 -4 2 4 7 14 25 7 -4 5 7 12 12 11 20 15 15 25 31 33 35 35 -999 -999 -999 -999 -999 -999 -999 -999 -999 -999 -999 -999 -999 -999 -999 -999 -999 -999 -999
33 33 31 32 31 28 25 27 32 33 33 33 33 28 21 8 3 13 11 8 0 4 2 12 18 20 24 27 28 29 28 24 12 -1 5 10 18 12 18 12 22 27 16 7 -2 -1 0 8 13 17 10 8 16 14 9 3 -3 2 5 14 17 26 11 1 5 8 8 23 18 21 25 30 26 31 34 34 34 -999 -999 -999 -999 -999 -999 -999 -999 -999 -999 -999 -999 -999 -999 -999 -999 -999 -999 -999
32 32 32 31 29 22 22 26 30 33 33 33 30 18 18 9 13 12 17 7 11 8 19 18 16 21 18 20 24 29 30 24 16 0 3 0 11 14 22 10 10 27 22 14 8 -4 5 15 12 19 20 15 23 12 13 9 3 16 17 16 18 26 20 13 12 12 7 14 14 21 23 23 26 26 32 34 35 -999 -999 -999 -999 -999 -999 -999 -999 -999 -999 -999 -999 -999 -999 -999 -999 -999 -999 -999
32 32 31 30 27 18 14 23 30 32 33 33 24 11 11 3 8 17 19 12 4 10 18 23 28 28 28 29 28 26 30 26 18 14 13 9 1 6 17 22 25 24 22 14 23 13 12 12 15 17 12 13 19 23 16 15 11 11 13 22 20 18 -999 -999 17 0 7 5 9 6 13 29 33 33 32 -999 -999 -999 -999 -999 -999 -999 -999 -999 -999 -999 -999 -999 -999 -999 -999 -999 -999 -999 -999 -999
32 32 31 27 22 15 9 17 23 25 31 25 20 8 17 11 17 17 17 21 22 26 23 27 28 23 20 21 16 12 26 28 23 20 10 6 14 14 18 14 14 14 20 16 10 23 12 12 4 15 -1 15 12 23 14 16 -3 13 16 12 -999 -999 -999 -999 -999 -999 -999 -999 -999 -999 -999 -999 -999 -999 -999 -999 -999 -999 -999 -999 -999 -999 -999 -999 -999 -999 -999 -999 -999 -999 -999 -999 -999 -999 -999 -999
32 32 31 28 18 15 9 -1 9 12 19 17 21 22 21 15 12 23 24 21 23 18 15 27 28 17 20 18 12 22 28 15 5 14 17 22 24 21 24 14 11 7 22 19 12 12 23 12 19 0 -5 -3 8 19 15 1 -999 -999 -999 -999 -999 -999 -999 -999 -999 -999 -999 -999 -999 -999 -999 -999 -999 -999 -999 -999 -999 -999 -999 -999 -999 -999 -999 -999 -999 -999 -999 -999 -999 -999 -999 -999 -999 -999 -999 -999
32 29 23 12 4 4 -1 -9 6 -2 2 18 25 26 24 20 25 26 27 27 27 27 28 28 26 23 17 12 23 29 20 4 11 13 17 19 14 9 22 3 0 7 8 11 0 8 12 12 8 10 2 -999 -999 -999 -999 -999 -999 -999 -999 -999 -999 -999 -999 -999 -999 -999 -999 -999 -999 -999 -999 -999 -999 -999 -999 -999 -999 -999 -999 -999 -999 -999 -999 -999 -999 -999 -999 -999 -999 -999 -999 -999 -999 -999 -999 -999
32 26 8 15 -3 11 11 2 15 12 14 26 26 26 26 18 26 23 25 26 23 23 21 21 20 17 19 23 29 14 15 19 14 22 18 15 18 7 9 5 7 7 3 4 6 4 0 -1 4 15 19 -999 -999 -999 -999 -999 -999 -999 -999 -999 -999 -999 -999 -999 -999 -999 -999 -999 -999 -999 -999 -999 -999 -999 -999 -999 -999 -999 -999 -999 -999 -999 -999 -999 -999 -999 -999 -999 -999 -999 -999 -999 -999 -999 -999 -999
31 29 25 24 19 14 14 8 14 22 26 26 26 26 26 26 26 14 8 10 13 0 12 19 18 24 15 24 27 28 24 24 17 18 -999 -999 7 3 2 -999 -999 -999 -999 -999 -999 -999 -999 -999 -999 -999 -999 -999 -999 -999 -999 -999 -999 -999 -999 -999 -999 -999 -999 -999 -999 -999 -999 -999 -999 -999 -999 -999 -999 -999 -999 -999 -999 -999 -999 -999 -999 -999 -999 -999 -999 -999 -999 -999 -999 -999 -999 -999 -999 -999 -999 -999
30 20 23 22 20 22 20 12 15 26 24 26 26 26 24 19 19 18 10 15 13 21 17 18 9 13 26 28 22 25 22 17 19 -999 -999 -999 -999 -999 -999 -999 -999 -999 -999 -999 -999 -999 -999 -999 -999 -999 -999 -999 -999 -999 -999 -999 -999 -999 -999 -999 -999 -999 -999 -999 -999 -999 -999 -999 -999 -999 -999 -999 -999 -999 -999 -999 -999 -999 -999 -999 -999 -999 -999 -999 -999 -999 -999 -999 -999 -999 -999 -999 -999 -999 -999 -999
22 20 1 16 15 12 14 23 19 26 27 26 26 17 9 18 9 13 12 11 15 19 24 27 28 28 28 28 22 12 4 22 -999 -999 -999 -999 -999 -999 -999 -999 -999 -999 -999 -999 -999 -999 -999 -999 -999 -999 -999 -999 -999 -999 -999 -999 -999 -999 -999 -999 -999 -999 -999 -999 -999 -999 -999 -999 -999 -999 -999 -999 -999 -999 -999 -999 -999 -999 -999 -999 -999 -999 -999 -999 -999 -999 -999 -999 -999 -999 -999 -999 -999 -999 -999 -999
8 7 3 5 11 -11 2 16 27 22 24 24 16 10 20 14 14 16 23 26 26 27 27 26 22 20 23 26 13 -4 18 -999 -999 -999 -999 -999 -999 -999 -999 -999 -999 -999 -999 -999 -999 -999 -999 -999 -999 -999 -999 -999 -999 -999 -999 -999 -999 -999 -999 -999 -999 -999 -999 -999 -999 -999 -999 -999 -999 -999 -999 -999 -999 -999 -999 -999 -999 -999 -999 -999 -999 -999 -999 -999 -999 -999 -999 -999 -999 -999 -999 -999 -999 -999 -999 -999
-8 -10 -6 -10 -3 1 6 17 21 19 18 18 16 21 25 27 27 27 26 26 25 19 8 4 15 20 25 18 -5 -8 -8 -999 -999 -999 -999 -999 -999 -999 -999 -999 -999 -999 -999 -999 -999 -999 -999 -999 -999 -999 -999 -999 -999 -999 -999 -999 -999 -999 -999 -999 -999 -999 -999 -999 -999 -999 -999 -999 -999 -999 -999 -999 -999 -999 -999 -999 -999 -999 -999 -999 -999 -999 -999 -999 -999 -999 -999 -999 -999 -999 -999 -999 -999 -999 -999 -999
-17 -6 -10 -3 1 9 14 24 23 17 14 13 13 27 24 15 8 6 20 26 16 -2 2 19 20 12 15 21 13 2 9 -999 -999 -999 -999 -999 -999 -999 -999 -999 -999 -999 -999 -999 -999 -999 -999 -999 -999 -999 -999 -999 -999 -999 -999 -999 -999 -999 -999 -999 -999 -999 -999 -999 -999 -999 -999 -999 -999 -999 -999 -999 -999 -999 -999 -999 -999 -999 -999 -999 -999 -999 -999 -999 -999 -999 -999 -999 -999 -999 -999 -999 -999 -999 -999 -999
-4 -2 4 4 2 13 17 25 23 18 18 24 28 14 9 4 16 24 18 26 12 3 9 8 13 -6 14 13 24 18 -999 -999 -999 -999 -999 -999 -999 -999 -999 -999 -999 -999 -999 -999 -999 -999 -999 -999 -999 -999 -999 -999 -999 -999 -999 -999 -999 -999 -999 -999 -999 -999 -999 -999 -999 -999 -999 -999 -999 -999 -999 -999 -999 -999 -999 -999 -999 -999 -999 -999 -999 -999 -999 -999 -999 -999 -999 -999 -999 -999 -999 -999 -999 -999 -999 -999
4 3 13 10 10 17 14 26 24 28 27 22 20 -3 13 18 13 4 19 25 12 0 3 -3 13 -3 14 8 5 13 -999 -999 -999 -999 -999 -999 -999 -999 -999 -999 -999 -999 -999 -999 -999 -999 -999 -999 -999 -999 -999 -999 -999 -999 -999 -999 -999 -999 -999 -999 -999 -999 -999 -999 -999 -999 -999 -999 -999 -999 -999 -999 -999 -999 -999 -999 -999 -999 -999 -999 -999 -999 -999 -999 -999 -999 -999 -999 -999 -999 -999 -999 -999 -999 -999 -999
8 14 18 16 17 20 23 26 28 26 21 14 6 13 16 8 -5 7 19 -999 -999 1 -11 -14 13 -4 -1 -1 -5 -999 -999 -999 -999 -999 -999 -999 -999 -999 -999 -999 -999 -999 -999 -999 -999 -999 -999 -999 -999 -999 -999 -999 -999 -999 -999 -999 -999 -999 -999 -999 -999 -999 -999 -999 -999 -999 -999 -999 -999 -999 -999 -999 -999 -999 -999 -999 -999 -999 -999 -999 -999 -999 -999 -999 -999 -999 -999 -999 -999 -999 -999 -999 -999 -999 -999 -999
-2 5 13 14 20 25 26 27 27 22 21 -1 4 4 4 -8 -1 17 -999 -999 -999 -999 -999 -999 -999 -999 -999 -999 -999 -999 -999 -999 -999 -999 -999 -999 -999 -999 -999 -999 -999 -999 -999 -999 -999 -999 -999 -999 -999 -999 -999 -999 -999 -999 -999 -999 -999 -999 -999 -999 -999 -999 -999 -999 -999 -999 -999 -999 -999 -999 -999 -999 -999 -999 -999 -999 -999 -999 -999 -999 -999 -999 -999 -999 -999 -999 -999 -999 -999 -999 -999 -999 -999 -999 -999 -999
9 15 7 14 24 26 26 27 20 11 10 -8 8 -9 -9 -7 8 -999 -999 -999 -999 -999 -999 -999 -999 -999 -999 -999 -999 -999 -999 -999 -999 -999 -999 -999 -999 -999 -999 -999 -999 -999 -999 -999 -999 -999 -999 -999 -999 -999 -999 -999 -999 -999 -999 -999 -999 -999 -999 -999 -999 -999 -999 -999 -999 -999 -999 -999 -999 -999 -999 -999 -999 -999 -999 -999 -999 -999 -999 -999 -999 -999 -999 -999 -999 -999 -999 -999 -999 -999 -999 -999 -999 -999 -999 -999
19 21 23 24 24 26 25 27 19 3 5 -8 2 -12 2 12 -999 -999 -999 -999 -999 -999 -999 -999 -999 -999 -999 -999 -999 -999 -999 -999 -999 -999 -999 -999 -999 -999 -999 -999 -999 -999 -999 -999 -999 -999 -999 -999 -999 -999 -999 -999 -999 -999 -999 -999 -999 -999 -999 -999 -999 -999 -999 -999 -999 -999 -999 -999 -999 -999 -999 -999 -999 -999 -999 -999 -999 -999 -999 -999 -999 -999 -999 -999 -999 -999 -999 -999 -999 -999 -999 -999 -999 -999 -999 -999
23 21 19 25 22 24 23 25 19 -7 2 -15 -11 -10 7 10 -999 -999 -999 -999 -999 -999 -999 -999 -999 -999 -999 -999 -999 -999 -999 -999 -999 -999 -999 -999 -999 -999 -999 -999 -999 -999 -999 -999 -999 -999 -999 -999 -999 -999 -999 -999 -999 -999 -999 -999 -999 -999 -999 -999 -999 -999 -999 -999 -999 -999 -999 -999 -999 -999 -999 -999 -999 -999 -999 -999 -999 -999 -999 -999 -999 -999 -999 -999 -999 -999 -999 -999 -999 -999 -999 -999 -999 -999 -999 -999
13 17 18 22 24 24 23 26 20 13 6 -4 -10 8 15 14 -999 -999 -999 -999 -999 -999 -999 -999 -999 -999 -999 -999 -999 -999 -999 -999 -999 -999 -999 -999 -999 -999 -999 -999 -999 -999 -999 -999 -999 -999 -999 -999 -999 -999 -999 -999 -999 -999 -999 -999 -999 -999 -999 -999 -999 -999 -999 -999 -999 -999 -999 -999 -999 -999 -999 -999 -999 -999 -999 -999 -999 -999 -999 -999 -999 -999 -999 -999 -999 -999 -999 -999 -999 -999 -999 -999 -999 -999 -999 -999
19 17 20 19 19 23 24 27 18 7 9 10 6 -1 11 3 4 -999 -999 -999 -999 -999 -999 -999 -999 -999 -999 -999 -999 -999 -999 -999 -999 -999 -999 -999 -999 -999 -999 -999 -999 -999 -999 -999 -999 -999 -999 -999 -999 -999 -999 -999 -999 -999 -999 -999 -999 -999 -999 -999 -999 -999 -999 -999 -999 -999 -999 -999 -999 -999 -999 -999 -999 -999 -999 -999 -999 -999 -999 -999 -999 -999 -999 -999 -999 -999 -999 -999 -999 -999 -999 -999 -999 -999 -999 -999
17 10 12 13 17 23 26 28 8 7 -5 -2 -3 -9 2 -7 -14 -10 -999 -999 -999 -999 -999 -999 -999 -999 -999 -999 -999 -999 -999 -999 -999 -999 -999 -999 -999 -999 -999 -999 -999 -999 -999 -999 -999 -999 -999 -999 -999 -999 -999 -999 -999 -999 -999 -999 -999 -999 -999 -999 -999 -999 -999 -999 -999 -999 -999 -999 -999 -999 -999 -999 -999 -999 -999 -999 -999 -999 -999 -999 -999 -999 -999 -999 -999 -999 -999 -999 -999 -999 -999 -999 -999 -999 -999 -999
12 16 10 11 19 23 27 19 17 11 -2 -27 -29 -999 -999 -999 -999 -999 -999 -999 -999 -999 -999 -999 -999 -999 -999 -999 -999 -999 -999 -999 -999 -999 -999 -999 -999 -999 -999 -999 -999 -999 -999 -999 -999 -999 -999 -999 -999 -999 -999 -999 -999 -999 -999 -999 -999 -999 -999 -999 -999 -999 -999 -999 -999 -999 -999 -999 -999 -999 -999 -999 -999 -999 -999 -999 -999 -999 -999 -999 -999 -999 -999 -999 -999 -999 -999 -999 -999 -999 -999 -999 -999 -999 -999 -999
10 16 18 20 23 28 28 18 -4 4 -14 -999 -999 -999 -999 -999 -999 -999 -999 -999 -999 -999 -999 -999 -999 -999 -999 -999 -999 -999 -999 -999 -999 -999 -999 -999 -999 -999 -999 -999 -999 -999 -999 -999 -999 -999 -999 -999 -999 -999 -999 -999 -999 -999 -999 -999 -999 -999 -999 -999 -999 -999 -999 -999 -999 -999 -999 -999 -999 -999 -999 -999 -999 -999 -999 -999 -999 -999 -999 -999 -999 -999 -999 -999 -999 -999 -999 -999 -999 -999 -999 -999 -999 -999 -999 -999
-12 -999 -999 -999 -999 28 24 -1 -15 -13 -999 -999 -999 -999 -999 -999 -999 -999 -999 -999 -999 -999 -999 -999 -999 -999 -999 -999 -999 -999 -999 -999 -999 -999 -999 -999 -999 -999 -999 -999 -999 -999 -999 -999 -999 -999 -999 -999 -999 -999 -999 -999 -999 -999 -999 -999 -999 -999 -999 -999 -999 -999 -999 -999 -999 -999 -999 -999 -999 -999 -999 -999 -999 -999 -999 -999 -999 -999 -999 -999 -999 -999 -999 -999 -999 -999 -999 -999 -999 -999 -999 -999 -999 -999 -999 -999
-999 -999 -999 -999 -999 27 18 -4 -999 -999 -999 -999 -999 -999 -999 -999 -999 -999 -999 -999 -999 -999 -999 -999 -999 -999 -999 -999 -999 -999 -999 -999 -999 -999 -999 -999 -999 -999 -999 -999 -999 -999 -999 -999 -999 -999 -999 -999 -999 -999 -999 -999 -999 -999 -999 -999 -999 -999 -999 -999 -999 -999 -999 -999 -999 -999 -999 -999 -999 -999 -999 -999 -999 -999 -999 -999 -999 -999 -999 -999 -999 -999 -999 -999 -999 -999 -999 -999 -999 -999 -999 -999 -999 -999 -999 -999
