Climate/data/grids_germany_multi_annual_air_temp_mean_1981-2010_10.asc
NCOLS 654
NROWS 866
XLLCORNER 3280414.711633467
YLLCORNER 5237500.62890625
CELLSIZE 1000
NODATA_VALUE -999
[rows 765 to 815 of 866, columns 96 to 191 of 654]
-999 -999 -999 -999 -999 -999 -999 -999 -999 -999 -999 -999 -999 -999 -999 -999 -999 -999 -999 -999 -999 108 108 108 108 108 108 108 108 108 108 108 105 105 105 106 105 101 100 100 99 100 100 97 96 89 89 87 93 92 92 97 93 97 100 98 96 88 72 78 84 82 73 74 81 85 95 78 76 77 75 76 80 80 84 80 82 80 79 77 78 79 80 82 81 83 82 81 83 82 80 80 82 82 83 83
-999 -999 -999 -999 -999 -999 -999 -999 -999 -999 -999 -999 -999 -999 -999 -999 -999 -999 -999 -999 108 108 108 108 108 108 108 108 108 108 108 108 108 105 106 103 106 100 100 100 103 99 99 104 95 98 89 91 93 98 97 94 96 101 99 92 89 83 78 76 78 77 74 76 86 88 94 76 82 78 74 78 76 82 78 79 76 77 76 78 78 79 80 82 82 81 83 81 85 83 81 80 81 82 83 84
-999 -999 -999 -999 -999 -999 -999 -999 -999 -999 -999 -999 -999 -999 -999 -999 -999 -999 -999 109 109 109 108 108 108 108 108 108 108 108 108 108 108 106 104 105 104 98 100 101 101 101 100 105 102 92 92 99 94 93 96 103 97 101 95 96 92 90 85 73 79 78 72 77 79 80 87 81 83 75 76 79 79 81 75 75 78 77 79 80 77 78 80 81 82 82 83 84 82 85 81 79 81 82 83 84
-999 -999 -999 -999 -999 -999 -999 -999 -999 -999 -999 -999 -999 -999 -999 -999 -999 -999 -999 109 107 109 109 108 108 108 108 108 108 106 105 108 108 107 105 106 103 103 99 102 104 105 101 103 95 99 98 102 94 99 99 104 101 97 87 91 96 86 84 71 78 76 76 73 74 76 81 82 79 79 76 75 76 79 75 76 75 76 77 78 77 77 82 81 82 84 82 83 81 82 81 79 81 83 83 85
-999 -999 -999 -999 -999 -999 -999 -999 -999 -999 -999 -999 -999 -999 -999 -999 -999 -999 -999 109 109 109 109 108 107 106 106 105 106 106 108 108 108 107 105 105 103 103 99 102 102 102 106 102 103 95 101 102 101 101 105 101 97 97 81 87 89 83 76 74 74 77 76 78 80 75 82 79 76 78 75 73 73 74 77 75 77 75 77 77 78 79 78 80 82 81 83 82 83 83 85 80 81 83 84 85
-999 -999 -999 -999 -999 -999 -999 -999 -999 -999 -999 -999 -999 -999 -999 -999 -999 -999 110 110 108 108 106 104 104 104 106 105 105 105 108 108 108 106 105 104 104 104 102 102 104 107 103 99 97 99 98 103 106 106 103 92 84 91 87 79 71 78 66 71 75 74 74 76 74 82 84 82 83 81 78 75 75 78 76 76 78 76 75 78 78 76 78 80 80 82 82 82 85 83 81 82 86 84 87 85
-999 -999 -999 -999 -999 -999 -999 -999 -999 -999 -999 -999 -999 -999 -999 -999 -999 -999 109 109 108 107 106 105 102 99 103 101 106 107 107 107 107 106 105 105 105 105 106 104 105 105 106 102 98 100 101 97 107 106 104 99 91 82 79 81 79 74 68 69 77 74 74 76 74 77 78 78 82 82 75 75 76 77 79 75 75 77 77 78 78 78 78 79 81 81 83 82 82 81 80 82 84 87 84 86
-999 -999 -999 -999 -999 -999 -999 -999 -999 -999 -999 -999 -999 -999 -999 -999 -999 -999 109 107 109 105 103 99 98 100 98 103 105 107 108 107 107 107 106 105 105 106 107 107 106 102 108 103 102 105 99 106 106 102 97 105 93 92 92 87 73 66 66 68 74 74 74 74 75 73 74 74 77 76 75 74 76 76 74 76 75 76 78 76 78 79 80 79 80 81 82 83 80 81 80 82 84 84 86 86
-999 -999 -999 -999 -999 -999 -999 -999 -999 -999 -999 -999 -999 -999 -999 -999 -999 -999 109 109 109 107 102 106 104 101 96 104 106 106 108 108 106 107 107 106 106 107 107 107 108 104 108 106 103 99 108 107 104 101 90 99 104 101 95 78 83 80 80 71 70 74 74 72 76 73 72 72 76 71 75 73 72 75 76 75 78 78 78 76 77 78 79 80 81 82 82 79 79 81 81 82 83 85 86 83
-999 -999 -999 -999 -999 -999 -999 -999 -999 -999 -999 -999 -999 -999 -999 -999 -999 109 109 109 109 109 108 102 103 101 94 104 106 107 108 108 106 108 108 108 108 107 108 108 109 108 107 106 103 108 107 106 101 100 90 88 97 98 96 91 91 93 83 70 69 71 74 74 72 75 72 72 71 70 74 72 74 72 74 74 76 76 77 76 77 78 78 80 80 78 81 78 79 79 81 84 84 85 82 81
-999 -999 -999 -999 -999 -999 -999 -999 -999 -999 -999 -999 -999 -999 -999 -999 -999 108 109 109 107 107 105 100 93 94 103 105 106 107 108 109 108 109 109 110 110 109 109 110 110 110 109 110 110 108 106 103 95 88 89 78 87 92 99 101 92 84 88 78 70 73 77 73 73 74 73 71 70 74 74 74 75 77 78 77 75 74 76 76 77 78 78 76 77 76 76 77 78 79 81 82 83 83 82 83
-999 -999 -999 -999 -999 -999 -999 -999 -999 -999 -999 -999 -999 -999 -999 -999 -999 108 109 109 106 103 101 101 98 100 104 107 108 108 109 109 109 109 110 111 111 110 110 111 110 108 110 110 103 101 95 99 95 75 83 71 89 78 82 91 98 87 90 79 71 69 74 72 75 73 73 75 76 72 71 72 73 74 74 77 78 77 76 78 77 79 78 77 78 77 77 78 77 80 81 82 81 83 83 83
-999 -999 -999 -999 -999 -999 -999 -999 -999 -999 -999 -999 -999 -999 -999 -999 -999 108 108 108 107 104 101 98 101 101 101 108 108 108 109 109 110 110 110 110 110 111 111 111 110 110 110 107 101 94 91 93 85 79 65 72 83 82 73 91 101 86 80 83 77 71 77 79 76 77 70 71 74 72 71 75 73 73 75 74 75 76 78 79 79 78 79 78 77 77 77 78 79 80 81 83 83 81 81 82
-999 -999 -999 -999 -999 -999 -999 -999 -999 -999 -999 -999 -999 -999 -999 -999 -999 108 108 108 106 105 103 101 106 104 107 108 108 109 110 110 110 111 110 112 111 112 112 111 111 111 110 108 102 94 98 92 83 71 67 71 72 74 74 87 99 89 81 76 77 72 72 76 76 76 72 75 73 72 74 76 72 72 75 73 74 75 76 77 77 78 79 79 79 77 77 78 80 81 82 83 80 82 81 82
-999 -999 -999 -999 -999 -999 -999 -999 -999 -999 -999 -999 -999 -999 -999 -999 -999 108 108 108 107 105 107 104 107 107 108 108 108 109 110 111 111 112 111 112 112 112 112 111 110 110 104 108 108 106 104 99 92 84 74 79 76 78 75 81 95 93 75 78 77 73 74 76 79 76 72 76 70 70 73 77 71 70 72 74 75 75 77 77 78 79 79 78 77 77 78 80 81 80 81 80 82 81 80 82
-999 -999 -999 -999 -999 -999 -999 -999 -999 -999 -999 -999 -999 -999 -999 -999 -999 108 108 107 107 107 107 108 108 108 108 108 106 109 110 111 111 111 112 113 113 113 112 111 108 106 105 106 100 104 99 101 92 91 81 84 81 76 76 76 90 93 84 80 76 75 75 78 76 77 79 73 77 78 78 76 76 72 72 73 75 76 77 78 78 78 77 79 77 77 78 80 81 78 79 78 79 81 80 82
-999 -999 -999 -999 -999 -999 -999 -999 -999 -999 -999 -999 -999 -999 -999 -999 -999 108 108 107 107 107 108 108 108 108 109 106 109 109 111 111 111 112 113 114 113 113 112 112 107 109 103 105 99 91 98 92 98 92 86 82 77 77 75 78 76 94 78 79 78 76 76 77 75 70 70 71 69 72 71 76 75 75 71 73 76 75 77 78 78 79 79 80 80 77 80 80 80 80 78 78 78 79 81 81
-999 -999 -999 -999 -999 -999 -999 -999 -999 -999 -999 -999 -999 -999 -999 -999 -999 -999 108 108 108 108 108 108 108 109 106 108 110 110 111 111 111 113 113 114 114 114 114 110 101 105 102 101 97 83 84 85 84 83 92 87 85 86 80 77 77 88 88 78 78 77 71 71 71 71 74 75 75 72 70 70 78 71 72 73 75 76 77 78 79 79 79 80 78 78 80 80 81 81 80 79 80 81 81 81
-999 -999 -999 -999 -999 -999 -999 -999 -999 -999 -999 -999 -999 -999 -999 -999 -999 -999 -999 108 108 108 108 109 107 107 106 109 111 110 110 111 112 113 114 115 116 116 114 106 104 93 95 89 94 91 92 95 95 92 89 87 87 90 86 83 81 86 92 83 84 80 78 75 70 69 67 68 67 68 72 77 75 71 71 73 75 76 77 78 78 79 79 80 78 78 79 80 82 81 78 80 81 81 80 78
-999 -999 -999 -999 -999 -999 -999 -999 -999 -999 -999 -999 -999 -999 -999 -999 -999 -999 -999 -999 108 108 109 109 106 107 108 110 111 110 111 112 111 112 114 115 116 116 115 108 102 101 101 96 101 97 95 102 97 90 84 92 91 88 90 83 83 83 80 86 77 72 69 72 70 70 73 72 75 75 78 72 73 77 71 74 75 77 78 78 78 79 79 80 78 78 80 81 81 80 78 79 82 81 82 78
-999 -999 -999 -999 -999 -999 -999 -999 -999 -999 -999 -999 -999 -999 -999 -999 -999 -999 -999 -999 108 109 109 109 109 107 108 109 110 110 111 112 112 112 114 115 115 115 111 109 108 103 104 100 99 101 101 98 91 94 98 91 92 95 84 89 83 78 85 80 78 71 68 70 69 68 69 68 70 67 70 75 75 81 78 75 75 77 78 79 77 78 77 80 77 78 80 81 81 82 78 80 82 82 81 81
-999 -999 -999 -999 -999 -999 -999 -999 -999 -999 -999 -999 -999 -999 -999 -999 -999 -999 -999 -999 109 109 110 110 110 108 109 110 110 111 111 111 111 112 113 113 114 114 114 112 111 108 108 106 106 104 103 99 100 100 89 90 97 89 92 81 82 79 76 73 73 72 70 66 66 67 71 70 69 66 67 75 72 71 72 80 81 78 77 79 80 78 79 79 80 79 80 80 82 79 79 80 82 82 83 82
-999 -999 -999 -999 -999 -999 -999 -999 -999 -999 -999 -999 -999 -999 -999 -999 -999 -999 -999 -999 109 109 110 110 111 108 109 110 110 111 111 111 111 112 112 112 110 111 103 103 102 107 106 106 105 104 103 100 98 100 91 94 89 84 82 80 78 76 72 71 70 73 67 64 68 70 71 70 70 74 69 70 68 70 72 75 75 80 77 79 81 79 77 78 80 78 80 81 80 80 78 80 81 82 83 81
-999 -999 -999 -999 -999 -999 -999 -999 -999 -999 -999 -999 -999 -999 -999 -999 -999 -999 -999 -999 109 109 110 111 111 110 110 110 110 111 111 112 110 102 104 110 108 106 105 100 100 98 102 105 104 103 103 101 100 95 92 91 87 90 87 84 74 72 70 73 73 69 74 70 66 67 65 66 68 72 69 67 68 70 71 72 75 77 77 81 81 81 77 77 80 79 80 81 81 81 79 81 81 82 83 82
-999 -999 -999 -999 -999 -999 -999 -999 -999 -999 -999 -999 -999 -999 -999 -999 -999 -999 -999 -999 109 109 110 110 111 111 110 110 110 110 111 110 109 104 96 106 109 100 102 99 92 103 101 101 101 104 100 100 99 99 96 85 86 77 78 78 72 67 71 70 73 70 69 74 67 67 66 69 69 69 70 68 68 69 71 73 75 77 78 79 81 81 79 78 81 80 81 82 82 81 81 80 81 82 83 82
-999 -999 -999 -999 -999 -999 -999 -999 -999 -999 -999 -999 -999 -999 -999 -999 -999 -999 -999 109 110 110 110 110 110 111 110 110 110 110 108 106 104 100 101 105 105 99 102 94 95 91 100 93 102 101 96 90 96 89 83 85 74 80 68 69 67 65 69 71 73 75 67 74 67 71 66 65 69 68 69 70 70 70 72 74 75 77 78 79 80 81 69 78 79 82 81 83 82 80 81 81 81 82 81 83
-999 -999 -999 -999 -999 -999 -999 -999 -999 -999 -999 -999 -999 -999 -999 -999 -999 -999 109 110 110 110 110 110 110 109 110 110 110 106 110 105 99 104 105 103 97 100 96 99 89 94 86 87 98 100 98 91 93 94 90 71 71 69 68 68 70 62 65 69 70 74 65 71 73 68 68 68 69 71 72 73 74 74 72 74 77 78 79 79 80 81 77 78 79 80 82 82 83 83 81 82 82 82 83 83
-999 -999 -999 -999 -999 -999 -999 -999 -999 -999 -999 -999 -999 -999 -999 -999 -999 -999 109 110 110 110 110 110 109 109 110 110 109 108 106 102 104 105 105 99 97 94 96 96 85 82 75 87 97 99 98 83 83 85 83 82 68 71 71 68 71 69 68 66 70 74 73 74 66 68 69 70 70 71 72 72 74 75 76 77 76 78 80 80 81 81 81 81 82 82 82 83 83 83 82 81 83 82 81 83
-999 -999 -999 -999 -999 -999 -999 -999 -999 -999 -999 -999 -999 -999 -999 -999 -999 -999 110 110 109 109 109 109 109 109 108 109 109 109 107 105 107 105 101 91 87 84 92 86 74 77 70 87 93 88 87 89 81 73 77 84 83 70 71 73 69 70 66 66 69 67 73 71 68 73 68 70 71 72 73 74 74 75 77 78 78 78 80 79 79 79 82 82 82 82 83 84 83 83 82 82 83 82 81 81
-999 -999 -999 -999 -999 -999 -999 -999 -999 -999 -999 -999 -999 -999 -999 -999 -999 -999 110 109 109 109 109 109 109 108 108 108 109 108 109 108 106 101 99 101 93 90 83 81 75 69 68 83 83 75 77 80 92 74 67 64 68 74 81 74 70 72 70 67 69 74 72 72 74 71 73 72 71 72 73 75 75 75 77 78 78 78 78 78 77 78 78 80 81 82 82 83 83 83 82 83 83 83 82 82
-999 -999 -999 -999 -999 -999 -999 -999 -999 -999 -999 -999 -999 -999 -999 -999 -999 -999 110 109 109 109 109 109 108 108 108 108 108 108 107 107 106 101 93 98 94 89 80 70 72 75 80 86 75 65 68 69 74 87 68 62 68 65 72 70 74 73 72 73 73 74 68 71 73 77 74 72 75 73 77 75 77 78 77 77 77 78 81 78 77 78 78 80 82 82 82 82 82 82 84 83 83 81 81 82
-999 -999 -999 -999 -999 -999 -999 -999 -999 -999 -999 -999 -999 -999 -999 -999 -999 -999 109 109 109 109 109 109 108 108 108 108 108 106 104 104 102 101 100 91 90 80 77 74 68 69 76 75 84 76 72 63 69 78 66 59 63 65 60 65 72 69 68 73 74 67 61 61 68 74 75 72 73 75 77 78 78 79 77 77 77 77 78 79 78 78 78 80 82 82 82 81 82 83 82 81 81 73 79 74
-999 -999 -999 -999 -999 -999 -999 -999 -999 -999 -999 -999 -999 -999 -999 -999 -999 109 109 109 109 109 109 108 108 108 107 108 108 104 101 101 96 93 93 87 87 93 83 75 67 69 74 71 68 78 83 71 63 73 64 65 67 67 64 68 69 72 73 73 65 69 69 67 64 67 73 76 74 76 78 77 78 78 78 78 78 80 81 82 82 80 82 80 80 81 79 80 82 80 77 76 73 74 75 78
-999 -999 -999 -999 -999 -999 -999 -999 -999 -999 -999 -999 -999 -999 -999 -999 -999 109 109 109 109 109 109 108 107 107 108 107 107 101 92 89 88 89 91 99 97 88 82 70 64 68 66 66 63 63 72 77 59 62 59 65 68 70 66 69 70 76 68 68 73 72 74 73 72 71 70 79 74 76 78 77 76 77 79 77 78 79 81 81 82 82 82 81 80 78 81 78 78 76 81 78 72 74 75 77
-999 -999 -999 -999 -999 -999 -999 -999 -999 -999 -999 -999 -999 -999 -999 -999 -999 109 109 109 109 109 109 107 107 106 107 105 106 106 97 99 98 94 99 92 79 88 79 67 63 67 71 66 66 62 57 63 58 54 56 64 67 70 73 67 68 65 70 68 68 69 70 74 74 76 74 75 75 74 76 77 77 78 78 78 78 79 80 80 82 84 81 82 82 80 84 79 80 80 80 74 75 75 77 79
-999 -999 -999 -999 -999 -999 -999 -999 -999 -999 -999 -999 -999 -999 -999 -999 -999 109 110 110 110 110 109 108 107 107 105 102 97 97 99 105 99 103 95 86 71 84 72 66 69 67 72 70 65 65 61 59 69 70 53 56 61 63 61 61 69 69 66 66 68 72 75 73 75 78 79 80 78 79 77 75 75 75 76 79 79 81 81 81 82 84 81 82 81 82 83 79 81 81 79 81 76 79 79 80
-999 -999 -999 -999 -999 -999 -999 -999 -999 -999 -999 -999 -999 -999 -999 -999 -999 110 110 110 110 110 108 108 106 105 103 95 92 97 95 96 99 97 85 87 78 80 78 69 73 73 73 67 73 66 75 66 78 64 58 62 67 61 56 58 66 66 68 67 68 68 65 66 75 74 75 75 78 79 83 78 79 79 80 81 82 83 82 84 85 87 82 84 81 81 86 81 79 79 78 81 77 83 83 81
-999 -999 -999 -999 -999 -999 -999 -999 -999 -999 -999 -999 -999 -999 -999 -999 -999 110 110 110 110 108 109 110 109 106 104 102 94 87 96 94 90 100 96 87 75 68 68 80 80 68 74 82 72 69 78 77 66 58 57 63 61 68 56 61 64 65 69 62 66 63 65 67 67 71 72 76 75 79 79 81 82 87 80 82 82 82 88 83 82 86 87 88 83 85 87 76 79 81 82 83 82 80 81 78
-999 -999 -999 -999 -999 -999 -999 -999 -999 -999 -999 -999 -999 -999 -999 -999 110 110 110 110 111 108 110 108 107 104 97 99 102 92 84 90 93 98 80 86 77 64 64 70 79 82 66 78 82 85 84 72 59 54 55 58 63 71 63 58 67 70 71 65 62 69 68 64 65 66 69 75 74 76 76 79 80 77 80 82 84 84 85 81 82 83 82 88 88 89 89 85 83 83 83 81 77 78 82 79
-999 -999 -999 -999 -999 -999 -999 -999 -999 -999 -999 -999 -999 -999 -999 -999 110 110 110 110 109 108 109 105 102 97 93 99 92 92 97 88 84 91 80 63 58 68 70 86 80 74 70 78 85 71 71 65 65 69 68 51 62 65 63 58 59 66 71 71 65 71 69 68 66 67 69 70 70 74 75 79 79 76 77 77 79 78 78 80 79 80 80 81 82 84 89 82 80 83 80 78 80 77 81 79
-999 -999 -999 -999 -999 -999 -999 -999 -999 -999 -999 -999 -999 -999 -999 -999 109 109 109 110 109 108 106 101 103 97 95 88 91 93 85 87 91 83 76 71 68 72 70 78 80 88 79 82 83 71 70 61 72 65 72 63 59 71 67 56 61 60 66 72 72 72 72 68 66 67 71 76 72 73 74 76 77 77 80 76 78 78 77 78 79 81 81 82 82 82 88 86 87 87 83 79 77 79 80 80
-999 -999 -999 -999 -999 -999 -999 -999 -999 -999 -999 -999 -999 -999 -999 110 109 109 109 106 110 107 107 106 103 98 100 92 87 81 79 75 77 80 78 79 90 77 77 78 88 86 81 88 81 85 70 68 67 69 72 69 64 64 73 60 57 59 60 64 68 71 71 68 70 68 69 70 72 73 79 80 81 79 81 80 79 79 80 79 80 80 85 88 88 84 85 86 88 85 83 77 77 80 81 84
-999 -999 -999 -999 -999 -999 -999 -999 -999 -999 -999 -999 -999 -999 110 109 109 109 109 106 108 106 106 102 92 92 92 84 81 76 79 74 70 78 82 85 80 81 82 85 83 92 87 77 78 82 65 78 60 65 66 73 72 72 73 60 66 60 61 60 61 68 71 72 70 70 70 70 72 73 73 75 80 80 81 80 82 80 81 80 81 80 82 83 88 88 86 88 89 85 79 82 80 81 81 84
-999 -999 -999 -999 -999 -999 -999 -999 -999 -999 -999 -999 -999 -999 109 109 109 109 108 106 107 103 102 101 90 75 74 80 75 75 76 73 70 74 84 87 74 84 84 86 92 90 80 77 75 80 79 67 63 67 69 69 73 74 74 74 70 69 62 66 66 69 71 66 66 72 75 72 73 75 77 77 81 79 81 81 82 83 86 81 82 87 87 85 85 92 87 90 86 85 75 78 -999 -999 -999 85
-999 -999 -999 -999 -999 -999 -999 -999 -999 -999 -999 -999 -999 -999 109 109 109 109 104 102 104 103 98 97 92 82 74 85 84 80 79 80 77 77 85 87 76 79 87 84 91 85 87 75 64 74 83 77 68 68 64 68 68 68 74 77 76 65 59 65 63 68 74 67 67 73 74 73 74 75 79 78 81 79 81 78 79 81 89 88 87 86 85 89 87 90 88 86 88 86 76 76 -999 -999 -999 85
-999 -999 -999 -999 -999 -999 -999 -999 -999 -999 -999 -999 -999 -999 109 109 109 105 105 105 106 102 103 98 91 81 78 87 83 80 78 87 80 77 79 89 84 73 82 91 88 75 71 69 65 72 73 68 64 65 66 62 68 70 73 72 70 74 63 67 64 66 79 68 71 75 71 74 76 76 78 78 81 85 83 78 80 84 82 84 86 87 88 88 89 90 86 88 -999 -999 -999 -999 -999 -999 -999 85
-999 -999 -999 -999 -999 -999 -999 -999 -999 -999 -999 -999 -999 -999 109 110 109 108 105 104 103 106 104 96 86 91 85 90 79 85 86 90 80 82 83 89 79 75 81 88 89 85 86 80 70 67 65 67 69 71 59 65 68 69 71 66 67 71 71 71 67 68 75 72 73 73 72 72 75 78 77 78 79 83 85 82 80 81 82 83 84 85 87 88 91 -999 -999 -999 -999 -999 -999 -999 -999 -999 -999 85
-999 -999 -999 -999 -999 -999 -999 -999 -999 -999 -999 -999 -999 -999 109 110 104 109 106 108 106 103 102 100 91 91 85 88 80 78 86 90 81 86 84 92 78 73 78 89 87 79 79 70 70 70 64 69 74 73 61 61 66 67 68 71 72 72 70 76 76 74 82 73 73 77 72 73 75 77 78 79 79 83 86 83 81 82 79 83 85 88 87 94 -999 -999 -999 -999 -999 -999 -999 -999 -999 -999 -999 -999
-999 -999 -999 -999 -999 -999 -999 -999 -999 -999 -999 -999 -999 -999 -999 108 103 103 108 107 101 100 98 99 99 91 91 92 76 84 86 91 86 91 93 89 81 74 83 93 79 78 73 74 79 75 65 72 71 74 67 66 67 68 67 68 69 68 71 82 75 76 80 82 75 75 74 75 75 76 78 79 80 82 86 83 81 84 82 84 85 91 93 90 -999 -999 -999 -999 -999 -999 -999 -999 -999 -999 -999 -999
-999 -999 -999 -999 -999 -999 -999 -999 -999 -999 -999 -999 -999 -999 -999 107 103 103 104 104 102 102 97 102 97 98 98 87 80 81 87 93 90 92 91 80 77 69 85 94 81 80 82 83 71 70 64 72 75 70 69 66 68 71 65 66 70 68 72 80 71 74 77 80 77 76 79 74 77 77 79 80 81 79 85 80 83 84 83 87 86 94 89 -999 -999 -999 -999 -999 -999 -999 -999 -999 -999 -999 -999 -999
-999 -999 -999 -999 -999 -999 -999 -999 -999 -999 -999 -999 -999 -999 109 104 104 104 101 98 104 102 102 100 101 97 95 82 83 79 87 90 90 95 80 77 80 82 84 89 91 81 78 72 68 69 71 71 79 71 70 68 69 72 68 71 74 78 75 79 71 73 74 78 89 75 78 77 79 80 80 81 82 80 85 82 83 89 84 86 87 92 92 -999 -999 -999 -999 -999 -999 -999 -999 -999 -999 -999 -999 -999
