Climate/data/grids_germany_multi_annual_precipitation_1981-2010_11.asc
NCOLS 654
NROWS 866
XLLCORNER 3280414.711633467
YLLCORNER 5237500.62890625
CELLSIZE 1000
NODATA_VALUE -999
[rows 600 to 649 of 866, columns 0 to 95 of 654]
-999 -999 -999 -999 -999 -999 -999 -999 -999 -999 -999 -999 -999 -999 -999 -999 -999 -999 -999 -999 -999 -999 -999 -999 -999 -999 -999 -999 -999 -999 -999 -999 -999 64 76 81 80 78 78 72 76 75 65 69 64 78 81 88 82 83 90 90 90 78 85 83 89 94 96 94 96 97 99 103 102 99 105 108 103 101 105 109 110 105 106 101 102 111 116 116 110 105 102 104 101 97 93 91 92 93 90 89 79 78 87 87
-999 -999 -999 -999 -999 -999 -999 -999 -999 -999 -999 -999 -999 -999 -999 -999 -999 -999 -999 -999 -999 -999 -999 -999 -999 -999 -999 -999 -999 -999 -999 -999 -999 67 78 82 82 82 78 74 76 78 72 66 67 81 87 79 90 91 89 86 85 88 81 89 93 97 97 95 93 96 100 101 100 105 106 102 105 98 102 109 104 105 103 101 112 111 112 113 108 104 101 103 99 97 93 94 92 94 92 87 79 90 90 86
-999 -999 -999 -999 -999 -999 -999 -999 -999 -999 -999 -999 -999 -999 -999 -999 -999 -999 -999 -999 -999 -999 -999 -999 -999 -999 -999 -999 -999 -999 -999 -999 67 73 77 79 82 84 77 77 71 76 75 67 73 68 75 80 91 92 93 89 86 87 88 96 96 95 99 94 95 99 103 107 109 98 104 106 112 104 101 105 103 106 105 111 113 114 107 109 108 103 102 102 103 100 94 98 93 92 91 83 92 93 90 90
-999 -999 -999 -999 -999 -999 -999 -999 -999 -999 -999 -999 -999 -999 -999 -999 -999 -999 -999 -999 -999 -999 -999 -999 -999 -999 -999 -999 -999 -999 68 69 68 73 78 82 85 78 78 75 77 74 68 68 67 70 80 87 91 84 92 92 84 85 89 95 98 96 95 98 102 103 107 114 115 102 102 111 114 109 100 102 104 108 104 113 112 107 107 108 105 104 103 100 103 101 95 104 93 96 90 85 94 90 83 86
-999 -999 -999 -999 -999 -999 -999 -999 -999 -999 -999 -999 -999 -999 -999 -999 -999 -999 -999 -999 -999 -999 -999 -999 -999 -999 -999 -999 -999 70 64 69 76 77 79 82 84 78 85 81 69 67 67 67 73 74 82 86 80 91 91 91 85 86 89 96 97 94 99 102 103 108 115 124 110 103 110 116 110 107 99 101 100 104 106 108 108 106 105 108 109 106 112 106 102 100 96 93 90 90 88 86 85 93 90 89
-999 -999 -999 -999 -999 -999 -999 -999 -999 -999 -999 -999 -999 -999 -999 -999 -999 -999 -999 -999 -999 -999 -999 -999 -999 -999 -999 -999 -999 70 70 72 72 77 78 83 83 84 81 78 75 71 79 64 74 79 81 84 88 93 93 85 88 92 95 100 100 98 104 111 110 119 123 117 111 108 115 115 109 107 102 109 100 104 105 101 102 105 104 112 110 112 113 111 104 102 100 94 95 101 99 94 93 93 86 91
-999 -999 -999 -999 -999 -999 -999 -999 -999 -999 -999 -999 -999 -999 -999 -999 -999 -999 -999 -999 -999 -999 -999 -999 -999 -999 -999 -999 69 67 69 70 74 78 81 81 83 83 79 71 70 72 76 65 75 71 79 86 87 92 90 83 90 89 97 102 104 108 109 117 125 124 116 116 113 109 107 109 110 107 101 111 104 102 103 105 107 111 109 106 109 112 112 112 111 108 111 98 99 102 103 97 96 97 92 91
-999 -999 -999 -999 -999 -999 -999 -999 -999 -999 -999 -999 -999 -999 -999 -999 -999 -999 -999 -999 -999 -999 -999 -999 -999 -999 -999 -999 64 66 69 74 76 78 80 82 82 84 74 74 68 79 80 70 69 77 83 85 89 94 85 84 90 95 99 104 114 117 116 125 123 118 113 118 110 106 108 110 111 106 107 109 106 104 104 107 115 116 110 108 107 111 113 113 112 107 113 103 99 102 103 99 104 95 91 91
-999 -999 -999 -999 -999 -999 -999 -999 -999 -999 -999 -999 -999 -999 -999 -999 -999 -999 -999 -999 -999 -999 -999 -999 -999 -999 -999 -999 64 67 70 73 74 75 77 81 82 85 79 75 74 80 83 71 75 72 70 89 94 94 86 92 94 93 100 112 113 116 118 118 118 113 109 109 108 106 107 105 110 104 108 108 102 102 107 111 117 111 109 109 113 106 108 119 109 108 102 101 99 105 104 104 103 101 99 93
-999 -999 -999 -999 -999 -999 -999 -999 -999 -999 -999 -999 -999 -999 -999 -999 -999 -999 -999 -999 -999 -999 -999 -999 -999 -999 -999 -999 68 68 67 72 74 74 78 81 84 82 79 74 79 83 79 86 79 74 78 91 91 94 87 89 90 96 106 107 111 114 116 117 111 115 113 109 103 104 103 103 106 103 106 113 103 114 118 115 118 114 109 109 106 108 115 109 115 114 102 99 98 103 103 97 100 103 103 97
-999 -999 -999 -999 -999 -999 -999 -999 -999 -999 -999 -999 -999 -999 -999 -999 -999 -999 -999 -999 -999 -999 -999 -999 -999 -999 -999 -999 70 67 67 72 74 77 79 82 85 79 75 73 79 90 89 87 80 81 71 92 94 95 88 92 98 101 106 104 107 107 108 107 112 116 110 108 102 101 101 99 101 103 114 108 106 107 116 109 109 113 109 106 107 107 109 106 107 106 102 99 98 98 97 95 98 96 106 103
-999 -999 -999 -999 -999 -999 -999 -999 -999 -999 -999 -999 -999 -999 -999 -999 -999 -999 -999 -999 -999 -999 -999 -999 -999 -999 -999 -999 69 67 67 70 72 75 80 84 84 81 79 77 80 87 89 89 90 76 82 89 96 96 95 93 99 99 100 110 99 101 103 103 105 107 106 103 99 99 97 96 96 106 105 102 107 110 106 105 104 108 105 105 101 104 105 101 100 103 102 97 94 97 101 99 96 98 106 97
-999 -999 -999 -999 -999 -999 -999 -999 -999 -999 -999 -999 -999 -999 -999 -999 -999 -999 -999 -999 -999 -999 -999 -999 -999 -999 -999 -999 65 65 68 71 74 76 84 87 83 83 83 80 83 86 89 91 90 90 70 80 93 91 94 91 92 92 93 95 96 97 97 100 99 101 101 101 96 95 95 94 97 99 99 102 100 102 100 106 106 107 103 102 99 101 105 104 98 97 103 94 97 97 100 100 100 98 93 90
-999 -999 -999 -999 -999 -999 -999 -999 -999 -999 -999 -999 -999 -999 -999 -999 -999 -999 -999 -999 -999 -999 -999 -999 -999 -999 -999 -999 65 65 69 73 73 78 85 87 83 83 83 83 83 86 87 87 86 77 70 90 91 87 92 93 90 87 90 92 91 94 95 95 97 96 97 99 96 93 94 92 92 93 95 98 100 100 96 109 107 102 100 103 104 107 102 97 99 94 97 90 90 93 95 100 94 93 93 91
-999 -999 -999 -999 -999 -999 -999 -999 -999 -999 -999 -999 -999 -999 -999 -999 -999 -999 -999 -999 -999 -999 -999 -999 -999 -999 -999 -999 65 65 68 73 76 81 85 85 83 83 84 84 86 85 85 86 85 71 76 76 81 89 94 89 85 86 87 89 91 92 92 92 92 92 92 96 96 91 89 92 92 98 100 105 104 102 93 97 98 98 96 101 98 98 96 95 92 90 89 94 94 95 94 96 101 90 88 93
-999 -999 -999 -999 -999 -999 -999 -999 -999 -999 -999 -999 -999 -999 -999 -999 -999 -999 -999 -999 -999 -999 -999 -999 -999 -999 -999 -999 66 66 70 73 78 82 82 84 84 87 85 86 86 83 70 80 77 71 78 81 86 87 85 84 82 88 88 88 88 89 88 88 88 89 89 93 88 88 94 91 96 96 104 100 103 101 96 92 93 96 96 96 91 92 93 91 90 89 87 88 88 91 86 93 96 87 86 88
-999 -999 -999 -999 -999 -999 -999 -999 -999 -999 -999 -999 -999 -999 -999 -999 -999 -999 -999 -999 -999 -999 -999 -999 -999 -999 -999 -999 66 67 71 74 79 84 83 84 85 86 88 85 83 83 79 79 69 71 75 79 84 84 92 85 84 81 86 88 95 90 87 87 87 87 89 88 88 86 95 92 92 98 92 96 96 102 95 93 93 96 95 91 91 90 89 90 91 88 85 87 91 89 93 88 92 93 85 90
-999 -999 -999 -999 -999 -999 -999 -999 -999 -999 -999 -999 -999 -999 -999 -999 -999 -999 -999 -999 -999 -999 -999 -999 -999 -999 -999 -999 66 66 71 78 80 85 85 85 87 87 86 83 84 78 77 75 73 78 78 80 78 83 81 86 84 81 83 86 95 90 90 92 96 90 86 85 85 92 89 88 96 89 91 97 95 91 93 94 93 97 92 96 91 89 89 86 88 89 85 90 87 89 90 87 87 89 87 94
-999 -999 -999 -999 -999 -999 -999 -999 -999 -999 -999 -999 -999 -999 -999 -999 -999 -999 -999 -999 -999 -999 -999 -999 -999 -999 -999 -999 69 68 71 78 85 88 86 89 88 88 88 81 81 77 73 84 76 72 73 77 84 82 79 83 80 81 82 87 92 92 91 88 94 86 86 88 94 87 84 90 84 86 85 92 94 91 88 97 101 104 94 92 92 92 87 87 87 85 86 86 86 93 95 86 86 85 91 94
-999 -999 -999 -999 -999 -999 -999 -999 -999 -999 -999 -999 -999 -999 -999 -999 -999 -999 -999 -999 -999 -999 -999 -999 -999 -999 -999 -999 70 68 78 81 82 87 88 88 88 89 91 80 81 78 76 79 74 73 73 75 78 79 80 80 82 86 81 87 91 89 93 93 89 88 87 87 85 87 88 83 85 88 90 92 88 87 86 91 99 92 93 92 88 94 89 90 86 87 86 86 89 98 91 93 91 84 89 92
-999 -999 -999 -999 -999 -999 -999 -999 -999 -999 -999 -999 -999 -999 -999 -999 -999 -999 -999 -999 -999 -999 -999 -999 -999 -999 -999 -999 -999 -999 74 -999 -999 -999 -999 89 88 89 81 81 79 77 73 81 75 74 74 76 79 81 86 78 86 87 88 90 85 83 93 94 86 86 88 83 81 94 87 82 84 86 89 85 82 80 86 86 91 92 90 90 89 92 88 88 90 88 88 85 90 93 91 88 89 86 85 91
-999 -999 -999 -999 -999 -999 -999 -999 -999 -999 -999 -999 -999 -999 -999 -999 -999 -999 -999 -999 -999 -999 -999 -999 -999 -999 -999 -999 -999 -999 -999 -999 -999 -999 -999 -999 88 87 87 79 80 77 82 86 79 76 74 76 83 83 81 84 93 92 81 87 90 81 81 86 88 90 87 83 85 84 80 80 85 77 73 76 77 81 85 88 92 93 86 90 97 89 89 87 88 84 88 90 96 92 90 82 90 92 91 89
-999 -999 -999 -999 -999 -999 -999 -999 -999 -999 -999 -999 -999 -999 -999 -999 -999 -999 -999 -999 -999 -999 -999 -999 -999 -999 -999 -999 -999 -999 -999 -999 -999 -999 -999 -999 -999 85 85 86 88 87 87 88 84 78 76 74 78 80 90 86 90 94 86 81 79 80 85 86 92 92 89 85 86 84 79 77 71 62 68 70 80 85 88 87 91 93 90 96 97 92 88 86 85 85 84 86 94 89 85 89 84 87 91 86
-999 -999 -999 -999 -999 -999 -999 -999 -999 -999 -999 -999 -999 -999 -999 -999 -999 -999 -999 -999 -999 -999 -999 -999 -999 -999 -999 -999 -999 -999 -999 -999 -999 -999 -999 -999 -999 83 84 83 87 85 86 87 84 78 79 77 83 79 80 86 90 87 85 77 80 81 88 86 90 88 88 87 89 87 81 70 71 70 66 75 85 82 89 92 87 86 95 99 97 93 89 88 83 91 89 85 88 91 83 83 89 91 88 87
-999 -999 -999 -999 -999 -999 -999 -999 -999 -999 -999 -999 -999 -999 -999 -999 -999 -999 -999 -999 -999 -999 -999 -999 -999 -999 -999 -999 -999 -999 -999 -999 -999 -999 -999 -999 -999 82 82 83 83 85 85 83 83 78 79 75 79 89 90 90 92 84 76 77 77 78 83 89 87 90 91 87 89 89 83 75 71 70 74 78 85 87 85 85 84 90 98 96 96 97 88 84 86 83 84 86 89 86 83 82 89 85 86 89
-999 -999 -999 -999 -999 -999 -999 -999 -999 -999 -999 -999 -999 -999 -999 -999 -999 -999 -999 -999 -999 -999 -999 -999 -999 -999 -999 -999 -999 -999 -999 -999 -999 -999 -999 -999 -999 81 82 80 82 83 83 84 83 85 79 74 78 85 82 90 90 84 75 78 79 76 85 90 89 93 94 89 90 87 79 74 71 71 75 81 78 83 86 87 89 91 99 95 98 97 89 87 87 85 86 85 86 82 81 78 84 85 92 92
-999 -999 -999 -999 -999 -999 -999 -999 -999 -999 -999 -999 -999 -999 -999 -999 -999 -999 -999 -999 -999 -999 -999 -999 -999 -999 -999 -999 -999 -999 -999 -999 -999 -999 -999 -999 -999 -999 81 79 80 81 82 83 83 84 84 85 73 77 79 87 83 76 76 77 76 81 89 89 92 91 97 87 88 81 78 73 78 74 76 74 82 84 82 83 93 95 96 91 93 96 90 92 91 84 85 83 83 84 83 77 85 85 91 91
-999 -999 -999 -999 -999 -999 -999 -999 -999 -999 -999 -999 -999 -999 -999 -999 -999 -999 -999 -999 -999 -999 -999 -999 -999 -999 -999 -999 -999 -999 -999 -999 -999 -999 -999 -999 -999 -999 79 78 78 81 80 81 83 83 85 86 76 73 87 87 79 73 76 76 79 85 90 86 86 87 87 82 82 84 83 79 77 82 82 81 83 88 92 83 90 92 92 89 89 91 93 88 82 82 83 88 91 85 79 84 85 91 91 91
-999 -999 -999 -999 -999 -999 -999 -999 -999 -999 -999 -999 -999 -999 -999 -999 -999 -999 -999 -999 -999 -999 -999 -999 -999 -999 -999 -999 -999 -999 -999 -999 -999 -999 -999 -999 -999 -999 -999 78 78 79 78 79 80 82 82 84 83 76 72 78 73 76 77 78 78 79 81 81 81 78 79 87 93 97 90 80 80 80 84 81 89 88 91 88 85 87 91 91 87 89 94 92 90 83 81 90 91 85 81 82 92 97 89 87
-999 -999 -999 -999 -999 -999 -999 -999 -999 -999 -999 -999 -999 -999 -999 -999 -999 -999 -999 -999 -999 -999 -999 -999 -999 -999 -999 -999 -999 -999 -999 -999 -999 -999 -999 -999 -999 -999 -999 -999 78 78 79 78 80 81 81 83 83 74 72 71 71 71 75 76 77 77 78 76 75 80 83 90 89 89 85 83 81 81 86 83 86 90 92 89 84 86 87 86 92 92 91 92 90 90 83 84 90 80 89 88 92 91 86 84
-999 -999 -999 -999 -999 -999 -999 -999 -999 -999 -999 -999 -999 -999 -999 -999 -999 -999 -999 -999 -999 -999 -999 -999 -999 -999 -999 -999 -999 -999 -999 -999 -999 -999 -999 -999 -999 -999 -999 -999 76 76 76 78 79 79 80 71 75 77 71 69 70 71 72 74 74 72 73 75 79 80 82 82 83 84 84 80 83 85 86 85 84 89 91 86 86 87 89 87 90 92 90 88 88 90 81 83 85 80 84 91 88 81 83 83
-999 -999 -999 -999 -999 -999 -999 -999 -999 -999 -999 -999 -999 -999 -999 -999 -999 -999 -999 -999 -999 -999 -999 -999 -999 -999 -999 -999 -999 -999 -999 -999 -999 -999 -999 -999 -999 -999 -999 -999 -999 77 77 78 79 75 72 75 71 71 72 68 67 69 71 71 69 70 73 76 77 77 80 80 78 79 78 81 79 80 82 88 87 89 89 88 87 87 88 85 89 87 86 87 86 87 82 81 82 84 90 87 82 81 80 79
-999 -999 -999 -999 -999 -999 -999 -999 -999 -999 -999 -999 -999 -999 -999 -999 -999 -999 -999 -999 -999 -999 -999 -999 -999 -999 -999 -999 -999 -999 -999 -999 -999 -999 -999 -999 -999 -999 -999 -999 -999 -999 75 75 75 76 79 78 77 72 72 69 67 67 67 67 69 71 73 74 76 77 78 77 79 81 82 84 80 79 84 86 88 87 90 90 91 88 92 93 92 88 88 83 87 87 82 86 89 84 86 83 80 81 79 80
-999 -999 -999 -999 -999 -999 -999 -999 -999 -999 -999 -999 -999 -999 -999 -999 -999 -999 -999 -999 -999 -999 -999 -999 -999 -999 -999 -999 -999 -999 -999 -999 -999 -999 -999 -999 -999 -999 -999 -999 -999 -999 -999 74 72 75 82 83 77 72 77 79 67 66 65 67 69 70 73 74 74 75 76 79 79 79 77 80 80 78 82 82 85 88 90 95 92 91 92 93 93 89 86 86 82 84 81 82 81 80 80 85 83 81 78 79
-999 -999 -999 -999 -999 -999 -999 -999 -999 -999 -999 -999 -999 -999 -999 -999 -999 -999 -999 -999 -999 -999 -999 -999 -999 -999 -999 -999 -999 -999 -999 -999 -999 -999 -999 -999 -999 -999 -999 -999 -999 -999 -999 -999 79 74 83 81 82 79 73 72 75 69 63 66 69 71 71 74 76 76 77 76 76 78 77 76 77 77 77 82 84 86 94 99 96 96 90 94 94 88 89 88 85 84 84 85 86 85 80 79 80 81 78 78
-999 -999 -999 -999 -999 -999 -999 -999 -999 -999 -999 -999 -999 -999 -999 -999 -999 -999 -999 -999 -999 -999 -999 -999 -999 -999 -999 -999 -999 -999 -999 -999 -999 -999 -999 -999 -999 -999 -999 -999 -999 -999 -999 -999 -999 73 77 80 80 80 81 71 68 66 65 67 67 69 71 71 73 75 76 78 79 77 77 75 75 76 78 82 84 88 98 97 93 92 91 92 93 94 87 86 84 84 87 86 84 83 81 79 78 79 78 78
-999 -999 -999 -999 -999 -999 -999 -999 -999 -999 -999 -999 -999 -999 -999 -999 -999 -999 -999 -999 -999 -999 -999 -999 -999 -999 -999 -999 -999 -999 -999 -999 -999 -999 -999 -999 -999 -999 -999 -999 -999 -999 -999 -999 -999 -999 75 79 81 84 78 69 68 68 66 68 67 67 70 72 71 71 75 78 77 79 78 76 75 79 78 85 91 91 91 99 95 96 91 91 94 91 91 87 86 89 91 87 85 85 83 80 80 77 77 78
-999 -999 -999 -999 -999 -999 -999 -999 -999 -999 -999 -999 -999 -999 -999 -999 -999 -999 -999 -999 -999 -999 -999 -999 -999 -999 -999 -999 -999 -999 -999 -999 -999 -999 -999 -999 -999 -999 -999 -999 -999 -999 -999 -999 -999 -999 -999 74 78 79 80 70 70 68 66 67 67 67 68 70 71 72 73 74 77 75 74 72 77 75 77 85 83 88 90 91 96 98 94 90 87 92 91 93 91 87 89 91 87 84 85 81 78 78 77 76
-999 -999 -999 -999 -999 -999 -999 -999 -999 -999 -999 -999 -999 -999 -999 -999 -999 -999 -999 -999 -999 -999 -999 -999 -999 -999 -999 -999 -999 -999 -999 -999 -999 -999 -999 -999 -999 -999 -999 -999 -999 -999 -999 -999 -999 -999 -999 -999 74 74 77 79 71 68 69 67 67 67 69 70 70 71 73 72 74 76 70 75 81 80 82 87 87 86 91 91 85 91 92 89 87 89 88 87 87 87 93 90 90 88 87 82 78 76 79 77
-999 -999 -999 -999 -999 -999 -999 -999 -999 -999 -999 -999 -999 -999 -999 -999 -999 -999 -999 -999 -999 -999 -999 -999 -999 -999 -999 -999 -999 -999 -999 -999 -999 -999 -999 -999 -999 -999 -999 -999 -999 -999 -999 -999 -999 -999 -999 -999 77 75 78 79 69 68 68 71 70 68 69 69 71 72 68 73 74 71 73 77 84 82 79 85 85 86 87 82 87 84 85 88 93 90 88 88 88 88 89 88 86 85 82 79 79 82 79 77
-999 -999 -999 -999 -999 -999 -999 -999 -999 -999 -999 -999 -999 -999 -999 -999 -999 -999 -999 -999 -999 -999 -999 -999 -999 -999 -999 -999 -999 -999 -999 -999 -999 -999 -999 -999 -999 -999 -999 -999 -999 -999 -999 -999 -999 -999 -999 -999 -999 77 79 80 71 70 69 71 73 68 68 67 69 69 71 73 75 68 71 75 81 81 76 87 83 85 83 83 87 82 88 88 88 87 87 84 83 84 88 89 86 86 83 80 84 83 81 84
-999 -999 -999 -999 -999 -999 -999 -999 -999 -999 -999 -999 -999 -999 -999 -999 -999 -999 -999 -999 -999 -999 -999 -999 -999 -999 -999 -999 -999 -999 -999 -999 -999 -999 -999 -999 -999 -999 -999 -999 -999 -999 -999 -999 -999 -999 -999 -999 -999 -999 76 74 69 68 70 71 73 72 67 67 69 74 73 73 69 65 73 76 76 82 76 83 78 83 82 88 84 85 90 88 85 86 83 86 85 85 86 88 85 85 83 79 85 81 81 83
-999 -999 -999 -999 -999 -999 -999 -999 -999 -999 -999 -999 -999 -999 -999 -999 -999 -999 -999 -999 -999 -999 -999 -999 -999 -999 -999 -999 -999 -999 -999 -999 -999 -999 -999 -999 -999 -999 -999 -999 -999 -999 -999 -999 -999 -999 -999 -999 -999 -999 76 77 77 68 68 70 74 73 73 69 67 67 66 71 66 64 76 72 76 79 74 81 77 77 86 79 83 85 88 89 86 83 84 83 85 92 86 85 83 86 83 80 77 85 76 77
-999 -999 -999 -999 -999 -999 -999 -999 -999 -999 -999 -999 -999 -999 -999 -999 -999 -999 -999 -999 -999 -999 -999 -999 -999 -999 -999 -999 -999 -999 -999 -999 -999 -999 -999 -999 -999 -999 -999 -999 -999 -999 -999 -999 -999 -999 -999 -999 -999 -999 69 76 76 67 67 69 71 75 73 68 70 69 65 66 65 68 68 69 72 75 76 78 74 80 78 85 87 89 88 90 83 88 90 89 85 84 84 83 84 80 82 81 79 83 75 74
-999 -999 -999 -999 -999 -999 -999 -999 -999 -999 -999 -999 -999 -999 -999 -999 -999 -999 -999 -999 -999 -999 -999 -999 -999 -999 -999 -999 -999 -999 -999 -999 -999 -999 -999 -999 -999 -999 -999 -999 -999 -999 -999 -999 -999 -999 -999 -999 -999 -999 -999 -999 67 67 68 70 70 69 74 69 73 72 66 66 65 67 67 67 70 72 72 75 75 80 79 86 86 87 93 83 90 87 91 83 93 90 85 81 81 78 80 78 76 75 74 83
-999 -999 -999 -999 -999 -999 -999 -999 -999 -999 -999 -999 -999 -999 -999 -999 -999 -999 -999 -999 -999 -999 -999 -999 -999 -999 -999 -999 -999 -999 -999 -999 -999 -999 -999 -999 -999 -999 -999 -999 -999 -999 -999 -999 -999 -999 -999 -999 -999 -999 -999 -999 69 69 71 72 72 71 72 71 76 74 69 71 71 69 69 71 74 71 71 71 71 75 78 80 88 97 89 98 89 91 87 92 83 81 88 88 78 78 83 84 82 74 79 81
-999 -999 -999 -999 -999 -999 -999 -999 -999 -999 -999 -999 -999 -999 -999 -999 -999 -999 -999 -999 -999 -999 -999 -999 -999 -999 -999 -999 -999 -999 -999 -999 -999 -999 -999 -999 -999 -999 -999 -999 -999 -999 -999 -999 -999 -999 -999 -999 -999 -999 -999 71 70 71 74 72 74 74 74 76 70 73 77 78 72 70 70 72 76 71 71 76 70 70 76 80 86 98 97 98 91 92 82 89 88 89 79 86 82 79 80 76 73 74 81 78
-999 -999 -999 -999 -999 -999 -999 -999 -999 -999 -999 -999 -999 -999 -999 -999 -999 -999 -999 -999 -999 -999 -999 -999 -999 -999 -999 -999 -999 -999 -999 -999 -999 -999 -999 -999 -999 -999 -999 -999 -999 -999 -999 -999 -999 -999 -999 -999 -999 -999 -999 73 73 75 73 73 72 74 74 73 72 78 74 76 76 72 70 -999 -999 75 73 74 75 73 76 76 82 85 94 88 89 81 85 83 86 87 88 88 87 84 85 82 74 78 81 84
-999 -999 -999 -999 -999 -999 -999 -999 -999 -999 -999 -999 -999 -999 -999 -999 -999 -999 -999 -999 -999 -999 -999 -999 -999 -999 -999 -999 -999 -999 -999 -999 -999 -999 -999 -999 -999 -999 -999 -999 -999 -999 -999 -999 -999 -999 -999 -999 -999 -999 -999 -999 -999 -999 74 74 75 75 72 77 77 73 72 -999 -999 75 -999 -999 -999 -999 72 75 76 80 76 75 78 89 86 86 83 85 78 83 81 84 87 87 87 84 81 76 74 78 77 83
-999 -999 -999 -999 -999 -999 -999 -999 -999 -999 -999 -999 -999 -999 -999 -999 -999 -999 -999 -999 -999 -999 -999 -999 -999 -999 -999 -999 -999 -999 -999 -999 -999 -999 -999 -999 -999 -999 -999 -999 -999 -999 -999 -999 -999 -999 -999 -999 -999 -999 -999 -999 -999 -999 76 74 73 72 74 79 79 74 72 -999 -999 -999 -999 -999 -999 -999 -999 -999 76 79 78 76 77 84 84 88 87 85 82 80 84 84 85 86 85 84 79 75 80 83 80 83
