Climate/data/grids_germany_multi_annual_precipitation_1981-2010_13.asc
NCOLS 654
NROWS 866
XLLCORNER 3280414.711633467
YLLCORNER 5237500.62890625
CELLSIZE 1000
NODATA_VALUE -999
[rows 697 to 737 of 866, columns 376 to 469 of 654]
193 185 188 184 190 188 183 177 180 175 170 167 167 165 161 160 160 162 161 159 159 160 161 160 159 159 160 159 156 160 158 158 158 161 163 163 163 164 167 166 163 163 162 167 168 172 182 185 186 182 181 181 174 179 183 187 184 189 178 192 193 196 191 187 191 184 186 193 197 195 188 190 196 192 176 177 180 180 163 161 175 175 178 171 176 163 164 168 187 191 176 193 191 185
202 198 190 193 193 189 184 179 176 175 170 163 163 163 164 161 162 162 163 162 160 161 163 162 160 160 161 159 158 159 160 161 161 163 164 164 166 167 167 167 164 168 170 173 169 177 193 186 198 188 185 178 179 189 183 187 190 188 191 184 198 192 190 196 195 186 189 199 192 194 195 183 194 185 189 184 174 173 164 186 173 175 170 177 174 172 176 176 185 187 187 185 185 179
205 204 189 189 181 187 184 177 168 168 167 166 166 166 164 163 163 163 163 164 164 164 166 164 162 162 163 161 161 162 162 163 166 166 166 168 172 172 170 179 172 173 180 179 179 180 186 195 198 194 184 177 185 187 190 177 191 190 188 197 196 195 199 203 194 189 194 197 194 197 201 192 181 183 181 171 170 171 168 185 174 181 175 182 180 171 166 184 182 181 186 191 187 190
200 199 187 174 174 175 175 168 168 169 168 166 166 166 166 165 163 163 165 165 165 165 164 163 162 162 164 164 162 162 163 167 167 167 169 171 171 171 175 177 181 182 179 181 192 198 198 192 189 186 180 179 195 195 182 178 178 183 190 187 198 198 203 204 201 189 197 191 203 201 192 190 188 178 175 180 175 182 168 183 188 181 187 181 171 174 177 184 188 183 180 178 186 177
177 180 187 181 182 174 173 170 169 171 169 168 167 168 168 166 163 165 166 165 165 165 165 164 163 164 165 166 162 166 166 167 168 171 171 171 171 171 176 177 182 186 185 195 195 199 189 186 183 188 178 191 183 199 187 188 180 185 185 195 202 193 195 208 200 191 192 197 199 191 189 187 180 186 193 183 181 180 170 181 184 188 187 180 189 181 177 187 188 190 182 178 174 172
185 195 192 184 178 178 174 173 172 171 170 169 169 170 170 169 169 170 167 166 165 164 164 164 166 165 166 166 168 167 167 168 170 172 177 178 177 178 183 179 181 181 185 187 187 198 191 191 198 191 180 196 193 191 191 186 183 194 195 194 198 198 192 193 186 186 195 203 198 191 195 186 176 179 188 180 190 180 177 167 183 186 182 193 189 182 174 192 193 189 178 173 187 178
182 192 180 178 176 172 174 173 173 173 173 173 174 174 172 171 172 171 170 167 167 167 169 169 167 166 167 168 169 168 169 172 172 174 177 180 183 183 183 180 190 188 187 194 196 210 201 205 193 191 182 183 182 179 178 179 185 190 185 196 189 188 199 200 188 190 191 195 191 192 195 186 173 183 189 187 186 187 178 171 176 185 186 181 183 178 189 189 197 195 184 189 191 188
191 184 184 175 175 173 174 174 174 175 173 174 174 174 173 174 174 175 172 170 169 170 169 168 167 167 169 170 168 168 168 172 172 172 177 182 187 183 190 184 189 193 197 192 207 203 205 198 200 182 184 187 168 190 189 185 189 188 196 201 190 201 197 197 182 187 198 198 192 187 180 176 191 187 176 189 183 179 178 170 183 184 189 186 182 186 190 187 196 190 196 193 191 189
190 177 177 173 173 174 172 172 173 173 174 175 175 176 175 177 176 174 172 171 171 169 169 169 170 168 168 173 169 171 171 172 173 174 179 186 188 185 185 187 193 193 191 202 207 203 205 195 187 181 188 199 194 188 183 189 194 199 205 206 201 201 195 186 191 189 192 197 191 182 174 188 191 196 196 190 188 181 176 175 181 181 189 190 187 181 183 180 194 189 186 189 190 192
184 180 180 172 172 172 172 172 172 173 175 176 178 178 177 177 176 173 172 170 170 169 169 168 169 169 169 171 173 173 172 171 177 180 183 185 184 185 189 189 194 197 203 197 212 211 196 200 202 184 185 185 184 185 191 190 201 202 195 197 198 191 188 186 184 192 201 194 182 179 183 185 188 191 190 187 180 180 183 182 191 182 189 180 177 170 185 182 183 181 188 177 191 184
181 179 174 172 169 170 170 172 173 173 176 180 181 181 177 176 174 172 174 169 170 169 168 168 168 171 172 174 174 175 174 178 182 185 188 181 179 186 188 197 192 200 200 206 207 212 213 205 197 184 189 189 185 198 196 188 204 197 199 195 197 191 191 189 201 198 193 193 197 181 184 192 188 187 187 187 189 186 186 187 188 187 180 177 192 181 174 182 178 185 188 170 171 168
175 174 174 169 169 170 171 172 172 172 177 179 181 180 175 174 176 173 173 177 173 178 171 173 172 171 171 173 174 178 181 184 187 187 192 182 180 184 195 194 206 189 203 207 212 212 209 195 194 206 190 190 192 196 194 205 203 199 193 191 189 194 195 200 202 198 190 195 191 191 194 194 193 193 189 190 186 185 187 185 183 186 192 185 182 178 181 167 168 168 169 171 169 169
181 175 174 169 169 168 169 171 171 173 175 179 179 178 175 175 175 174 179 182 177 177 177 182 184 172 171 173 177 184 182 185 187 192 181 180 186 191 192 190 209 201 204 216 209 206 198 198 192 203 190 197 199 200 204 203 204 194 196 201 199 195 194 199 201 193 199 195 202 195 191 193 183 184 195 191 177 179 188 181 183 180 183 177 174 175 167 167 167 169 172 173 171 172
179 174 171 168 169 169 169 170 171 173 175 177 177 178 175 174 175 171 191 184 186 184 191 182 180 173 173 181 183 187 185 179 200 193 179 178 185 190 208 201 197 197 215 213 211 208 204 201 189 200 200 192 205 202 201 206 201 197 199 202 198 201 205 199 201 201 200 194 199 192 188 197 187 185 196 184 186 174 185 188 172 175 171 167 165 165 166 166 168 171 175 178 178 176
175 174 171 166 167 166 169 172 174 176 177 175 174 175 177 177 174 185 202 198 190 181 194 181 175 176 182 184 185 192 200 193 196 179 179 185 185 187 193 211 206 209 220 207 201 198 196 199 191 198 196 200 203 212 209 208 202 191 202 206 206 194 196 196 199 203 202 198 192 198 190 183 191 181 191 196 197 187 188 185 175 165 164 165 164 165 164 166 169 171 177 181 183 182
174 174 172 168 165 169 171 173 178 182 176 174 178 179 177 177 185 195 195 188 183 197 184 176 177 180 180 187 194 199 206 210 198 181 181 196 201 190 190 204 200 211 216 211 213 209 210 199 190 199 196 203 199 212 208 204 201 195 209 202 206 202 193 195 197 190 197 198 191 193 199 190 185 188 198 194 182 185 174 171 167 165 165 166 165 165 165 169 170 170 192 192 190 207
174 176 173 166 169 169 170 175 180 175 177 179 187 194 190 185 197 197 190 189 197 177 176 177 185 187 194 200 195 205 200 199 198 184 184 181 194 203 208 209 205 222 224 220 221 215 203 198 196 201 204 195 201 205 210 202 206 205 205 200 195 195 202 193 191 185 191 195 195 200 206 203 199 184 188 197 190 178 173 172 167 166 168 166 166 167 168 179 180 196 202 204 187 204
177 176 176 171 171 174 178 177 177 174 177 177 185 190 190 192 191 189 182 179 177 175 177 180 194 192 203 207 206 204 208 202 186 185 194 191 181 192 210 218 222 229 229 224 211 211 210 199 194 209 207 206 208 212 201 208 205 200 204 201 197 188 190 186 188 195 191 184 182 195 192 195 197 192 177 186 179 177 176 175 175 169 169 171 167 172 192 183 196 194 196 194 179 202
181 178 175 173 174 176 182 180 175 177 176 179 183 195 192 192 191 185 186 175 170 173 181 195 194 208 208 211 205 202 200 194 186 186 198 201 189 186 214 214 216 222 227 222 221 207 209 193 192 207 197 200 207 205 208 210 201 196 191 188 197 189 187 189 178 185 183 187 179 182 190 202 197 191 183 179 179 179 178 173 175 171 170 171 190 187 192 186 191 191 196 182 174 194
181 181 178 175 177 179 180 178 179 178 177 181 189 193 181 181 181 176 174 172 174 175 189 198 197 201 208 220 207 214 210 200 187 201 199 208 197 188 195 212 213 229 235 219 214 208 197 200 200 196 203 199 202 209 211 201 206 198 197 191 181 180 177 175 175 183 183 186 199 179 184 190 202 186 180 181 180 179 178 176 176 175 187 203 193 178 199 191 184 200 186 175 181 183
180 181 182 179 179 186 191 186 186 187 180 187 191 193 183 179 175 174 172 170 181 184 190 197 207 205 211 220 212 203 196 192 195 204 196 209 197 196 210 221 220 214 232 221 222 208 213 204 209 197 196 209 197 206 209 203 204 193 201 194 186 185 187 184 190 181 188 183 195 190 192 180 191 185 182 178 178 183 181 178 179 183 209 195 188 202 200 189 184 197 192 178 188 180
187 186 188 185 182 184 189 193 195 189 187 183 187 179 180 175 173 178 174 172 182 188 180 201 212 213 224 221 223 215 201 197 206 210 219 208 195 205 223 229 229 223 230 214 207 204 213 215 213 203 203 208 211 206 204 203 204 208 205 203 193 194 184 186 184 195 193 185 192 183 192 197 181 182 180 182 180 181 181 180 212 193 208 196 204 207 203 188 202 200 198 182 185 193
192 196 194 190 194 189 190 185 183 186 180 178 178 180 182 178 178 189 185 184 191 186 186 196 214 217 207 220 211 203 199 212 207 222 211 202 195 214 205 225 227 224 218 209 207 206 204 204 209 209 204 202 201 191 199 203 203 204 204 210 201 198 188 185 190 195 190 201 201 202 202 185 185 184 186 185 185 183 179 179 198 199 211 205 206 209 206 197 194 199 204 197 195 196
202 205 204 198 196 193 191 186 181 178 176 176 182 187 188 185 184 192 201 200 176 199 194 202 212 218 220 215 217 202 209 221 231 227 210 196 201 193 206 202 215 206 204 207 211 206 210 201 199 211 206 206 205 195 193 188 199 195 202 200 208 204 188 189 177 175 197 188 206 174 179 183 182 184 185 185 185 182 211 205 193 190 202 212 209 200 206 201 212 213 204 193 200 194
202 199 198 193 196 197 194 187 181 179 179 179 184 200 191 193 193 194 196 187 199 202 203 221 223 232 224 232 212 210 205 212 224 224 215 205 192 203 192 203 207 208 208 206 208 204 205 216 211 204 197 199 206 199 199 195 192 199 191 209 203 206 188 191 192 179 172 181 195 176 180 183 184 184 184 185 186 217 209 214 212 199 209 207 207 214 206 204 211 210 205 195 192 194
197 198 198 191 192 189 185 182 182 181 178 186 192 186 193 196 192 192 200 195 186 194 206 202 208 229 222 210 225 204 211 232 235 211 214 212 194 201 201 204 200 203 193 203 207 212 205 207 203 206 196 197 198 202 193 186 197 188 188 201 193 202 194 179 185 190 179 171 170 174 179 181 186 187 187 211 196 219 208 217 210 209 213 216 213 211 212 206 209 210 204 200 194 200
197 196 192 193 188 187 185 183 185 183 185 188 199 184 192 205 202 201 201 193 189 198 203 201 216 205 221 221 213 203 215 213 217 226 212 209 195 200 200 192 186 193 198 202 193 209 213 209 198 193 198 193 196 198 184 190 178 185 197 189 196 191 183 185 183 163 164 167 169 172 178 181 183 206 209 215 214 209 209 214 209 213 211 205 215 204 208 214 202 207 203 199 196 199
197 197 193 191 186 188 191 188 193 193 190 190 193 186 196 206 210 214 211 199 199 201 196 201 201 199 201 208 213 206 223 219 224 232 217 219 207 189 196 187 192 192 200 206 208 214 216 200 206 196 194 192 185 182 187 186 190 190 181 187 186 192 179 170 161 161 164 168 169 172 179 189 198 209 216 214 203 203 202 214 213 217 209 212 209 209 204 204 204 202 198 196 193 189
200 205 203 192 186 192 192 198 197 204 198 196 185 188 191 197 207 216 216 208 199 189 194 202 200 202 208 222 220 214 232 232 223 229 228 211 202 198 201 195 202 194 201 210 211 205 210 210 203 205 196 197 194 192 198 193 196 196 198 176 183 184 174 161 161 157 160 166 168 187 182 205 199 196 212 214 220 204 214 211 213 211 213 200 202 200 204 204 198 192 192 200 201 198
205 201 195 192 191 192 201 199 202 205 195 191 183 197 202 220 218 215 215 200 196 200 205 196 193 203 213 215 218 214 213 226 229 231 224 223 215 214 203 198 191 199 208 201 208 204 207 203 200 210 207 207 198 194 194 192 192 196 192 182 174 171 170 166 166 160 164 169 172 188 188 196 202 199 214 216 212 203 210 218 218 210 205 206 205 199 201 196 193 198 201 199 199 196
200 198 196 192 198 201 201 206 203 196 195 186 191 193 200 209 216 215 199 214 209 216 195 197 196 208 218 221 217 209 227 221 236 235 222 220 214 209 207 207 205 203 202 201 201 193 210 204 206 206 202 199 201 196 194 188 188 181 183 180 174 170 171 169 171 168 168 171 191 190 195 196 207 213 209 219 216 214 217 210 212 210 204 197 199 195 199 196 206 203 200 195 192 192
203 200 199 197 199 202 205 200 200 197 191 188 189 200 204 212 213 205 208 221 227 209 212 211 215 223 218 219 211 212 221 221 233 229 221 218 214 208 211 201 208 192 199 208 206 195 210 201 196 211 203 200 196 196 200 202 189 183 180 176 176 176 174 174 174 174 171 195 193 193 207 211 215 218 212 217 213 215 210 213 210 206 199 199 202 206 206 202 202 200 202 195 195 187
202 200 204 205 212 217 216 216 206 202 192 193 204 206 216 199 211 216 225 223 224 220 210 214 206 199 220 217 211 216 224 228 235 237 229 226 210 206 217 203 206 195 206 205 195 198 204 201 198 199 207 198 201 194 203 194 184 179 178 178 177 178 178 175 174 175 176 204 198 206 219 215 215 216 211 209 212 212 209 207 203 210 204 205 209 205 202 197 201 200 191 193 189 188
213 210 211 215 221 233 215 206 206 207 192 207 211 214 203 215 221 221 215 219 221 219 226 224 227 211 223 222 211 215 228 231 232 230 226 221 214 200 216 205 207 202 203 199 190 187 187 198 195 200 198 191 193 184 182 182 182 182 181 181 179 181 181 181 180 179 186 195 211 212 214 216 209 209 207 204 203 201 206 206 210 206 206 212 209 202 206 201 201 195 193 185 185 195
219 212 218 217 229 231 220 219 220 199 198 209 214 221 215 215 225 222 223 222 216 216 225 220 228 216 229 223 215 222 226 238 230 233 226 214 206 206 196 194 193 191 187 188 187 188 186 184 184 183 184 187 187 184 184 185 186 186 188 186 187 185 181 184 184 183 192 199 196 212 210 211 208 209 215 205 208 216 211 217 216 216 213 213 202 200 209 203 201 193 190 186 196 198
215 222 218 213 229 225 217 216 216 211 210 219 223 226 217 211 226 226 220 221 219 219 216 228 216 229 225 215 220 234 234 226 233 217 218 216 201 198 193 193 191 188 188 187 199 192 188 185 184 182 183 188 205 208 191 201 193 192 193 190 188 188 185 184 184 195 206 209 204 210 218 213 211 215 215 213 218 216 211 211 216 204 205 206 210 203 198 200 200 195 191 188 204 207
220 229 233 228 233 230 220 224 208 207 203 212 225 219 224 223 213 217 214 218 217 216 220 210 221 215 214 227 227 232 231 223 225 223 216 201 200 198 196 205 202 195 214 197 210 210 203 206 205 200 199 208 201 195 195 196 192 191 190 190 189 188 188 187 188 205 209 212 216 214 216 220 212 220 223 223 213 207 209 211 203 203 208 205 212 209 200 206 202 200 193 198 206 209
222 228 225 243 232 225 220 218 212 207 214 225 222 226 223 219 213 209 208 212 206 214 221 215 214 218 228 228 221 215 216 214 209 209 207 203 201 215 216 213 214 217 210 214 205 210 208 203 198 208 205 203 191 198 209 191 191 191 194 195 193 190 190 187 198 202 205 218 212 221 225 227 219 220 224 223 219 215 215 209 210 212 208 205 209 212 204 202 199 199 201 202 209 203
224 224 218 222 225 228 218 222 205 217 215 214 227 220 228 216 211 205 211 214 216 227 224 219 220 226 221 217 215 217 219 222 216 226 215 201 202 222 219 207 206 209 213 207 204 199 203 196 206 196 200 191 202 205 192 192 190 193 195 196 195 195 192 190 198 208 199 215 221 225 218 221 220 221 225 222 222 223 221 218 217 213 203 210 209 207 206 200 198 199 210 215 204 201
226 226 214 220 221 221 220 206 214 211 213 225 227 216 217 212 216 216 214 213 217 212 222 222 223 216 211 211 227 227 231 223 218 215 209 202 201 225 218 216 214 204 202 205 198 194 195 194 189 189 193 192 191 189 191 194 194 193 195 196 196 195 193 193 193 209 214 221 228 225 228 230 227 225 221 222 220 213 218 214 214 219 215 205 205 205 200 197 199 211 216 206 208 208
233 221 212 213 226 215 211 209 217 216 220 223 216 222 216 218 216 212 216 216 226 217 218 217 214 210 208 225 226 228 225 225 216 226 216 203 201 217 220 214 210 210 199 186 185 203 189 190 189 191 190 192 193 191 191 194 195 196 196 196 197 196 195 194 193 208 202 217 223 220 227 231 221 231 226 227 223 219 215 217 212 221 214 210 203 200 211 202 203 195 211 203 208 207
