Climate/data/grids_germany_multi_annual_air_temp_mean_1981-2010_10.asc
NCOLS 654
NROWS 866
XLLCORNER 3280414.711633467
YLLCORNER 5237500.62890625
CELLSIZE 1000
NODATA_VALUE -999
[rows 408 to 458 of 866, columns 480 to 575 of 654]
98 97 97 97 97 97 97 97 96 96 97 96 96 96 97 96 96 97 97 96 97 97 97 98 98 97 97 98 98 98 98 99 99 99 99 97 97 98 98 98 98 98 98 98 98 97 97 97 97 97 97 97 97 97 97 97 97 97 97 97 97 97 98 97 98 97 98 97 97 97 96 96 96 96 95 96 97 97 97 96 96 96 96 96 96 96 95 95 94 94 92 94 93 92 93 94
98 98 97 97 97 97 97 97 97 97 96 96 96 96 96 96 97 96 96 96 96 95 96 97 97 97 98 98 98 98 98 98 98 98 98 97 97 97 97 97 98 98 98 98 98 98 98 97 97 97 97 97 97 97 97 97 97 97 97 97 97 97 98 98 98 98 98 98 98 97 97 96 97 96 96 96 96 96 96 96 96 96 95 95 94 95 95 95 94 92 93 92 93 93 91 94
98 98 98 97 97 97 97 97 97 96 95 96 96 96 95 96 96 95 93 93 93 95 96 97 97 97 97 97 98 98 98 98 98 98 97 95 97 97 97 98 98 98 98 98 98 98 98 97 97 97 98 97 97 97 98 97 97 97 98 97 98 98 98 98 98 98 99 97 97 97 98 97 97 97 98 96 96 96 97 96 96 96 96 95 93 94 95 95 94 91 92 91 92 93 94 94
98 98 98 97 97 97 97 97 96 96 95 96 96 96 96 95 95 95 95 95 96 96 96 96 97 97 97 97 98 97 97 97 97 97 96 96 97 97 98 97 97 97 98 98 98 98 97 97 97 97 97 97 96 97 98 98 98 97 97 97 97 98 98 99 99 99 99 98 98 98 98 98 97 97 97 97 97 97 97 97 97 96 96 95 96 95 94 94 94 93 93 92 88 93 92 92
97 98 98 98 97 97 97 96 96 96 96 95 96 96 96 95 95 95 95 94 95 96 96 97 97 97 96 98 98 96 97 97 97 98 97 97 97 98 98 97 97 97 97 98 98 98 98 97 97 97 97 96 96 97 97 97 98 97 97 97 97 97 98 99 99 98 98 98 98 98 98 98 97 97 97 97 97 97 97 96 97 96 96 95 95 95 95 94 94 93 94 93 92 92 91 92
97 98 98 97 97 97 97 96 96 96 96 96 96 96 95 95 95 95 94 94 95 95 96 97 97 97 97 98 98 97 98 98 98 97 97 97 97 97 97 97 97 97 97 97 97 98 98 97 97 97 96 96 96 96 97 97 98 98 97 97 97 96 98 98 98 98 98 98 98 98 98 98 97 97 97 97 97 96 95 96 96 95 96 94 94 93 94 94 94 93 94 92 92 90 89 87
98 98 98 98 97 97 96 96 96 96 96 96 96 96 96 96 95 95 96 94 95 96 97 97 97 97 98 97 98 97 97 98 98 98 98 97 97 96 96 97 97 96 96 96 97 96 99 97 96 96 96 95 95 96 97 97 98 97 97 97 97 97 97 97 98 98 98 98 98 98 99 98 97 98 98 98 97 95 97 96 96 96 96 95 94 92 93 92 92 92 93 93 93 92 90 89
96 96 98 97 96 96 95 95 95 95 95 95 96 95 96 95 96 96 96 94 95 96 96 97 97 97 98 97 97 96 97 98 98 98 98 98 98 98 96 96 96 97 97 96 96 96 98 98 95 96 94 95 94 96 96 96 97 97 97 97 97 97 97 97 98 97 97 98 99 99 99 99 98 98 98 98 98 96 98 98 97 97 96 95 94 90 90 93 92 91 92 93 93 93 91 88
96 96 97 96 96 95 95 94 95 95 94 95 95 95 95 95 96 96 95 95 95 95 96 97 97 97 97 96 96 97 97 98 98 97 98 97 97 97 96 96 96 97 96 96 96 97 97 98 95 97 94 95 95 96 96 97 97 97 97 97 97 98 97 97 97 97 97 98 99 99 99 99 99 98 98 97 97 97 98 97 97 96 95 95 93 93 92 92 93 92 92 91 90 92 90 89
98 98 97 95 94 94 94 94 94 94 95 95 94 95 95 94 94 96 96 97 96 97 97 97 97 97 96 96 95 96 97 97 98 97 97 96 96 97 97 96 96 96 96 96 96 97 96 97 97 96 95 97 96 96 96 97 97 96 97 97 97 97 97 97 97 97 97 98 97 99 99 99 99 98 98 97 97 98 98 97 97 97 96 95 95 94 91 91 92 92 92 89 89 90 92 87
96 98 96 96 97 96 95 94 95 94 94 95 94 94 94 94 94 94 94 96 96 97 96 97 96 96 96 96 96 96 97 97 97 97 96 96 95 96 96 96 96 96 96 96 96 95 96 98 97 95 96 97 97 97 96 97 97 96 96 97 96 97 97 97 97 97 98 98 98 99 99 98 98 98 99 98 98 98 98 98 97 97 97 95 94 94 92 92 92 92 87 89 89 89 90 90
98 95 95 95 95 95 95 95 94 94 94 94 94 94 94 95 94 94 95 95 96 95 95 96 96 95 95 95 96 96 97 97 96 96 96 96 95 95 95 95 96 97 95 95 95 95 96 96 97 97 98 98 98 96 96 97 96 96 97 97 96 96 97 97 97 97 97 98 98 99 98 99 99 99 99 98 99 99 97 98 97 97 96 95 94 91 90 91 91 92 90 90 90 88 89 90
98 96 96 95 96 95 96 95 95 94 94 94 94 95 94 95 94 94 95 94 95 94 94 96 95 95 96 96 96 96 97 97 95 95 95 95 95 96 96 96 96 96 94 96 96 96 95 97 96 96 96 96 97 96 96 97 96 97 96 97 96 96 96 97 97 97 98 98 99 99 98 99 99 98 98 98 99 99 99 97 97 97 97 95 94 92 92 90 90 91 92 91 90 90 90 90
97 98 96 96 96 96 96 95 95 95 95 96 95 95 95 95 93 94 94 94 95 94 95 94 95 94 95 95 96 97 96 95 95 95 95 95 94 95 96 96 96 96 97 96 97 96 97 97 95 98 96 96 97 97 96 97 98 98 99 96 96 97 96 97 96 97 98 98 98 98 99 99 99 99 98 98 99 99 98 97 96 96 96 94 94 93 93 91 90 90 91 91 91 91 90 89
96 96 98 96 97 96 96 96 95 96 95 95 95 96 95 94 94 94 94 94 94 93 93 94 94 95 95 96 96 96 96 97 95 95 95 94 94 94 96 95 96 97 97 95 95 95 94 95 94 95 98 98 97 97 97 98 98 98 99 98 95 96 96 96 98 97 98 98 98 99 99 99 99 98 98 98 98 99 98 98 97 95 95 96 94 93 93 93 91 90 91 91 91 91 90 90
96 96 97 98 97 97 96 95 95 96 96 96 96 95 94 94 94 94 94 93 93 93 94 93 92 95 95 95 95 95 95 94 95 94 95 94 93 95 96 94 95 96 97 96 95 95 93 94 94 95 95 96 99 99 99 99 99 98 99 98 97 96 97 98 98 97 98 99 99 99 99 98 97 98 98 98 98 99 98 98 96 95 95 95 94 94 93 93 93 92 92 91 92 91 90 89
96 97 97 97 97 96 95 95 95 96 97 97 97 97 95 96 94 94 93 93 92 93 93 93 94 93 95 95 95 95 95 95 94 94 94 93 93 94 94 96 95 95 96 95 96 94 94 94 94 95 96 97 99 99 97 98 99 99 98 99 98 96 97 97 97 98 97 98 99 98 99 99 98 98 98 98 98 98 98 97 96 96 96 95 94 94 93 93 93 93 91 91 91 91 90 90
95 96 97 97 97 97 96 95 95 96 97 97 96 97 95 94 94 93 94 94 94 94 93 93 93 94 95 95 95 95 96 95 94 95 94 94 95 95 95 96 95 95 95 95 95 93 93 94 93 94 95 96 97 96 98 97 99 99 100 99 99 97 96 97 97 97 97 98 98 98 98 100 98 97 98 98 98 98 97 97 96 95 95 94 95 94 93 93 93 93 92 91 90 90 91 90
95 95 95 96 97 97 97 96 97 97 97 96 95 94 95 97 95 94 93 95 96 93 93 93 94 94 94 95 95 94 94 95 94 93 94 94 93 94 96 96 95 96 95 95 96 95 92 93 93 92 93 96 95 95 96 99 98 99 99 99 99 98 97 97 97 97 98 98 98 98 98 99 98 98 99 99 98 97 97 97 95 95 95 95 95 95 93 93 93 93 93 92 91 91 91 91
95 95 96 96 97 96 97 97 97 96 95 94 94 95 94 95 95 97 97 96 95 94 94 93 93 93 94 94 95 94 94 95 94 94 93 93 94 95 93 95 94 96 95 95 94 94 94 93 93 92 94 97 94 93 94 94 98 99 100 100 99 99 96 97 98 97 96 97 97 97 98 98 97 97 99 98 97 97 96 96 95 96 95 95 95 94 93 93 93 93 92 92 91 91 91 92
95 95 95 96 97 97 95 96 96 94 95 95 95 93 95 94 93 93 94 94 97 95 96 94 94 94 95 96 94 94 94 94 94 94 93 92 93 94 95 95 95 95 95 95 95 95 94 94 94 94 96 94 94 94 93 94 94 98 99 100 99 99 97 97 97 98 98 96 98 98 97 97 97 97 98 99 97 97 96 95 95 96 95 95 95 95 94 94 93 92 92 92 92 92 92 92
95 95 94 95 95 97 94 94 94 94 92 93 94 93 94 93 93 93 93 93 95 95 96 95 96 96 96 94 96 95 95 94 94 93 92 92 93 94 94 94 94 95 94 94 95 94 94 94 94 94 94 95 93 93 93 93 94 95 97 100 100 99 99 100 100 99 100 101 100 100 99 99 99 98 97 99 99 96 97 96 96 96 95 95 94 94 94 94 94 93 92 92 92 91 91 90
95 95 95 95 95 96 95 95 95 94 93 92 92 92 93 92 92 92 92 92 93 94 96 96 96 95 96 96 95 95 95 93 93 92 92 93 93 93 93 94 94 94 93 93 92 94 94 93 95 94 95 95 94 93 93 93 94 94 97 97 100 100 99 99 99 100 100 100 100 101 101 100 99 99 99 97 96 97 96 96 95 95 95 94 94 94 95 94 94 94 93 92 92 91 91 93
94 94 95 96 96 95 95 94 94 94 92 93 92 92 91 92 92 91 91 91 94 96 96 94 95 94 94 95 93 94 93 93 92 92 93 93 93 94 93 94 94 93 93 92 92 92 93 93 95 94 94 94 94 93 92 93 93 94 95 95 94 97 100 100 100 100 100 101 100 100 101 101 100 100 98 96 96 96 96 95 95 95 94 94 94 93 93 94 94 93 92 92 91 92 91 90
94 95 95 95 95 95 97 96 95 93 93 92 93 92 91 91 90 91 92 93 93 93 96 93 93 93 92 92 95 94 93 92 93 92 92 92 93 92 93 94 94 92 91 92 91 91 91 92 95 93 93 93 93 93 92 92 93 94 93 95 93 96 96 99 99 99 101 100 100 100 100 101 101 100 100 97 97 96 96 95 95 95 95 95 95 94 93 93 93 93 92 92 91 92 93 92
94 94 95 95 95 95 95 93 94 94 94 93 94 93 92 91 91 92 92 92 93 95 92 92 93 93 92 93 93 96 94 92 92 92 91 91 92 92 93 94 93 93 93 92 91 92 92 92 96 93 92 92 93 92 92 92 93 92 92 92 93 93 93 95 97 99 100 99 100 100 100 101 101 101 101 100 100 97 96 95 95 94 94 93 94 93 92 92 92 93 92 92 92 92 93 91
94 94 95 95 95 95 96 94 94 94 94 93 92 91 91 91 91 92 92 92 92 96 92 92 94 93 93 93 92 92 94 93 91 90 93 92 92 93 93 92 93 92 92 93 92 92 92 92 93 94 92 90 90 93 91 91 92 93 92 92 92 93 93 94 94 96 99 99 100 100 100 100 101 101 101 101 101 99 97 94 93 92 93 93 91 91 92 94 93 93 93 93 93 93 93 92
94 95 95 95 95 97 96 93 92 92 92 94 92 92 92 92 91 92 92 93 93 95 93 94 92 93 93 92 92 94 94 95 94 93 95 95 94 92 95 95 93 93 92 92 92 92 94 93 93 93 93 92 91 92 91 90 91 92 91 92 91 91 92 92 93 97 96 98 99 100 100 100 100 101 101 101 101 101 96 95 94 94 94 91 91 93 93 93 93 94 94 93 94 93 93 90
93 94 94 94 95 95 94 93 93 92 91 93 93 93 92 92 92 92 93 93 93 95 93 92 92 92 92 92 92 92 94 93 95 91 92 93 93 93 94 94 94 94 93 92 93 93 94 93 93 94 92 91 91 92 92 91 91 92 92 91 91 90 91 92 93 93 96 97 98 99 100 100 100 100 101 101 101 101 99 97 96 94 94 92 91 91 92 93 93 94 93 93 92 92 91 90
92 94 95 95 96 96 95 93 92 92 93 92 92 92 92 91 91 92 92 93 93 92 93 92 92 92 92 92 91 92 95 92 92 91 90 92 93 93 94 92 92 95 92 92 92 92 92 92 91 93 92 90 91 92 91 91 92 92 92 91 90 91 92 91 91 92 95 95 96 98 99 100 100 100 100 101 101 100 100 100 97 95 93 91 90 89 92 92 91 92 93 91 92 92 89 88
93 93 94 95 96 96 95 95 94 94 93 93 93 92 91 91 92 92 92 93 93 92 91 92 91 91 91 92 92 93 92 92 91 90 90 92 91 91 93 91 91 94 92 92 91 91 91 91 92 92 92 90 91 91 91 91 90 91 92 91 90 90 91 90 92 91 94 94 98 97 96 97 98 100 100 100 100 100 100 100 100 96 94 92 91 93 91 93 92 94 95 91 90 88 88 90
93 94 95 95 94 96 96 95 94 93 94 93 93 92 91 91 92 91 92 92 93 92 92 92 91 90 92 92 93 92 94 91 91 90 89 90 91 90 93 90 89 90 94 91 91 91 91 91 90 91 92 92 92 90 89 89 89 90 91 90 89 90 93 94 95 94 92 96 94 94 96 97 98 99 100 100 100 100 100 100 100 100 99 97 96 96 96 95 94 94 95 93 90 89 86 87
92 93 93 93 94 95 94 93 94 93 93 93 93 92 92 91 91 91 91 92 94 92 91 91 92 90 91 91 91 92 92 92 90 90 90 90 90 90 91 90 90 89 90 94 92 90 90 89 90 90 91 90 92 91 91 89 88 89 89 91 90 90 92 92 93 95 95 94 91 93 94 95 96 97 97 99 100 100 99 100 100 100 99 99 98 97 96 96 95 94 93 92 91 90 89 87
92 93 91 94 95 96 96 95 93 93 93 93 92 91 92 92 91 91 94 93 93 93 91 91 91 90 90 91 90 91 92 92 90 89 90 89 89 89 89 90 89 89 90 91 92 90 90 89 89 88 89 90 91 91 88 87 87 89 88 91 92 90 91 90 92 95 96 90 92 90 92 94 95 96 97 98 99 99 99 99 100 99 99 99 99 99 97 95 94 95 94 93 92 92 89 89
92 92 92 89 96 96 94 93 93 92 92 91 91 91 91 90 90 92 93 92 92 91 91 91 90 90 90 91 90 90 90 93 92 90 89 89 90 90 90 89 89 89 91 92 89 92 91 90 90 89 88 89 88 89 88 85 85 87 89 89 92 88 87 89 92 95 93 94 93 92 90 91 92 94 96 95 97 97 99 98 98 98 98 98 98 98 96 96 93 93 93 92 92 91 91 91
92 92 93 92 95 96 94 94 93 93 93 93 92 93 91 92 90 90 92 94 94 92 91 91 90 90 89 90 90 90 91 90 92 91 90 90 90 90 89 89 88 89 88 89 89 90 89 88 88 88 87 87 87 88 89 87 87 86 87 89 89 89 89 90 94 93 87 89 89 91 89 91 89 90 92 95 93 95 95 95 98 98 98 98 97 97 95 95 93 92 92 91 92 90 90 93
92 93 92 93 96 95 93 92 92 92 92 94 94 94 92 92 91 90 90 94 92 92 92 91 90 90 90 89 90 90 91 90 91 91 92 90 90 90 89 88 88 89 91 89 89 90 91 89 88 88 87 87 87 88 88 87 88 87 88 87 88 88 89 92 93 88 88 87 87 89 90 89 89 91 94 91 92 93 94 94 95 94 98 97 97 97 97 97 95 92 91 91 92 96 94 93
93 93 94 94 96 94 95 93 92 92 92 93 93 93 93 92 91 90 91 91 92 93 90 89 90 90 89 89 90 89 90 89 90 90 90 90 90 90 88 89 88 89 91 89 88 89 88 89 88 88 88 87 87 88 86 86 88 88 85 87 87 88 88 90 88 89 89 89 87 85 86 89 89 92 93 94 91 92 93 94 94 96 94 94 95 95 97 96 94 94 93 91 93 91 88 93
92 91 92 94 95 97 94 92 92 92 92 92 92 92 92 92 92 91 91 91 93 91 90 89 90 89 89 90 90 90 89 90 90 89 89 91 89 89 88 88 88 88 90 89 87 87 87 87 89 87 88 85 87 87 85 85 86 86 85 85 86 88 87 85 87 89 88 87 87 85 85 87 89 90 93 92 90 89 90 91 93 94 94 94 94 94 95 95 92 92 92 96 91 92 92 91
92 91 92 93 94 94 95 94 93 93 93 93 93 91 92 92 92 91 91 91 92 91 90 90 89 89 89 90 90 90 90 88 88 88 90 90 89 88 88 87 88 88 90 89 90 88 87 86 87 87 87 87 86 85 86 84 85 86 85 86 85 85 85 85 87 87 89 86 88 86 84 88 89 90 91 89 88 87 89 90 91 92 93 93 93 94 94 95 90 90 90 92 89 89 92 96
93 92 92 93 94 93 94 92 91 92 92 92 92 91 91 91 91 92 92 90 92 91 90 89 88 88 89 89 90 89 89 89 88 89 90 88 88 88 88 87 88 88 88 87 89 88 87 86 86 87 86 87 86 86 84 84 85 85 85 85 86 85 84 85 86 86 89 87 87 88 85 83 84 85 88 91 88 85 88 90 90 89 90 92 93 94 93 92 94 90 89 89 88 88 90 86
93 93 94 94 94 92 93 94 92 91 91 91 91 91 91 91 91 91 91 90 91 92 89 88 89 89 89 89 90 87 88 88 87 88 88 88 87 88 88 87 87 86 88 86 87 86 88 87 86 88 87 86 85 85 83 83 83 84 84 83 85 85 84 85 86 84 87 86 85 84 86 85 84 83 86 89 85 85 89 91 89 88 89 91 91 92 92 91 92 94 89 88 87 87 88 88
93 94 94 94 95 93 92 95 94 91 92 91 91 91 91 90 91 91 91 92 93 94 90 91 89 90 89 89 89 87 88 88 87 87 86 90 88 87 87 86 85 87 86 86 86 85 86 87 85 87 87 88 85 83 84 84 82 83 84 85 86 85 85 84 84 83 85 85 83 84 85 85 85 86 85 85 85 87 89 90 87 89 89 89 89 89 90 90 91 91 91 87 86 86 87 91
93 93 93 93 94 93 93 92 93 94 94 93 92 91 91 91 90 91 92 92 91 93 92 91 90 91 89 89 88 88 87 87 87 85 87 86 88 87 86 85 85 85 85 85 86 86 85 87 86 85 85 85 85 84 84 83 83 82 85 82 82 84 84 83 83 84 85 85 84 84 85 83 84 87 88 86 85 88 91 85 85 89 87 88 88 89 88 89 88 87 90 88 84 84 87 88
93 92 93 96 94 92 92 92 92 93 93 93 92 90 90 90 91 91 90 91 91 92 92 93 91 91 90 89 89 88 87 85 85 85 86 86 88 87 87 86 85 84 85 84 86 85 85 87 86 85 84 85 84 83 84 83 83 82 84 82 81 83 84 84 83 84 84 85 84 83 83 82 83 84 85 86 85 86 84 85 84 88 85 85 87 86 86 87 87 87 90 87 87 84 90 86
93 94 95 93 92 93 92 92 92 91 92 91 92 91 91 91 90 90 90 90 91 92 93 93 93 91 90 89 87 88 86 85 84 85 86 86 86 86 86 85 86 85 84 84 85 85 85 86 85 85 83 85 84 84 84 83 82 81 81 84 81 81 83 83 83 83 82 84 82 81 82 81 83 85 84 85 86 89 82 82 84 84 83 86 88 86 83 84 86 89 87 87 85 83 87 85
93 93 93 93 93 92 92 91 90 92 91 91 92 92 90 90 90 90 90 91 92 94 94 93 91 90 88 87 86 86 87 85 84 84 85 87 86 85 87 86 84 84 83 83 83 84 85 85 87 83 82 84 84 83 82 81 81 81 80 82 82 81 81 81 81 83 82 82 84 80 81 80 81 84 83 83 83 85 83 81 82 81 83 81 85 85 84 86 86 85 86 85 83 84 85 81
93 92 92 91 92 91 91 92 91 91 91 92 92 93 93 93 91 91 92 92 93 95 93 92 91 91 90 88 86 84 85 83 83 85 86 84 85 84 86 85 85 83 83 83 83 84 83 84 84 83 82 83 83 82 79 81 80 81 80 79 81 79 79 80 79 82 81 80 81 79 78 80 78 79 80 81 81 82 85 79 81 82 81 82 83 84 81 83 81 83 84 85 83 84 84 82
93 92 92 91 90 91 92 92 90 91 91 91 92 94 92 91 91 91 92 93 92 93 93 91 90 90 90 88 86 83 84 83 83 83 84 83 83 84 85 83 85 83 83 83 83 83 83 84 85 84 82 81 82 81 80 80 79 79 79 78 79 81 77 77 81 78 80 82 78 76 77 77 76 77 77 77 79 83 85 79 82 80 79 81 81 79 80 84 80 79 82 82 82 81 82 83
91 92 90 90 91 89 92 90 90 90 91 91 92 94 92 92 91 91 92 93 92 92 92 91 90 88 89 86 86 85 83 83 85 85 83 83 83 82 84 82 84 84 83 83 82 83 81 83 85 84 81 80 81 82 81 80 80 79 79 77 77 78 76 77 80 77 77 78 80 72 74 75 77 77 77 83 85 79 82 79 80 79 78 78 80 80 78 83 81 78 80 83 81 80 80 84
91 91 91 91 91 91 90 90 90 91 92 92 93 94 94 93 93 92 91 91 93 93 94 93 91 90 89 86 85 88 86 85 86 86 84 82 82 82 83 82 84 83 82 83 80 82 81 81 85 81 81 80 81 82 81 80 80 80 78 78 77 75 76 79 75 75 74 75 77 76 72 73 74 78 80 80 77 79 77 78 76 77 79 77 77 79 77 79 78 80 78 81 80 77 79 79
