Climate/data/grids_germany_multi_annual_air_temp_mean_1981-2010_05.asc
NCOLS 654
NROWS 866
XLLCORNER 3280414.711633467
YLLCORNER 5237500.62890625
CELLSIZE 1000
NODATA_VALUE -999
[rows 574 to 614 of 866, columns 376 to 469 of 654]
125 125 125 127 129 127 127 126 127 126 128 128 129 124 125 128 127 125 121 124 121 121 123 124 120 117 121 123 123 125 124 127 125 124 122 128 128 128 125 121 121 123 124 124 124 125 125 125 125 124 125 125 125 125 125 122 120 119 113 120 124 122 120 119 121 122 125 125 125 124 123 123 125 124 126 123 124 125 122 123 124 126 128 124 124 123 122 119 118 117 112 112 108 112
128 126 126 126 127 128 125 127 127 127 127 128 128 129 123 129 122 127 126 127 124 123 120 121 120 116 118 121 121 123 125 128 126 124 124 129 128 129 125 124 121 123 124 125 125 125 125 126 126 126 125 126 124 125 124 122 124 121 120 121 120 124 125 123 123 123 123 125 125 124 124 123 124 126 124 125 123 124 123 123 123 123 123 124 124 123 122 121 118 116 116 117 110 110
133 130 128 125 126 129 128 127 126 126 126 128 127 124 127 126 121 127 128 126 126 125 119 121 119 120 120 122 124 124 124 126 125 125 124 123 128 128 127 126 123 122 124 122 124 125 125 125 126 126 126 126 124 125 125 125 121 122 119 119 117 123 124 123 125 125 126 126 126 124 124 124 123 127 128 124 124 125 123 122 123 123 123 124 124 122 122 118 117 119 118 117 112 107
127 129 126 125 126 127 130 126 126 125 127 128 130 125 125 124 126 127 127 126 126 124 123 124 119 120 120 123 122 123 124 125 126 125 124 123 127 128 127 127 126 123 124 122 123 125 126 125 122 124 127 126 125 122 124 123 121 119 117 114 118 119 124 124 122 125 127 127 126 125 125 125 124 128 126 125 124 123 122 122 121 123 123 124 123 122 122 117 117 119 118 118 114 108
126 131 130 127 127 127 128 128 126 126 127 127 129 127 128 126 129 129 129 128 126 119 125 124 123 121 120 119 123 125 126 124 125 127 124 122 126 127 128 126 127 127 126 126 126 123 125 123 121 124 126 128 127 126 125 124 123 119 112 116 118 121 121 122 121 124 122 122 124 126 129 126 126 125 124 124 125 123 123 123 123 124 124 124 122 122 122 120 121 121 120 117 111 -999
127 133 127 127 125 126 127 132 127 126 127 130 131 128 130 122 123 127 127 124 121 125 126 121 122 123 121 123 123 125 126 125 124 125 124 125 126 127 127 126 126 127 127 127 128 128 124 126 126 128 128 128 129 126 124 124 122 120 116 111 112 117 120 120 117 118 120 124 125 127 127 126 127 125 124 123 123 123 128 124 124 123 123 123 124 124 124 122 121 119 119 116 111 -999
131 134 126 127 127 129 125 129 127 126 128 126 126 126 128 128 124 123 120 117 125 125 122 118 121 125 121 127 123 127 126 124 124 125 124 124 122 126 127 127 128 127 128 129 129 128 128 127 125 127 128 128 129 127 126 125 124 124 118 112 114 113 117 116 118 120 121 123 124 125 127 129 125 124 124 123 123 125 125 126 125 122 123 124 121 121 120 120 119 117 117 112 110 112
124 135 127 130 135 127 126 125 129 132 127 129 129 128 128 127 121 121 122 122 123 126 125 120 124 122 126 124 121 126 124 121 121 122 124 125 124 126 126 125 126 128 129 129 129 128 128 128 126 125 127 129 128 127 124 123 122 122 121 115 116 115 116 115 116 116 119 123 122 122 126 129 126 126 124 124 126 126 126 125 124 123 122 123 121 119 116 119 117 114 115 111 -999 -999
127 136 131 134 130 135 132 126 126 130 126 130 132 128 130 127 125 124 124 123 125 125 117 123 123 125 124 125 120 126 123 119 117 117 122 123 125 125 127 125 128 129 129 129 130 129 130 130 127 123 125 128 128 127 127 126 126 124 121 118 117 121 119 122 124 116 118 123 125 122 124 129 128 127 124 126 127 126 126 124 124 121 119 121 121 119 114 115 115 110 -999 -999 -999 -999
131 130 137 126 125 127 128 127 126 128 128 133 126 129 128 128 126 126 128 124 122 122 119 123 120 123 124 125 123 126 121 119 117 119 116 120 122 123 125 127 127 127 129 130 131 131 131 131 131 130 126 125 127 129 127 127 125 124 123 121 120 122 122 123 125 125 121 123 123 125 126 129 129 127 129 128 127 127 127 125 122 120 120 120 119 120 114 112 107 -999 -999 -999 -999 -999
136 137 135 125 126 125 126 132 127 126 126 131 127 128 132 129 127 126 127 126 124 128 124 119 120 124 127 127 127 126 121 120 120 118 118 117 116 119 123 127 127 128 130 130 130 129 131 131 131 131 129 128 125 126 129 127 126 124 122 122 122 123 122 125 126 127 128 123 126 123 126 125 131 129 129 126 123 124 125 124 122 118 117 117 118 116 111 107 104 -999 -999 -999 -999 -999
137 131 124 121 126 124 124 128 130 126 124 133 127 127 126 128 127 128 130 125 126 123 120 123 123 123 126 126 121 123 122 120 121 124 120 120 119 121 122 127 127 127 130 130 130 127 129 131 131 131 131 130 130 130 130 130 128 125 123 124 123 124 123 124 126 127 129 124 129 125 126 127 128 128 128 127 126 125 125 124 123 122 120 116 111 114 114 111 105 -999 -999 -999 -999 -999
137 131 124 125 125 126 124 125 125 126 131 127 127 125 126 128 126 129 124 125 126 126 125 121 122 124 125 125 121 121 121 123 126 125 126 122 122 122 124 127 127 128 128 129 130 127 129 130 131 131 131 130 130 130 128 130 130 129 123 124 124 125 126 124 128 129 129 129 129 125 128 128 130 127 127 125 127 127 126 125 124 124 121 121 122 116 115 111 106 -999 -999 -999 -999 -999
135 128 127 123 126 129 126 123 125 126 127 125 125 126 125 126 126 126 128 124 125 125 124 126 125 124 127 128 125 122 121 126 122 121 122 121 122 123 124 127 128 128 130 129 130 125 128 127 128 130 131 131 132 131 128 129 130 130 121 123 125 125 126 126 125 127 129 128 129 127 126 129 129 127 128 128 128 127 126 127 126 125 123 121 116 113 114 113 109 112 -999 -999 -999 -999
137 137 135 135 133 121 126 124 125 125 123 126 125 125 123 123 125 126 127 126 127 126 125 125 124 127 128 128 125 124 124 126 124 122 120 121 122 123 124 126 127 128 128 129 130 131 131 131 128 127 129 130 131 131 128 130 130 130 129 127 128 126 128 127 126 128 129 130 130 130 129 131 128 129 130 128 127 126 127 127 127 126 124 124 123 120 117 116 112 114 114 -999 -999 -999
132 134 135 133 125 130 128 127 125 125 123 124 122 123 121 122 124 125 126 127 126 125 127 126 125 126 128 128 125 124 126 125 121 121 121 123 126 123 125 125 127 125 125 128 130 130 129 130 131 131 128 128 131 131 128 129 130 130 131 130 129 128 127 129 129 128 127 129 130 130 131 131 130 127 128 128 129 126 124 125 126 123 122 123 120 122 117 117 116 116 117 -999 -999 -999
128 129 126 134 135 132 125 125 124 124 123 122 123 123 121 123 124 125 126 128 128 128 127 126 125 127 128 129 129 127 127 127 123 122 124 125 122 123 123 125 127 128 127 126 128 130 128 130 130 130 131 131 131 131 129 130 130 131 131 130 130 130 128 127 129 128 130 131 131 130 131 131 131 126 124 127 126 127 125 125 125 125 122 120 119 119 119 121 122 118 118 -999 -999 -999
125 126 126 126 128 136 132 124 123 122 122 123 122 121 121 122 123 124 126 128 128 128 128 127 126 128 128 129 128 127 129 126 124 122 123 126 123 124 123 125 126 127 128 128 128 130 130 130 131 129 130 131 131 131 131 131 130 131 131 131 129 128 128 127 128 130 130 130 131 131 131 132 132 132 128 121 125 126 123 123 124 125 124 119 121 116 122 121 120 115 117 118 117 116
128 126 125 127 127 134 128 124 125 122 122 124 125 123 121 121 123 123 126 127 127 126 127 125 126 126 127 129 129 129 130 128 128 127 126 126 123 122 124 124 126 127 128 127 127 130 130 130 131 132 130 131 130 131 130 130 131 131 131 131 130 130 129 127 128 130 130 130 130 131 131 132 133 132 125 124 124 124 120 123 124 125 125 122 120 119 120 123 118 117 116 116 114 115
132 127 126 127 127 128 129 128 122 122 125 125 126 125 123 122 122 122 126 125 126 127 127 127 129 126 127 129 130 130 129 128 129 128 125 121 122 123 123 125 128 128 128 127 125 128 130 131 130 131 131 130 131 131 130 131 131 131 130 130 131 131 130 129 129 130 130 131 131 131 132 132 132 133 132 127 126 119 123 120 123 126 126 124 124 121 116 116 121 119 118 116 115 119
127 127 123 128 130 133 133 132 127 125 124 125 128 123 123 121 121 122 123 126 127 127 127 127 128 128 130 130 130 128 127 128 128 127 123 125 123 123 125 126 128 128 131 129 127 126 127 129 129 129 130 129 128 129 130 130 131 131 131 131 131 131 131 131 130 130 130 128 129 130 132 131 131 131 130 128 120 122 120 122 122 126 124 124 124 121 114 115 119 124 121 120 120 119
133 125 127 125 129 131 134 133 127 130 132 130 125 124 123 120 122 123 124 125 125 126 126 127 127 127 129 128 128 128 128 129 128 129 128 128 122 122 125 127 129 130 130 130 128 127 126 127 126 127 128 129 129 129 129 129 130 128 130 131 132 132 131 131 131 130 129 128 127 128 131 131 131 130 128 128 123 119 119 121 125 127 126 124 122 120 115 113 119 123 124 120 122 121
136 131 134 128 126 130 128 127 131 129 126 127 125 126 125 122 121 125 126 125 126 127 127 127 130 126 127 127 130 131 128 129 129 126 127 127 127 125 127 127 130 130 130 130 130 131 129 127 125 127 128 129 129 129 129 129 129 130 130 129 131 131 131 131 131 127 128 126 127 127 130 132 132 130 128 126 123 118 121 124 127 126 125 124 123 119 118 116 122 124 124 122 124 123
135 134 126 128 127 128 127 128 127 130 127 126 125 126 125 119 124 123 124 121 126 124 127 126 126 126 128 129 129 131 130 130 126 126 128 127 128 129 129 130 130 131 131 130 130 130 131 129 128 127 128 129 129 129 128 129 129 129 130 129 130 131 131 131 131 129 128 126 129 130 132 132 132 128 126 128 128 122 122 122 127 125 126 122 121 121 120 118 122 125 126 122 124 125
127 134 134 128 129 128 129 128 127 129 127 126 122 125 124 125 123 122 122 120 126 127 126 125 124 126 126 129 129 131 131 129 127 126 125 125 126 128 129 129 130 130 131 131 130 130 130 131 130 130 129 128 129 128 129 129 129 129 130 129 128 130 131 133 131 132 129 131 131 131 133 133 133 130 127 130 129 125 123 126 125 126 125 124 122 123 120 119 120 119 126 124 126 126
130 131 134 135 127 128 129 128 127 127 127 126 122 126 125 124 125 123 125 124 126 123 128 125 127 126 126 128 130 131 130 128 127 124 125 125 127 128 129 130 130 130 131 131 131 131 131 131 131 131 131 130 130 129 128 127 127 128 130 129 130 130 130 132 133 133 131 133 132 132 133 133 131 129 128 130 131 125 124 129 125 123 124 124 124 123 122 120 117 122 126 127 126 123
126 133 136 137 131 128 133 127 127 126 126 126 121 124 125 124 126 122 122 122 124 125 125 125 125 127 129 130 131 131 130 128 124 125 123 124 125 127 128 130 130 130 130 131 131 131 131 130 131 131 131 131 131 130 130 128 128 130 130 129 129 130 131 132 133 132 133 133 133 131 133 133 130 130 129 131 130 128 128 126 123 123 124 125 123 121 121 122 122 122 127 127 126 126
127 133 133 137 132 128 134 127 126 126 127 126 121 125 127 128 122 123 122 123 123 126 125 127 126 126 127 128 131 128 126 124 122 123 122 127 127 125 129 129 129 130 129 130 130 130 131 131 129 130 130 131 131 131 130 130 129 128 128 129 129 129 129 131 132 132 132 132 133 133 133 133 132 129 130 132 132 129 130 125 126 125 124 125 122 121 121 123 124 124 126 126 125 125
128 130 132 135 134 131 133 130 128 127 127 125 123 124 129 127 122 123 122 120 123 125 124 129 127 130 129 130 129 130 126 122 120 120 126 126 126 124 129 129 129 128 129 129 129 131 131 131 129 127 127 128 129 132 130 129 128 128 129 130 128 130 128 130 131 131 131 132 132 133 133 133 130 129 130 132 131 129 130 124 126 126 125 123 122 123 122 123 125 127 126 124 124 122
132 132 133 134 134 133 134 131 128 126 126 126 125 125 128 123 123 124 124 126 126 127 127 127 132 127 130 127 128 126 127 125 124 123 124 123 124 125 128 129 127 127 126 127 129 128 128 129 130 128 126 127 129 128 129 129 128 128 128 128 129 128 127 132 130 128 129 130 131 132 133 133 133 133 132 129 128 131 131 128 125 123 120 122 124 122 124 125 128 126 124 124 124 122
134 134 137 136 136 136 136 131 124 124 124 129 130 130 127 126 123 125 128 124 123 124 128 131 127 127 125 123 126 126 126 125 121 119 120 122 125 126 127 127 125 125 126 129 132 127 127 127 128 127 127 128 129 127 126 127 125 124 124 127 124 128 129 127 127 125 127 127 128 132 133 132 129 127 126 130 127 128 125 126 123 124 124 129 128 124 124 128 124 127 124 121 121 119
136 136 135 137 137 137 134 134 130 130 130 130 134 131 125 122 123 124 122 121 125 127 132 126 123 123 121 121 126 126 126 124 121 122 121 122 125 125 126 125 123 123 126 127 131 125 124 127 125 126 126 127 128 127 124 125 126 123 126 123 126 123 127 125 126 128 129 131 130 131 130 133 128 123 126 129 125 122 121 124 124 124 124 120 123 127 125 123 120 124 122 124 122 120
138 138 138 137 137 137 137 133 131 133 133 132 133 126 129 130 121 126 123 123 124 124 127 128 124 125 127 127 127 125 127 126 124 123 121 121 122 124 124 122 129 129 129 128 132 127 126 127 124 126 124 126 126 126 128 129 131 129 129 126 130 127 126 125 128 131 132 132 133 132 133 130 124 122 126 125 124 121 121 124 126 129 121 120 121 122 122 120 118 118 123 122 122 121
137 137 137 137 135 136 137 135 133 134 133 129 133 131 128 123 123 123 128 119 120 124 126 127 130 124 126 122 124 124 128 126 125 122 121 122 122 121 125 125 125 130 131 131 135 132 130 129 127 122 123 124 125 127 128 129 129 131 127 127 129 125 130 130 132 131 133 133 133 134 133 128 126 125 130 125 123 123 124 126 126 127 124 120 118 121 123 122 120 118 117 120 123 122
136 136 136 136 134 134 135 135 134 135 134 133 134 134 131 121 123 125 130 123 123 126 125 126 125 124 126 122 125 127 124 125 126 125 123 122 123 121 121 126 125 130 131 131 132 132 131 129 123 124 126 128 128 130 130 128 130 130 132 130 131 132 132 131 132 132 133 133 133 133 133 134 131 129 130 128 126 125 124 130 123 125 123 121 119 119 116 116 120 116 114 115 121 120
132 133 134 136 134 131 134 133 134 135 134 134 132 134 128 129 128 125 129 126 123 123 126 130 127 124 128 125 124 120 127 121 127 124 126 126 123 121 122 126 128 130 130 131 132 132 133 131 126 127 130 127 130 128 130 130 131 131 131 132 132 131 132 132 132 132 132 133 133 133 133 134 135 132 131 128 124 124 125 130 124 124 125 124 118 117 117 115 116 114 115 114 118 121
133 131 134 134 134 134 134 134 133 133 135 133 134 133 125 121 127 131 125 132 124 124 131 124 125 126 123 118 122 126 126 125 124 124 125 126 126 121 126 129 127 127 129 131 132 133 132 132 130 129 131 129 130 130 131 131 131 131 130 131 130 128 131 131 131 132 133 133 133 132 132 131 133 130 131 128 127 125 123 128 132 130 124 123 122 119 116 115 112 119 115 115 116 118
134 133 132 132 132 134 135 134 133 135 133 135 134 134 133 125 122 129 128 131 128 132 129 122 127 126 125 123 122 125 124 123 125 125 126 126 127 126 125 127 127 125 129 130 132 132 133 131 128 131 131 129 128 130 131 131 130 129 130 128 127 124 129 130 131 132 130 131 130 130 130 129 133 130 131 130 127 124 126 130 132 128 124 125 127 122 116 115 120 121 122 119 122 120
136 134 133 133 134 132 134 134 134 132 135 134 134 133 130 130 121 121 131 131 123 128 130 132 124 123 124 121 125 126 127 127 126 128 126 125 126 128 128 129 130 129 128 130 133 133 133 132 130 132 131 128 126 128 130 128 128 128 127 122 122 119 124 130 131 129 128 128 127 126 126 130 133 132 130 128 133 130 133 132 131 127 126 128 126 122 118 120 123 125 123 121 123 121
137 135 135 135 136 136 136 134 133 132 134 135 135 133 131 133 131 131 134 131 128 123 125 129 129 121 122 120 123 125 125 122 124 127 124 126 126 126 130 131 131 131 127 132 132 133 133 133 130 132 129 126 129 129 127 127 125 126 123 120 119 115 118 126 128 126 125 124 125 129 130 129 132 134 132 131 130 128 125 125 126 130 129 126 127 125 124 121 126 124 125 127 125 123
136 136 134 134 133 135 135 135 135 136 136 135 135 135 134 135 135 135 133 133 133 133 133 133 126 129 121 122 125 125 122 124 124 124 123 126 127 128 130 130 129 131 132 129 133 133 133 133 131 133 130 128 130 127 125 124 125 127 125 121 119 120 121 124 123 127 123 122 124 125 128 130 130 134 134 130 127 125 125 124 124 125 126 127 120 121 124 124 128 124 125 124 120 122
