Climate/data/grids_germany_multi_annual_precipitation_1981-2010_04.asc
NCOLS 654
NROWS 866
XLLCORNER 3280414.711633467
YLLCORNER 5237500.62890625
CELLSIZE 1000
NODATA_VALUE -999
[rows 477 to 529 of 866, columns 384 to 479 of 654]
49 50 48 43 50 45 44 45 39 39 40 40 41 45 47 43 46 41 43 46 44 43 45 47 47 43 44 43 43 43 43 44 45 46 46 46 47 46 47 48 50 50 48 47 48 48 49 49 49 47 44 46 46 46 46 47 47 45 41 43 47 46 46 46 44 44 46 48 47 47 46 46 45 45 47 48 49 48 48 48 48 47 47 49 48 50 52 52 53 53 52 56 57 56 57 56
47 49 50 45 42 42 40 40 40 44 43 48 47 44 45 47 46 45 42 41 42 43 43 46 42 42 43 43 43 44 45 47 46 48 47 47 47 47 48 48 49 49 48 48 49 49 50 49 48 46 48 47 44 47 46 46 45 45 45 44 45 45 44 45 44 45 46 48 48 46 47 47 47 46 45 46 47 48 47 48 48 48 48 47 50 49 52 54 56 55 55 56 55 57 57 58
42 47 46 42 42 41 42 42 48 47 52 48 45 47 44 45 46 45 45 40 40 43 42 42 41 40 42 42 46 46 47 48 48 49 50 49 49 48 50 48 48 48 47 48 47 49 47 47 47 47 47 48 43 45 44 47 44 44 45 43 43 42 42 45 46 47 48 48 48 48 47 47 47 46 46 48 47 48 49 48 50 48 48 49 50 51 51 51 54 56 55 55 57 57 58 57
42 42 42 43 43 43 43 46 47 48 50 48 47 50 47 45 47 46 44 41 40 42 41 40 41 42 43 45 48 47 49 49 51 51 51 52 52 51 50 48 47 49 48 48 47 45 45 46 47 48 46 48 45 46 45 46 44 44 45 45 43 45 45 45 45 47 49 48 48 48 47 47 47 46 46 49 48 49 51 51 51 51 48 48 50 51 51 53 53 55 55 57 57 57 57 59
41 41 42 50 48 43 46 49 49 48 51 47 50 51 46 44 42 44 42 41 40 40 41 41 43 45 44 46 49 49 50 51 53 51 51 50 49 49 47 48 47 49 47 47 48 46 46 49 49 46 47 47 47 45 46 47 47 46 46 46 44 48 49 47 47 48 48 48 47 47 48 47 47 47 46 49 50 50 52 51 52 52 51 48 51 51 52 53 55 54 53 55 57 56 57 57
45 47 46 49 47 50 49 51 50 54 51 49 50 47 44 43 42 42 42 41 41 41 41 43 43 45 46 48 51 51 52 52 51 50 48 48 48 48 49 47 46 48 47 45 45 47 43 48 47 46 47 48 47 45 46 47 49 46 46 47 43 49 47 46 49 48 47 47 47 48 48 47 47 47 47 48 50 51 51 52 52 52 52 51 49 49 53 54 52 54 53 56 56 57 57 58
42 47 49 52 48 45 47 50 49 53 50 49 48 44 44 44 43 42 42 42 42 42 44 45 46 47 48 49 51 52 52 51 50 49 49 48 48 47 47 47 47 47 45 46 46 45 42 47 46 46 47 48 47 46 46 47 48 49 48 48 47 43 44 47 48 47 45 48 47 47 48 48 47 46 47 49 49 52 51 52 51 53 51 51 51 51 50 50 54 55 56 57 58 59 58 56
42 49 51 47 50 49 48 51 53 51 48 44 43 43 43 42 44 45 46 44 45 45 45 46 48 49 51 51 50 50 50 50 50 50 49 49 49 48 47 47 47 46 45 45 45 43 42 46 47 45 46 48 47 47 46 47 48 48 48 47 47 43 46 48 47 44 48 49 49 48 48 47 48 48 48 50 50 52 52 54 54 52 54 54 50 53 53 52 52 53 55 53 56 54 55 56
43 48 46 47 46 46 49 49 48 47 45 43 43 42 42 42 43 44 45 47 48 49 47 49 50 52 51 51 49 50 50 50 50 51 50 50 49 49 48 45 45 45 45 43 42 42 44 45 45 47 47 47 48 47 47 49 49 47 47 47 46 43 43 43 47 48 49 51 50 49 49 48 47 48 49 51 51 53 54 54 52 53 52 51 52 56 55 55 54 54 56 56 55 58 58 61
43 43 42 42 42 44 45 44 44 45 44 44 44 43 42 43 44 46 49 51 51 51 50 49 50 50 49 49 50 51 50 50 50 51 50 50 50 48 48 46 46 45 44 43 44 42 42 45 45 46 47 48 48 48 48 49 49 48 48 49 49 45 47 48 48 49 50 48 50 50 49 50 48 48 51 53 53 52 54 53 53 51 52 53 53 56 59 57 57 57 57 60 61 63 62 59
44 44 42 41 42 43 47 45 45 46 46 45 45 43 43 43 45 48 51 53 51 50 50 50 50 50 48 48 50 50 50 50 51 51 50 49 47 47 47 47 46 45 45 46 45 46 44 44 45 46 47 49 48 49 48 48 47 47 50 50 45 46 44 48 48 48 47 48 49 49 50 50 50 52 52 52 53 52 54 54 52 51 52 54 53 55 58 62 58 59 62 65 64 63 61 58
46 45 42 41 44 46 50 48 48 48 48 46 47 49 46 47 48 50 51 51 49 49 49 51 49 49 47 50 50 49 50 51 51 49 49 49 47 47 47 46 47 45 45 47 47 48 46 47 45 47 48 48 50 50 49 49 48 47 49 46 46 48 47 47 49 48 47 48 48 49 49 51 49 50 50 51 52 52 52 52 52 51 53 55 55 55 56 62 62 62 64 64 64 60 63 58
47 45 43 42 46 47 48 50 45 47 48 49 50 50 47 48 47 49 50 51 48 50 50 51 47 48 49 50 49 50 51 52 50 49 49 48 48 46 45 44 44 45 47 46 47 47 47 48 46 45 47 47 50 49 50 49 48 48 48 45 48 51 50 49 49 46 46 46 48 46 47 48 48 50 52 52 52 52 52 51 53 53 52 55 56 57 57 59 63 64 65 63 63 61 60 58
51 48 46 44 48 43 42 43 49 51 52 50 50 47 48 48 47 48 50 48 48 50 50 45 51 50 51 50 50 49 50 51 49 48 47 48 47 45 46 45 47 45 47 46 47 48 49 46 47 48 49 48 49 48 46 46 47 47 47 45 50 50 47 50 49 47 47 47 49 50 48 49 51 52 54 53 52 52 51 52 52 52 52 54 56 57 59 62 66 65 65 64 61 60 60 62
56 52 49 43 44 42 46 42 41 45 47 45 47 47 43 46 46 48 48 46 49 50 47 50 48 49 48 49 49 50 50 49 47 46 46 48 46 46 46 48 48 47 48 48 46 48 49 48 50 49 49 49 47 48 47 44 45 45 48 45 47 50 51 52 49 48 49 47 47 50 49 50 52 52 52 52 52 54 51 50 52 52 52 56 56 57 58 66 66 64 63 62 59 62 62 60
57 55 52 50 45 46 48 44 45 46 40 48 44 49 42 45 43 46 44 45 44 42 45 50 50 49 49 48 48 50 49 46 46 47 45 48 47 47 49 49 49 47 47 48 47 48 49 49 51 51 51 48 47 46 46 44 48 46 48 45 49 50 48 51 51 46 49 49 46 48 51 50 50 52 52 52 52 54 51 50 51 52 53 56 59 58 60 65 66 66 66 65 62 64 65 62
60 56 53 56 52 52 53 43 49 51 47 54 53 51 52 52 47 47 44 45 49 43 42 47 48 48 48 48 47 48 47 47 47 46 46 46 47 49 48 50 49 49 49 48 48 49 49 50 50 51 50 49 47 47 46 49 47 47 47 48 46 47 47 50 49 49 51 50 48 47 48 50 49 49 50 50 53 53 54 53 55 54 55 56 59 60 64 62 66 69 67 66 65 65 65 65
62 55 59 53 53 48 44 47 50 51 53 57 53 51 53 54 54 51 51 50 49 46 48 44 47 47 46 46 46 46 45 46 47 45 45 48 49 47 48 48 48 49 50 51 51 49 49 48 50 49 50 49 48 48 46 46 48 46 48 46 46 49 49 48 49 50 51 51 49 49 49 49 50 53 51 51 51 52 54 56 56 56 56 59 61 61 64 66 68 70 68 67 66 65 66 67
60 59 55 50 47 47 52 46 53 50 53 53 56 55 54 51 53 54 52 49 50 50 46 47 42 41 43 42 43 43 44 46 47 49 50 49 52 50 48 48 49 48 50 51 52 52 49 48 47 47 49 51 49 47 48 48 47 47 46 44 44 47 47 48 47 51 52 52 50 51 51 50 52 53 52 52 52 54 53 54 56 57 58 61 63 62 66 66 67 66 67 69 67 69 68 64
63 61 58 51 55 58 59 53 51 49 54 49 49 54 56 55 53 54 51 52 49 50 49 46 46 45 41 41 45 46 46 44 48 47 49 50 51 50 49 50 49 49 49 51 51 52 48 48 47 48 49 50 46 49 48 48 47 46 47 44 43 44 45 47 48 48 50 52 52 51 52 52 53 53 55 53 56 54 55 56 58 62 62 63 63 63 68 69 68 66 68 64 69 73 69 62
63 62 55 50 53 60 62 58 52 50 52 52 55 56 51 54 53 54 53 52 50 48 49 49 48 45 45 40 46 46 47 49 50 49 50 52 52 50 50 51 49 48 49 51 50 50 50 48 47 46 44 46 48 48 48 46 47 46 45 44 43 43 45 47 48 48 49 51 50 52 51 51 54 54 57 54 53 56 55 56 56 60 60 63 65 66 67 64 66 65 69 66 69 69 66 69
56 59 54 65 64 64 63 61 54 58 53 54 57 54 55 56 54 55 54 53 52 49 51 50 49 48 46 43 42 42 44 47 50 53 52 50 51 53 51 51 50 49 50 49 51 52 50 50 48 46 46 48 48 46 47 47 46 46 45 44 44 44 43 47 47 48 50 49 49 51 49 51 55 57 57 59 57 56 57 57 58 61 63 68 68 66 68 69 67 66 64 63 67 67 64 72
65 57 56 68 63 66 65 63 63 59 54 56 54 56 57 56 55 57 55 54 52 50 52 52 50 49 47 47 46 44 48 49 51 51 51 49 50 51 51 51 51 50 49 48 48 48 50 49 47 47 46 48 48 47 45 46 46 45 45 45 43 47 47 45 47 49 50 48 48 49 52 52 53 54 57 59 57 55 58 60 61 61 65 69 68 66 66 69 65 64 61 63 63 62 69 72
58 59 63 63 62 64 69 63 64 59 56 56 54 60 56 57 56 56 53 52 50 50 50 51 50 50 48 47 47 48 46 49 51 49 48 48 48 49 49 50 50 50 48 48 49 49 48 47 47 45 44 49 49 47 45 45 45 44 43 43 43 46 46 48 47 46 48 50 51 49 52 52 57 55 56 60 56 57 58 59 62 66 68 68 68 68 66 63 64 63 62 64 64 65 69 68
61 65 63 66 70 63 66 64 64 61 59 51 57 56 57 56 56 56 57 54 54 52 56 52 51 49 46 45 43 46 49 46 49 48 47 50 49 48 50 52 50 50 48 50 49 49 47 46 47 46 45 48 48 47 44 44 45 44 43 41 41 44 48 48 48 48 50 51 52 49 51 54 57 58 57 58 57 58 61 59 63 67 68 67 68 69 69 64 67 66 62 64 67 68 69 71
61 57 59 61 67 62 61 57 59 63 61 56 56 51 55 56 54 53 54 54 54 54 52 54 50 48 49 49 46 46 51 50 50 49 48 52 49 50 50 51 50 50 48 49 50 48 47 46 45 44 44 46 46 45 44 44 43 41 41 41 44 44 47 48 48 51 52 53 51 51 51 54 58 58 58 61 57 59 60 62 66 65 67 66 66 67 66 63 68 66 65 66 66 69 68 72
67 65 67 62 60 58 65 63 56 62 59 57 56 57 53 55 55 55 54 57 57 56 54 54 53 51 48 51 46 46 46 48 47 49 50 51 51 51 50 51 50 49 49 49 50 49 48 47 47 47 46 45 45 45 44 42 41 40 41 42 45 44 47 49 48 51 52 53 50 51 52 54 57 60 59 63 58 61 62 64 67 65 67 66 65 64 65 66 69 72 72 67 68 71 70 71
68 68 67 64 61 62 63 62 61 60 60 61 56 61 58 55 54 56 57 56 57 55 54 54 53 53 51 51 47 46 45 48 49 47 50 50 50 52 51 50 50 50 49 49 50 50 49 50 49 47 46 43 44 44 41 40 39 40 40 44 46 45 46 50 50 47 51 54 52 52 53 55 57 58 60 59 59 60 63 65 66 66 65 66 67 64 67 69 71 73 75 73 72 66 72 73
66 63 65 56 59 63 60 63 62 60 61 57 57 58 58 57 55 55 60 59 56 56 55 54 52 52 51 50 49 46 48 50 50 49 50 49 51 53 50 51 52 50 49 49 51 50 48 47 49 48 45 43 42 43 41 41 42 42 42 46 46 44 48 49 50 50 54 52 52 51 54 57 58 59 61 60 61 62 65 65 65 67 68 65 68 69 69 70 74 75 75 77 74 68 77 73
61 60 57 62 62 57 61 58 64 63 59 61 62 59 61 58 54 56 57 59 55 56 56 55 53 53 51 48 47 50 50 50 50 50 49 49 52 52 50 51 52 49 48 49 49 50 49 47 46 47 44 44 43 41 42 44 44 42 43 45 46 46 48 49 51 50 54 53 53 55 56 58 58 59 62 59 64 63 65 64 63 64 66 67 69 72 72 71 73 76 76 78 74 69 80 77
66 64 65 62 65 58 64 60 62 63 62 63 62 62 60 59 54 59 60 60 59 56 55 55 54 53 51 47 46 52 50 50 51 52 50 50 49 52 51 52 49 48 49 48 49 49 49 47 45 46 44 44 43 41 45 44 45 44 45 47 47 46 49 51 53 52 53 56 55 55 58 60 59 60 62 63 66 65 64 65 66 64 66 68 70 72 75 74 74 76 77 75 74 71 75 75
69 66 66 61 61 65 64 61 63 65 66 62 62 60 59 56 62 62 60 59 58 57 55 56 53 55 49 49 51 49 51 52 52 52 50 49 50 51 51 50 50 48 49 49 49 49 50 49 48 46 45 44 43 42 43 45 46 46 45 45 49 49 50 50 52 52 55 56 58 59 58 57 57 59 63 61 64 65 65 66 66 65 69 71 72 71 74 77 77 77 74 76 72 75 71 73
69 68 68 65 64 63 66 65 63 68 65 63 61 60 57 56 58 62 60 59 58 57 58 57 53 52 49 49 51 52 53 51 51 51 49 49 51 49 50 47 50 53 49 49 49 48 46 49 49 49 49 46 43 45 44 45 44 44 45 47 47 47 48 50 50 52 52 53 55 58 58 58 61 61 63 62 64 65 66 68 69 67 69 72 74 70 74 72 75 80 78 77 75 76 73 76
69 69 68 66 65 65 63 67 66 68 65 64 60 59 60 59 59 59 61 60 59 59 56 54 53 49 51 47 51 51 52 49 51 49 47 50 50 49 47 47 49 49 50 47 46 46 45 46 46 49 48 46 43 42 43 41 41 43 45 45 46 46 47 48 51 50 51 51 55 59 58 60 63 62 66 65 66 65 66 69 70 70 68 73 74 71 72 77 78 80 78 78 78 75 75 75
69 68 67 66 64 65 64 65 66 65 69 62 64 63 62 60 59 62 59 61 61 59 56 54 51 53 48 50 51 54 50 51 49 49 47 48 48 48 45 48 47 49 48 49 48 46 46 46 45 46 47 46 44 45 45 45 45 43 43 44 45 45 47 49 50 50 50 53 54 55 55 58 64 65 67 66 66 66 69 70 72 74 74 73 72 73 73 74 78 79 79 80 -999 -999 -999 -999
68 65 67 65 64 65 65 64 67 65 64 65 64 65 65 61 62 61 63 61 62 63 57 56 51 51 49 52 53 53 48 47 48 46 47 47 47 47 48 47 45 48 47 47 47 48 46 48 47 44 44 44 46 44 45 44 45 46 46 46 45 45 48 47 49 50 52 51 53 54 57 58 63 65 68 67 67 66 67 66 67 69 73 70 72 74 76 77 -999 -999 -999 -999 -999 -999 -999 -999
63 64 65 65 65 66 63 63 64 62 66 66 63 63 64 63 63 64 64 62 61 59 59 59 54 53 48 52 53 51 46 45 47 49 46 45 47 48 47 45 46 45 46 47 47 47 48 48 48 48 44 47 45 43 47 45 45 47 48 46 47 44 46 48 50 51 52 53 56 56 57 61 63 67 65 66 67 67 65 63 63 66 68 71 74 -999 -999 -999 -999 -999 -999 -999 -999 -999 -999 -999
64 64 62 62 65 65 61 64 61 65 61 61 63 62 63 64 61 63 64 62 61 59 59 57 56 55 48 49 53 47 51 50 51 51 49 45 45 45 43 45 43 44 45 46 45 46 48 48 48 48 46 45 45 47 47 47 46 47 48 49 47 46 48 47 49 49 52 52 53 54 56 59 62 65 67 67 67 68 68 67 66 62 64 63 -999 -999 -999 -999 -999 -999 -999 -999 -999 -999 -999 -999
64 68 61 63 65 65 59 62 60 64 60 60 60 57 60 61 62 64 62 59 58 60 56 54 56 53 50 48 48 51 49 52 52 51 49 47 45 47 46 44 43 46 46 44 45 44 47 48 47 47 45 44 45 44 51 48 46 45 48 50 48 47 45 49 50 51 49 49 51 52 54 56 58 65 65 67 67 68 67 64 65 63 62 -999 -999 -999 -999 -999 -999 -999 -999 -999 -999 -999 -999 -999
64 64 62 64 63 64 64 61 64 63 60 62 57 62 61 60 60 62 62 62 59 57 56 51 51 51 47 52 49 53 53 51 53 52 48 47 45 43 47 45 46 46 45 46 44 43 46 49 45 44 45 46 43 44 47 48 47 46 48 50 49 46 48 47 46 46 47 50 52 49 52 55 62 63 63 64 66 65 61 63 63 60 65 -999 -999 -999 -999 -999 -999 -999 -999 -999 -999 -999 -999 -999
62 62 61 65 64 60 58 61 63 63 59 61 56 58 56 57 62 62 63 63 60 58 57 57 55 52 48 53 51 53 53 53 54 54 51 49 44 45 46 46 45 45 44 45 43 44 45 46 46 44 46 47 46 47 48 49 48 46 50 50 48 47 50 46 46 51 51 52 52 53 54 56 58 59 60 64 64 64 60 58 59 60 63 63 -999 -999 -999 -999 -999 -999 -999 -999 -999 -999 -999 -999
65 63 65 66 65 61 61 63 61 63 59 60 58 59 56 61 63 63 65 64 63 61 59 58 55 52 48 50 51 56 54 53 53 53 51 51 49 43 44 45 46 45 45 45 44 44 47 47 44 47 47 48 48 48 48 52 51 49 49 51 51 51 50 47 46 48 48 49 49 49 51 54 54 59 59 59 61 63 61 62 66 66 -999 -999 -999 -999 -999 -999 -999 -999 -999 -999 -999 -999 -999 -999
67 66 65 57 64 57 56 62 61 63 63 57 55 60 55 60 62 62 62 62 64 61 57 55 54 52 51 53 55 54 49 55 54 54 52 52 51 50 47 45 44 47 45 45 45 46 46 48 48 47 47 50 48 48 49 52 52 51 49 49 52 50 48 48 48 49 45 49 47 49 49 53 53 53 54 60 59 60 60 61 64 -999 -999 -999 -999 -999 -999 -999 -999 -999 -999 -999 -999 -999 -999 -999
62 66 64 65 62 60 55 59 60 60 64 64 61 59 57 59 61 58 62 64 64 62 59 58 56 55 52 52 52 54 57 55 55 56 55 53 50 50 47 45 45 45 45 45 46 47 46 47 48 49 47 47 50 49 51 50 51 53 52 52 51 53 52 50 52 51 48 45 49 51 51 53 54 53 55 58 62 62 61 59 63 -999 -999 -999 -999 -999 -999 -999 -999 -999 -999 -999 -999 -999 -999 -999
59 60 63 61 60 54 60 62 60 61 63 60 58 61 57 60 63 63 60 62 64 63 61 58 56 58 57 58 53 56 56 56 54 54 55 53 50 49 49 45 46 47 45 47 46 44 47 49 49 48 48 49 49 51 48 51 50 51 51 52 53 53 51 53 50 51 47 47 47 49 48 49 51 50 55 54 54 55 55 -999 -999 -999 -999 -999 -999 -999 -999 -999 -999 -999 -999 -999 -999 -999 -999 -999
57 60 60 61 61 56 58 56 59 64 60 64 62 58 59 62 63 62 64 63 62 63 62 58 58 58 61 59 54 55 55 57 54 54 54 52 53 50 47 46 48 46 46 45 47 47 48 49 49 50 50 51 51 51 48 49 49 50 51 52 53 -999 -999 51 48 49 49 47 45 44 48 45 48 50 50 51 50 53 -999 -999 -999 -999 -999 -999 -999 -999 -999 -999 -999 -999 -999 -999 -999 -999 -999 -999
58 59 59 56 53 61 58 58 62 63 63 65 61 62 58 62 59 59 58 63 64 63 63 63 62 58 58 57 54 54 54 54 52 55 55 53 52 50 50 46 47 47 48 47 46 46 47 47 47 49 49 50 50 49 49 50 52 50 50 52 51 -999 -999 50 51 52 50 47 49 48 44 45 45 47 48 50 49 53 -999 -999 -999 -999 -999 -999 -999 -999 -999 -999 -999 -999 -999 -999 -999 -999 -999 -999
59 57 60 53 56 59 54 60 62 58 61 64 64 58 63 64 61 67 66 62 65 67 65 60 59 60 58 55 55 57 54 51 53 52 52 54 54 51 50 48 46 46 46 46 46 48 48 47 47 47 48 51 50 49 49 50 52 51 50 49 51 -999 -999 -999 53 51 51 47 49 49 49 46 49 50 50 51 53 53 -999 -999 -999 -999 -999 -999 -999 -999 -999 -999 -999 -999 -999 -999 -999 -999 -999 -999
61 57 60 54 62 53 56 59 61 57 59 65 59 61 69 67 67 64 62 65 62 62 63 62 61 58 55 55 56 58 55 52 53 53 55 56 53 52 51 49 49 46 48 47 46 46 46 47 48 48 50 51 49 51 49 50 52 52 50 50 -999 -999 -999 -999 53 54 50 50 47 48 48 49 47 49 50 51 54 54 -999 -999 -999 -999 -999 -999 -999 -999 -999 -999 -999 -999 -999 -999 -999 -999 -999 -999
59 56 63 54 56 61 60 56 64 60 66 63 66 67 67 65 65 67 70 66 62 62 63 61 56 59 57 60 58 55 55 54 56 54 55 55 55 53 51 51 48 47 46 46 46 46 45 48 48 49 48 48 49 49 50 52 53 51 52 51 -999 -999 -999 -999 54 54 48 51 51 47 49 47 47 48 50 54 -999 -999 -999 -999 -999 -999 -999 -999 -999 -999 -999 -999 -999 -999 -999 -999 -999 -999 -999 -999
54 58 63 59 54 60 57 56 61 62 58 61 61 66 66 62 66 67 65 60 61 62 61 60 58 58 59 59 57 56 54 56 56 54 55 55 55 55 51 51 50 49 48 47 45 46 47 47 46 47 48 48 49 49 50 51 50 50 51 51 -999 -999 -999 -999 53 52 51 47 50 47 46 49 50 51 51 -999 -999 -999 -999 -999 -999 -999 -999 -999 -999 -999 -999 -999 -999 -999 -999 -999 -999 -999 -999 -999
53 56 63 58 52 60 57 63 58 55 62 59 61 67 63 62 64 59 64 64 64 63 61 61 62 61 60 59 57 57 53 56 56 56 54 56 55 55 51 47 49 48 49 49 46 48 47 48 49 49 49 49 50 50 49 51 49 49 -999 -999 -999 -999 -999 -999 -999 -999 -999 -999 51 48 47 48 49 53 50 -999 -999 -999 -999 -999 -999 -999 -999 -999 -999 -999 -999 -999 -999 -999 -999 -999 -999 -999 -999 -999
52 53 55 57 51 59 55 54 58 57 59 61 65 67 61 62 58 64 65 64 62 61 62 58 61 61 58 59 58 57 56 54 55 58 57 55 53 52 51 49 48 50 49 48 46 46 47 49 50 49 49 49 50 49 48 49 49 50 -999 -999 -999 -999 -999 -999 -999 -999 -999 -999 47 48 46 49 52 50 48 -999 -999 -999 -999 -999 -999 -999 -999 -999 -999 -999 -999 -999 -999 -999 -999 -999 -999 -999 -999 -999
