Climate/data/grids_germany_multi_annual_precipitation_1981-2010_06.asc
NCOLS 654
NROWS 866
XLLCORNER 3280414.711633467
YLLCORNER 5237500.62890625
CELLSIZE 1000
NODATA_VALUE -999
[rows 572 to 623 of 866, columns 192 to 287 of 654]
63 63 64 64 64 64 65 64 64 64 65 65 64 63 63 63 63 63 63 64 64 64 63 62 62 61 64 64 64 65 66 67 66 66 66 66 65 66 65 67 66 71 72 74 81 81 85 85 76 85 86 90 93 91 86 83 82 85 87 81 80 85 84 74 71 73 78 74 70 64 70 67 70 68 69 67 67 67 68 67 69 68 66 65 63 59 60 65 69 64 63 69 71 68 70 67
63 65 64 64 65 65 65 64 64 64 65 67 65 63 62 62 62 62 63 63 64 63 62 62 63 64 65 67 67 68 67 67 67 68 67 66 65 65 65 69 68 68 69 75 79 81 83 83 79 79 85 89 89 88 87 86 83 85 91 83 80 78 84 82 73 76 69 75 73 65 69 68 66 69 67 65 63 66 66 67 66 66 66 66 63 60 60 62 61 70 69 69 72 67 68 70
65 64 64 64 65 64 65 66 66 66 67 65 64 63 63 62 60 62 62 63 63 63 63 64 65 66 66 68 68 68 67 67 66 70 69 70 66 65 65 67 69 69 71 74 73 74 80 81 80 77 82 87 86 86 86 84 88 90 84 87 87 83 77 79 81 79 73 66 72 68 66 66 64 65 65 63 64 64 64 65 66 66 67 65 61 62 60 61 70 72 72 72 72 68 66 70
65 64 64 65 66 66 67 68 67 67 67 66 65 64 63 62 62 62 62 63 63 62 64 66 67 69 69 68 67 67 67 67 69 69 71 70 70 65 65 65 68 71 71 73 74 76 79 80 78 81 83 84 83 79 81 84 89 84 83 86 84 83 81 79 75 77 76 73 64 70 61 63 66 64 64 64 64 67 64 66 66 65 67 65 63 62 62 61 62 69 70 70 67 68 68 68
65 64 64 65 67 66 67 68 67 69 67 65 65 64 63 62 62 63 63 63 64 64 63 66 68 71 71 67 68 68 70 71 71 69 70 72 71 70 65 65 71 70 70 73 75 76 79 80 75 77 82 81 81 82 82 83 89 83 81 83 84 80 78 79 77 72 73 71 71 63 66 64 64 64 66 65 65 65 66 65 65 66 67 69 65 63 64 61 61 65 72 69 67 68 67 66
65 64 64 65 67 67 69 68 68 69 68 66 66 66 65 63 63 64 64 63 64 63 62 66 67 69 74 73 71 71 74 72 73 68 71 74 73 73 71 66 66 71 69 70 75 77 80 74 74 77 78 82 75 83 82 85 90 82 78 80 80 79 78 77 75 74 72 68 71 65 63 63 63 64 64 66 63 64 66 66 66 67 70 69 70 66 70 65 61 66 69 69 65 69 66 67
64 63 64 65 67 67 70 70 71 71 69 68 67 68 67 66 65 66 65 64 64 63 62 65 66 72 75 76 75 74 70 73 72 71 69 74 77 74 69 67 67 68 68 74 78 77 77 77 72 72 72 72 79 80 85 86 88 85 84 74 79 77 78 76 75 73 72 73 69 68 63 65 64 65 65 62 63 63 63 65 66 70 71 67 70 66 67 67 61 66 70 70 67 66 65 63
64 62 63 67 69 69 70 72 73 72 71 72 70 69 68 68 67 68 66 65 64 65 63 67 69 72 76 75 75 76 72 69 70 74 69 76 76 77 75 67 68 74 72 71 75 76 77 69 78 80 78 75 76 81 82 81 83 84 83 79 77 77 73 76 77 73 74 72 71 68 63 64 67 69 66 67 69 67 65 67 70 70 71 72 69 67 66 71 64 61 68 67 67 65 64 64
64 64 66 70 71 70 72 73 75 76 75 71 70 69 69 67 67 68 67 65 65 66 65 65 67 70 75 75 76 78 76 73 68 67 74 71 75 76 76 68 68 71 73 75 74 71 77 68 76 79 86 79 84 79 81 80 81 84 79 79 78 71 70 76 78 75 76 73 72 70 64 64 69 67 67 67 70 71 69 69 69 70 68 71 69 67 71 67 69 62 63 63 67 64 66 65
65 66 67 68 71 70 74 76 75 76 76 74 71 70 69 69 68 68 67 65 66 68 68 67 68 70 70 76 77 79 76 69 68 76 73 76 71 73 74 69 70 68 67 70 71 69 67 69 71 76 83 83 86 83 79 80 77 75 81 75 78 76 68 73 77 76 75 74 69 65 70 64 68 70 69 69 70 70 68 69 69 68 70 70 69 72 71 71 69 64 62 66 66 64 66 65
67 66 67 68 74 71 73 78 78 80 79 75 74 71 70 68 68 69 68 66 70 70 70 68 68 75 72 75 75 72 73 71 69 75 76 75 73 72 70 69 72 69 68 68 69 67 65 72 73 80 83 78 83 80 80 75 73 75 77 78 77 75 75 67 73 75 73 71 69 67 69 68 65 68 68 70 68 69 70 69 69 67 70 67 70 69 71 69 67 66 61 66 68 65 68 69
68 67 67 68 71 71 75 79 82 82 81 76 73 73 70 68 69 69 69 68 71 72 73 70 73 72 71 73 71 68 67 67 68 71 76 74 71 73 68 70 69 69 71 69 64 65 65 71 73 74 75 75 76 81 78 81 78 81 72 73 72 71 68 73 75 74 73 70 69 63 65 67 67 65 67 68 70 69 68 69 70 66 67 69 68 66 67 70 67 66 61 63 67 66 70 70
67 67 68 71 71 75 74 81 80 80 79 75 74 75 70 68 71 70 70 68 69 70 71 70 72 72 69 70 70 69 73 72 67 70 75 75 73 70 66 67 70 69 73 70 68 66 66 68 75 74 72 78 75 78 75 77 76 81 82 68 71 78 75 67 75 74 72 69 71 68 65 61 65 69 70 68 70 68 70 68 68 66 69 68 66 68 66 68 69 66 64 63 64 62 62 63
68 68 70 70 73 78 80 81 80 80 78 76 74 73 70 69 70 71 68 70 71 69 71 74 70 68 69 67 71 74 74 69 71 74 71 74 72 70 66 67 69 70 70 71 71 68 63 65 69 78 76 78 72 78 76 75 73 76 70 68 67 76 74 68 73 73 71 69 68 67 65 63 67 68 68 69 66 69 67 66 65 69 65 64 65 67 65 66 69 66 68 65 61 62 61 64
70 70 71 72 76 79 80 81 81 79 79 78 76 73 70 71 68 69 67 71 72 72 70 71 67 66 67 66 72 74 72 69 69 73 74 72 67 68 66 64 67 67 69 71 70 68 65 67 72 77 69 76 75 74 71 74 75 74 69 68 68 73 65 65 71 73 71 70 68 64 62 61 65 68 66 69 66 70 66 68 67 66 67 68 66 64 64 64 67 68 69 67 67 65 60 62
71 72 73 75 77 80 81 82 78 78 79 74 73 73 72 74 71 68 66 67 69 70 70 70 68 68 68 68 74 72 71 68 69 71 72 68 70 71 66 65 64 63 69 69 69 67 66 68 75 78 73 66 72 73 67 71 70 73 74 67 71 65 68 66 65 68 68 70 67 67 68 66 64 66 64 67 68 68 71 70 70 69 69 64 64 63 63 63 66 66 66 69 69 66 58 59
72 72 73 75 77 81 81 80 78 78 78 76 76 77 72 75 74 71 67 68 67 73 71 71 69 68 65 69 73 72 71 68 70 71 70 69 76 70 65 65 64 62 68 68 66 65 65 68 76 76 71 63 64 65 74 68 70 79 83 73 65 66 75 73 64 67 68 71 66 66 62 62 60 61 64 68 72 73 74 70 70 70 70 64 66 66 63 63 65 66 66 65 67 63 60 60
73 74 77 78 80 84 83 81 79 81 77 75 82 74 75 77 74 71 68 67 70 72 74 69 69 72 68 69 71 70 72 73 71 71 68 69 73 70 69 65 64 62 61 62 67 68 65 68 76 68 70 63 77 78 79 76 69 77 81 75 78 71 75 74 65 66 71 72 70 72 67 63 63 64 63 66 69 69 70 70 69 69 71 66 66 66 66 64 68 67 68 65 66 66 62 58
74 76 78 79 82 85 85 81 81 80 78 81 80 83 81 78 76 74 70 70 73 75 74 70 68 66 67 67 67 69 72 75 75 74 72 73 75 75 69 67 64 61 67 65 67 66 65 71 70 65 73 60 68 79 79 78 70 79 77 76 75 72 74 73 68 70 74 68 66 66 67 66 65 58 64 69 72 72 71 70 71 71 71 69 66 67 64 66 69 68 66 68 67 64 63 60
74 81 80 82 84 85 82 83 81 84 84 77 81 81 79 77 75 74 71 73 76 77 74 71 68 71 69 67 69 70 70 73 75 78 78 76 75 71 67 62 62 60 67 69 66 62 65 74 67 61 61 59 76 77 74 71 66 74 74 72 71 72 71 67 62 63 72 72 67 70 64 61 62 63 64 69 68 69 74 72 72 73 72 72 72 70 67 70 70 69 68 68 67 65 63 63
77 80 83 83 85 87 83 82 81 83 86 88 86 87 83 80 77 76 74 73 76 79 75 71 72 71 72 67 73 72 70 72 74 79 78 77 76 72 69 67 63 62 59 68 62 61 65 73 60 62 67 72 76 75 72 72 70 70 70 70 70 70 69 68 67 67 68 72 73 71 70 67 67 65 65 66 67 70 70 70 69 73 72 72 70 68 69 70 70 70 69 67 65 62 65 64
82 91 83 85 89 84 82 81 84 87 92 95 91 84 82 78 76 77 77 77 77 79 74 73 70 70 70 69 74 75 76 73 76 80 80 77 77 69 75 74 68 68 61 58 58 64 68 64 61 62 73 68 69 71 69 71 70 69 68 69 70 70 69 69 68 65 65 70 72 71 69 69 67 67 66 66 70 68 70 70 68 70 71 71 72 72 71 70 68 70 70 67 64 64 65 66
78 87 80 83 83 80 82 85 84 86 91 93 91 85 82 77 81 78 79 80 78 78 76 74 74 74 71 72 69 71 74 75 78 80 81 80 74 74 72 68 69 69 70 58 57 58 61 58 61 72 66 65 71 71 69 69 68 70 68 69 70 70 68 67 65 60 60 64 65 69 67 69 71 69 68 67 71 69 69 70 67 71 70 71 72 73 71 68 68 68 70 66 66 64 65 66
76 80 79 80 78 80 80 87 88 87 90 90 88 81 79 77 77 76 81 82 86 83 78 75 76 75 74 73 74 74 76 74 80 82 80 75 71 76 76 67 66 63 62 60 59 58 59 58 59 61 60 59 70 70 69 68 67 67 68 68 69 69 68 67 62 67 65 59 67 68 65 66 63 72 66 70 69 69 66 66 69 70 69 70 69 70 69 68 68 69 70 68 66 66 66 66
75 80 79 81 85 84 87 92 88 84 86 91 86 81 77 79 80 78 80 81 85 83 80 79 76 73 74 68 75 78 73 75 77 81 77 73 69 72 77 73 72 73 72 69 59 62 57 61 61 67 69 63 66 69 68 67 66 65 67 70 69 68 68 64 66 67 64 59 64 60 61 64 61 66 66 69 69 65 67 70 68 69 70 67 69 68 67 66 66 69 67 66 68 66 65 66
76 78 81 80 79 80 88 90 88 87 83 86 84 80 79 80 82 76 79 81 83 83 82 83 79 77 71 68 69 76 76 76 77 81 80 79 77 69 70 72 75 73 70 59 68 69 71 72 72 74 66 69 59 66 66 66 64 65 68 70 69 69 66 68 67 68 61 66 69 66 60 69 67 69 65 71 66 67 67 70 68 69 68 65 67 68 67 65 70 67 67 68 67 66 67 66
75 79 80 77 80 86 92 95 95 85 80 86 82 80 80 81 78 76 77 78 85 81 82 83 77 75 70 67 70 73 76 80 81 80 79 78 78 71 67 65 73 68 72 59 71 72 74 76 72 72 67 67 69 58 64 65 64 65 69 70 70 69 68 66 63 62 67 69 69 69 68 70 65 61 68 70 63 69 68 72 72 70 67 62 64 64 66 63 67 65 65 67 66 67 66 65
75 78 78 80 86 89 91 89 89 83 81 82 79 79 81 83 77 78 78 82 84 83 82 84 78 76 72 67 70 73 76 79 81 80 80 72 72 74 71 67 63 60 66 59 73 72 73 72 75 74 66 67 65 66 59 58 64 70 69 72 70 70 69 67 65 66 69 68 68 69 66 69 67 61 62 62 69 69 71 71 69 68 66 62 63 62 66 64 66 67 66 66 67 67 66 65
76 76 81 84 84 89 86 89 82 81 79 80 78 79 83 81 78 78 82 83 83 83 80 81 78 79 73 69 71 76 76 74 80 82 79 78 77 70 68 65 71 73 59 63 63 63 70 73 75 74 68 66 64 64 62 67 65 59 63 71 71 70 70 70 69 67 70 71 68 70 72 73 72 62 62 63 67 70 72 69 69 68 64 62 62 63 68 68 64 65 65 67 67 66 65 65
76 79 80 82 85 87 85 84 82 80 80 79 77 79 86 84 83 86 82 80 83 82 78 81 79 78 72 71 72 71 75 76 82 80 77 76 77 75 71 74 74 66 60 64 71 73 72 72 73 72 67 65 63 58 63 68 69 69 61 68 68 69 69 70 71 70 72 74 70 71 73 74 68 61 61 65 71 70 71 69 69 65 65 61 61 64 66 66 64 65 65 65 66 64 65 64
78 79 81 78 80 81 84 81 80 80 80 79 79 83 85 85 86 84 85 80 84 79 79 80 80 78 73 72 72 76 75 75 80 77 69 65 75 73 71 65 72 64 64 60 62 69 68 70 73 69 67 63 59 64 66 66 67 69 64 67 70 69 69 70 70 71 71 71 70 72 70 72 70 68 60 64 66 68 70 69 68 66 63 65 67 67 67 65 64 65 64 65 65 65 65 65
76 77 79 82 85 82 89 83 86 82 80 80 81 90 90 87 89 86 85 84 79 81 79 80 80 78 76 70 75 77 76 78 78 77 70 68 62 69 71 66 62 65 67 62 65 62 65 67 72 70 66 64 63 67 67 64 67 68 68 59 68 68 68 71 69 71 72 67 69 68 72 67 70 69 61 60 64 69 67 68 69 64 66 69 67 67 67 64 65 63 65 64 65 66 65 65
76 76 82 83 89 88 88 87 83 82 81 81 82 92 91 88 87 84 86 83 79 79 81 77 82 78 75 72 73 75 80 79 78 76 73 71 65 61 63 72 66 72 60 72 73 62 72 65 64 70 66 65 68 67 68 66 67 68 67 64 67 66 68 68 69 70 70 69 69 69 65 68 66 68 64 59 63 66 70 70 69 69 69 69 66 68 67 65 65 63 65 64 64 63 63 64
76 76 77 84 84 90 85 86 85 82 83 81 86 91 91 86 87 85 91 85 83 78 79 77 78 80 76 73 78 80 82 77 74 75 72 69 63 63 66 65 60 60 62 74 70 65 74 74 62 65 64 68 69 69 67 68 68 67 67 66 64 64 63 65 66 67 69 68 65 67 63 66 62 68 62 58 61 64 69 70 69 69 71 71 68 69 66 65 63 65 64 64 64 64 65 64
75 76 76 81 84 87 85 84 83 82 82 83 85 92 91 85 87 85 93 86 84 80 81 85 79 74 77 77 75 84 81 78 71 74 73 66 67 63 59 62 64 66 66 74 73 61 73 73 62 67 66 63 68 69 68 68 67 65 63 63 63 60 62 69 70 69 69 66 70 67 69 69 64 63 61 66 59 66 70 72 66 65 65 70 67 67 64 63 64 63 63 62 64 64 66 68
75 75 76 84 87 86 83 82 82 84 84 83 86 96 90 87 86 85 87 86 86 85 85 85 81 80 76 72 75 81 79 78 70 77 74 72 68 70 62 65 72 65 66 74 72 61 71 73 68 64 68 70 63 68 68 66 66 63 63 62 66 63 65 68 68 70 72 72 67 68 70 70 69 68 65 70 69 63 69 73 68 75 67 64 64 62 65 68 68 66 65 65 66 65 66 68
74 75 75 79 82 82 83 81 83 82 83 86 85 95 91 87 86 86 91 86 87 86 86 81 83 81 76 76 75 77 77 72 74 76 70 72 73 67 65 66 74 70 64 73 73 62 73 70 68 63 69 69 68 67 68 67 67 66 67 67 66 67 62 64 68 71 70 68 66 69 67 70 69 64 66 70 70 64 67 76 73 74 74 69 68 70 67 67 68 68 66 66 67 68 67 67
74 74 75 80 84 81 81 80 81 83 85 87 89 93 88 86 84 91 90 87 86 87 82 79 82 78 76 76 82 79 79 72 72 76 75 74 66 62 67 74 74 71 64 72 73 65 61 67 70 69 64 68 70 69 66 66 66 67 66 68 64 63 62 68 68 69 69 70 66 69 69 69 66 68 69 72 71 67 67 69 68 77 74 72 69 70 68 67 68 69 69 68 68 68 69 69
73 74 73 80 83 80 79 82 80 85 86 87 84 90 87 85 86 88 87 86 84 84 81 78 80 79 78 78 81 80 77 76 76 75 78 72 73 65 68 70 74 74 73 71 73 71 67 65 69 68 69 67 69 69 67 67 67 69 67 68 65 65 64 69 70 72 70 68 70 71 71 68 68 71 69 68 73 73 67 71 77 75 76 74 72 69 69 69 70 68 70 69 69 69 68 68
73 73 73 73 82 80 75 79 81 85 86 89 88 87 89 86 84 91 86 86 81 84 81 77 82 78 78 84 81 78 76 76 71 76 73 71 69 68 74 73 74 74 74 71 73 72 70 60 65 67 69 69 67 68 69 68 68 68 69 65 70 67 66 67 70 70 68 69 71 72 71 71 68 69 69 70 71 70 66 64 71 75 75 74 72 71 72 71 69 69 69 69 68 69 68 69
72 72 72 74 76 77 76 84 87 87 89 90 92 92 89 89 82 88 84 84 82 83 77 80 81 79 80 84 78 80 82 75 79 68 74 75 72 76 73 75 74 74 71 72 72 73 71 63 65 69 68 68 68 68 69 69 68 69 70 67 69 67 67 66 70 71 71 71 72 72 71 68 70 67 72 72 72 73 73 64 66 70 75 70 73 73 72 67 71 72 72 68 70 69 69 70
72 71 71 73 77 79 82 83 86 87 88 94 93 94 91 93 86 84 83 85 79 82 79 82 80 77 82 85 78 76 78 75 79 75 72 71 70 76 73 75 75 75 73 73 72 65 70 66 60 67 67 65 67 68 68 70 69 71 70 68 69 70 68 68 70 71 73 71 71 72 71 69 70 71 71 73 74 73 69 68 63 67 74 66 70 70 66 71 72 72 72 69 71 69 70 71
72 71 70 73 75 76 78 78 81 86 91 93 92 97 85 94 87 77 84 89 82 81 82 84 81 78 82 85 78 81 74 74 75 71 74 73 79 76 75 76 75 73 72 73 70 72 71 66 68 60 64 63 66 67 68 70 70 70 69 67 68 70 72 70 70 71 71 71 72 71 70 71 69 69 69 69 71 72 66 63 63 64 73 66 69 69 73 73 73 72 72 71 70 69 72 72
71 71 69 71 78 81 81 82 80 81 82 89 89 91 87 90 85 77 82 85 82 78 83 87 81 79 85 82 77 77 75 71 70 75 80 72 80 79 79 77 77 75 73 73 71 72 71 65 68 63 62 62 65 66 70 68 70 67 66 65 67 69 71 71 71 69 70 70 71 70 70 70 66 66 66 65 66 72 68 70 65 62 64 71 72 75 73 72 69 74 72 71 67 72 72 72
71 71 70 71 80 79 83 83 80 84 88 90 88 94 88 90 86 77 83 86 82 81 85 82 80 78 83 78 75 77 78 71 77 77 77 76 80 81 79 76 76 75 74 73 73 72 71 68 66 64 59 61 62 64 68 70 67 69 67 64 68 68 71 72 72 71 71 71 72 72 68 72 71 72 72 69 70 66 65 72 65 62 67 73 75 74 73 71 73 73 73 71 69 70 74 71
71 71 71 74 75 78 81 82 82 85 90 88 92 91 87 85 82 79 86 85 76 83 89 84 83 79 84 80 77 80 72 74 74 77 85 82 81 80 78 76 76 76 76 73 73 72 71 66 66 64 61 62 65 66 68 66 68 67 67 66 64 68 71 71 71 69 71 69 72 70 67 71 71 69 72 69 67 64 64 73 73 63 69 69 74 69 72 66 74 71 74 69 69 68 72 69
70 69 70 75 80 80 83 90 89 92 92 91 93 86 91 88 77 89 88 82 76 84 86 80 75 80 87 83 75 76 71 73 78 73 80 83 82 82 79 77 77 77 76 71 73 71 70 70 68 64 64 64 66 68 69 65 66 68 68 67 67 68 69 70 69 69 68 69 71 71 67 68 71 69 65 66 64 71 68 72 72 66 64 70 71 67 66 66 74 70 74 74 65 64 64 65
69 69 71 75 84 87 85 89 84 91 93 88 90 86 88 79 82 86 88 83 75 87 90 83 75 82 88 81 78 77 75 68 77 82 74 77 82 80 80 78 76 76 76 76 74 73 71 71 69 65 65 64 66 68 67 67 66 67 69 66 67 68 67 69 67 68 69 72 73 70 70 67 67 66 65 63 63 70 72 70 74 71 69 66 65 65 64 67 66 73 76 76 65 68 70 70
69 69 71 73 86 82 86 85 87 93 99 90 87 92 81 80 89 91 88 86 75 83 90 87 83 80 83 76 70 78 74 74 73 80 83 84 78 82 80 79 77 78 77 75 75 72 72 69 70 67 66 64 67 67 66 70 67 66 67 68 68 66 69 69 67 68 72 72 72 71 68 67 64 61 65 66 68 70 68 71 71 69 72 70 69 74 66 64 72 74 73 74 66 64 72 72
69 69 70 73 77 76 80 84 86 92 97 89 85 91 89 78 81 85 84 83 81 87 89 84 82 83 72 73 82 86 84 80 83 74 80 84 83 82 80 78 77 76 78 75 70 74 71 69 71 71 67 65 66 69 69 69 68 67 68 69 66 66 68 68 67 72 70 70 71 71 69 64 66 66 67 63 66 69 68 71 72 70 69 67 75 77 72 66 66 64 64 65 65 71 64 70
69 69 70 72 88 87 87 87 88 99 88 95 89 86 93 88 87 76 86 81 78 89 89 78 76 73 70 77 81 86 86 81 84 81 81 82 83 81 81 77 77 74 78 77 72 71 72 71 71 69 69 68 68 69 68 68 68 68 70 69 68 68 67 68 70 72 69 71 72 70 68 65 66 66 64 62 63 67 72 68 71 68 74 69 69 74 74 70 71 70 67 72 73 72 67 72
68 69 71 72 76 83 92 96 96 94 102 99 96 81 86 94 93 84 76 87 86 83 83 79 71 78 73 75 76 78 83 81 82 81 82 82 82 80 79 77 77 74 76 75 73 74 73 74 71 72 70 70 69 69 69 70 69 67 71 68 68 67 69 71 73 69 72 70 70 68 68 65 64 63 62 63 65 68 69 73 68 73 68 72 68 70 73 70 72 71 68 72 74 71 67 65
