Climate/data/grids_germany_multi_annual_precipitation_1981-2010_03.asc
NCOLS 654
NROWS 866
XLLCORNER 3280414.711633467
YLLCORNER 5237500.62890625
CELLSIZE 1000
NODATA_VALUE -999
[rows 408 to 458 of 866, columns 480 to 575 of 654]
48 49 49 49 49 49 51 50 52 51 50 52 52 51 49 50 50 49 49 51 50 49 48 45 44 45 46 45 45 44 44 43 43 43 42 42 42 42 42 44 44 44 44 44 44 46 46 46 46 44 43 43 43 44 45 45 46 46 46 47 47 47 47 46 46 46 46 46 46 47 49 50 51 51 54 54 51 51 52 55 55 56 57 56 57 57 56 55 56 56 59 55 56 59 56 55
48 48 49 49 49 51 51 51 50 50 52 51 51 52 52 50 50 50 52 51 50 51 49 46 45 44 43 45 46 45 45 44 45 43 42 43 44 43 44 45 44 44 44 44 44 44 44 44 44 44 43 43 43 43 44 45 45 44 46 45 46 45 47 46 46 46 46 45 46 46 48 50 50 52 51 54 54 52 54 55 55 56 58 59 60 58 56 55 55 58 56 58 57 56 60 55
48 49 50 50 51 49 51 51 51 52 53 52 51 51 52 52 51 51 54 55 54 51 49 45 45 44 44 46 44 44 46 46 46 44 43 44 43 43 43 42 44 44 44 44 44 44 44 44 44 45 44 42 43 43 44 45 47 47 45 45 45 45 46 47 46 46 45 46 48 48 48 49 50 50 51 52 52 54 54 55 55 56 57 58 62 59 57 57 58 61 60 60 59 56 55 55
49 49 50 50 50 50 50 51 51 52 54 53 52 52 52 53 52 51 52 52 50 49 49 47 45 44 45 45 44 46 46 46 46 44 43 43 43 43 42 44 45 45 44 45 45 45 44 45 45 45 44 44 45 45 45 46 46 46 46 48 47 47 46 46 46 45 46 46 47 49 49 49 51 51 51 52 52 52 54 57 57 59 57 58 56 58 59 58 60 60 58 59 66 57 58 59
50 49 50 50 50 51 51 53 53 53 53 54 53 53 53 52 52 53 53 52 51 48 48 47 46 46 47 45 45 47 46 47 46 46 43 43 43 42 42 45 46 46 46 45 45 45 45 45 45 45 45 46 45 45 46 47 46 46 46 48 48 47 47 46 46 46 47 47 48 48 49 50 51 51 51 54 52 54 55 58 58 58 58 58 59 59 58 59 59 61 58 59 59 60 61 59
50 49 50 50 50 50 51 53 53 52 54 53 52 52 53 52 52 53 52 52 51 51 48 47 46 46 46 44 45 46 46 45 46 46 43 42 42 43 44 44 43 45 47 47 46 45 45 45 45 46 46 46 46 46 47 48 46 46 47 47 47 49 47 47 46 46 46 46 48 48 49 50 51 51 51 51 53 55 58 58 58 59 59 59 58 61 60 59 59 62 59 59 59 63 65 69
50 50 49 50 51 51 53 52 53 52 53 54 54 52 52 52 52 53 51 52 51 49 48 47 46 46 45 46 46 45 47 44 44 44 44 44 45 46 46 45 46 47 47 47 47 48 45 45 47 48 49 48 50 48 47 46 46 46 47 46 47 48 50 49 48 48 48 48 48 49 49 49 51 52 51 52 53 56 54 55 56 58 58 59 60 63 63 62 63 62 61 60 61 60 64 66
52 52 50 50 53 53 54 56 55 54 55 54 53 54 53 53 51 51 50 52 51 50 49 47 47 47 45 47 47 49 46 46 45 46 45 45 45 45 47 47 47 46 46 48 48 48 45 46 50 49 52 52 53 50 49 48 46 47 48 49 49 48 48 49 47 49 50 49 48 48 49 49 51 53 53 52 53 58 54 55 55 57 57 58 60 67 67 61 63 64 62 63 61 61 61 67
51 52 50 53 53 54 54 56 56 56 55 55 55 55 53 52 52 51 52 51 51 50 49 47 47 47 47 47 47 47 46 45 45 46 46 47 47 47 47 47 47 47 48 49 48 48 48 46 50 48 52 52 51 50 49 47 46 46 48 49 49 47 48 48 48 50 50 50 48 48 49 49 49 52 53 53 54 54 54 54 57 58 58 58 61 62 64 62 61 63 62 63 66 64 65 67
49 49 49 54 55 57 56 55 57 56 56 54 55 55 54 55 55 52 50 49 49 48 48 48 47 47 49 48 49 47 47 46 46 46 46 48 49 48 48 48 48 48 49 49 50 48 51 48 49 50 50 48 49 48 49 47 46 47 49 49 49 50 48 49 48 49 50 50 50 49 48 49 49 52 52 54 54 53 54 54 56 56 58 58 58 60 63 63 62 62 63 67 69 68 62 69
52 50 53 53 51 53 55 56 55 57 57 55 56 55 54 55 55 54 54 51 51 48 49 48 48 48 48 49 48 47 46 47 46 46 47 49 50 49 50 49 48 49 50 50 50 51 51 47 47 51 51 48 48 48 49 47 47 48 51 50 50 48 49 48 48 49 49 50 49 48 49 50 50 52 51 53 53 52 53 54 54 56 57 57 60 60 63 63 62 62 71 67 69 67 66 66
49 53 54 54 54 55 54 54 56 57 56 56 55 54 54 54 55 54 53 52 51 51 51 50 50 51 49 50 47 47 46 46 48 48 49 49 50 51 51 51 49 48 50 53 53 53 52 50 46 46 47 46 47 49 49 47 47 48 49 49 51 51 48 48 48 49 48 49 49 48 50 50 50 50 50 53 52 52 53 54 54 56 56 59 59 66 66 64 63 62 65 64 67 69 67 66
49 51 53 54 53 55 52 55 55 55 56 55 55 54 54 54 55 55 53 55 52 54 52 50 51 51 49 49 48 48 47 47 49 50 51 50 50 49 50 50 49 50 53 51 50 51 52 50 49 50 50 48 48 48 48 47 48 47 48 49 50 51 49 48 49 48 48 49 48 48 50 50 51 51 51 51 50 51 53 54 55 55 56 58 60 64 64 66 67 65 63 64 66 66 66 65
51 49 52 51 53 53 52 54 55 54 55 53 54 54 54 54 56 56 55 54 52 54 52 53 51 53 51 49 46 46 45 49 49 50 51 51 53 52 49 50 50 50 49 49 49 50 50 49 50 46 50 48 48 48 49 46 46 45 46 51 50 50 49 49 49 49 48 50 49 49 49 50 50 50 51 51 50 51 53 53 57 57 58 58 61 62 63 64 66 67 65 66 64 64 67 69
52 52 50 52 52 53 52 53 55 54 54 54 54 51 53 55 55 55 54 54 53 54 54 53 53 51 50 47 47 48 48 47 50 50 50 53 52 52 48 51 49 47 48 50 52 52 53 51 51 51 45 46 47 46 48 45 44 45 45 47 50 50 50 49 49 49 48 49 49 49 48 48 49 50 50 51 51 52 54 54 55 57 57 58 61 61 63 63 65 67 66 65 65 65 67 66
52 52 50 50 52 52 52 53 54 52 51 52 53 53 54 55 55 54 54 55 56 54 53 53 55 51 50 50 50 49 49 51 51 51 51 53 54 51 48 52 48 46 46 48 50 50 53 51 51 47 50 47 43 43 44 44 44 44 45 46 48 49 49 48 49 51 49 49 47 49 48 48 50 49 51 51 54 53 53 54 57 58 59 58 60 61 62 62 64 66 67 66 64 66 67 69
52 50 50 51 52 52 55 54 55 52 51 51 51 51 53 51 53 54 55 56 57 55 54 53 52 53 51 50 50 50 49 50 51 51 53 53 54 53 51 48 48 48 47 49 48 51 51 50 51 48 48 47 43 43 47 45 44 44 44 45 46 50 49 49 49 49 50 49 49 48 47 47 48 49 51 52 54 54 54 54 57 56 56 60 59 60 61 63 64 64 67 66 66 66 67 67
53 52 51 52 52 51 54 54 54 52 51 51 52 51 53 56 54 55 54 54 53 53 56 55 53 52 51 51 50 50 50 50 52 50 54 53 52 51 51 47 50 49 50 51 49 54 52 51 51 49 48 47 46 48 44 47 44 44 44 45 45 49 50 49 49 49 50 49 49 47 45 45 48 48 49 52 54 53 55 56 57 56 57 58 59 61 62 63 64 64 64 64 67 67 67 66
53 53 54 54 53 51 53 54 51 51 52 52 53 54 53 51 54 54 56 54 52 56 57 56 54 54 54 52 52 53 53 53 54 55 54 55 56 55 50 50 52 50 53 51 50 49 55 53 52 53 52 47 49 49 48 45 44 44 44 44 45 46 50 50 50 50 49 49 49 48 45 43 47 49 49 50 52 55 56 55 56 56 57 58 58 60 64 62 62 62 63 64 65 65 66 65
54 54 52 54 52 53 52 51 51 53 55 56 56 54 57 54 55 51 50 52 53 55 54 58 58 57 54 54 53 55 54 53 56 54 56 59 57 53 57 53 54 52 54 54 54 51 51 52 54 53 51 46 52 53 53 52 46 44 44 45 45 48 50 50 49 51 52 51 51 49 46 46 48 48 49 50 53 54 56 57 57 57 57 57 57 58 60 60 61 62 63 64 63 66 66 65
53 53 54 54 52 53 55 54 54 56 55 54 55 57 55 57 58 58 56 56 51 55 52 56 56 56 52 53 55 55 55 57 55 57 57 59 58 55 54 55 55 53 53 53 53 53 51 51 51 51 47 53 53 52 54 52 52 46 45 45 45 45 50 51 51 50 49 52 49 49 47 47 47 47 48 49 53 53 56 57 57 56 56 57 57 57 59 59 61 63 61 62 62 62 64 66
53 54 56 56 57 53 57 56 56 56 60 58 57 58 57 58 58 58 58 57 53 53 52 55 52 52 53 55 53 54 54 56 56 57 60 59 58 57 57 57 56 55 56 54 53 54 53 52 52 52 53 52 54 54 55 53 52 49 48 45 45 45 45 46 46 46 45 44 45 46 46 44 45 46 50 49 49 53 53 56 56 56 56 58 58 59 58 58 60 60 61 61 61 63 65 66
54 54 55 56 56 53 55 56 55 57 58 59 59 59 59 59 59 59 60 58 57 56 54 53 53 54 54 53 54 56 56 58 59 60 60 59 59 58 59 58 57 57 57 57 58 56 56 55 52 55 54 51 53 55 55 53 53 52 47 48 46 45 46 45 45 44 44 44 44 43 43 45 46 46 47 50 54 52 55 55 55 56 57 57 58 60 58 58 59 59 61 60 61 63 63 61
55 56 55 54 55 56 55 56 56 57 59 58 59 60 60 60 60 60 60 61 57 55 54 56 55 58 57 56 59 57 60 59 60 61 59 59 58 57 59 58 56 57 58 58 58 59 56 59 56 57 56 53 53 55 55 54 53 53 51 51 52 48 45 45 44 44 44 44 44 43 42 44 46 45 49 54 53 53 55 55 53 55 57 58 59 59 59 58 58 60 60 60 60 59 62 62
55 55 55 55 55 55 53 52 55 57 58 59 58 59 60 62 62 60 60 59 58 58 54 59 60 59 59 60 56 56 60 61 60 61 60 59 58 60 58 56 56 60 61 58 59 60 60 60 56 58 58 55 54 55 56 56 55 52 53 51 54 49 51 44 45 45 44 44 44 43 43 43 45 46 47 52 53 54 54 55 55 55 56 56 57 58 60 59 58 60 59 57 60 59 58 58
56 54 55 55 55 55 55 57 57 57 56 58 57 58 60 62 62 59 60 60 60 55 60 61 60 59 61 57 60 55 58 62 62 61 63 62 60 60 59 57 58 57 58 58 60 59 59 60 55 59 58 57 54 55 56 56 55 56 55 55 55 55 54 54 50 45 45 47 44 43 43 43 44 45 45 47 48 53 53 54 53 56 56 59 59 59 60 60 61 57 59 58 59 58 56 57
54 54 55 55 55 56 53 56 57 57 57 57 59 60 60 60 60 60 61 60 59 55 61 60 58 59 60 61 60 61 58 59 62 64 59 61 60 58 58 58 58 58 59 57 58 58 59 57 58 54 56 59 58 54 57 57 56 56 57 57 57 55 56 55 55 50 46 46 44 43 43 42 44 43 44 45 45 50 52 56 57 59 59 59 60 61 60 57 57 57 56 56 58 55 54 55
54 53 53 54 54 52 54 58 60 60 60 57 60 59 59 60 60 59 60 58 58 57 59 57 61 60 61 61 61 58 58 56 58 60 56 56 57 59 56 55 59 59 58 58 58 57 53 54 52 54 54 56 57 55 57 58 58 57 58 57 58 59 57 57 54 49 49 48 46 45 43 42 42 43 45 45 45 45 53 54 56 56 58 60 59 57 58 57 56 56 56 57 55 57 56 58
57 54 54 55 54 54 56 59 59 60 62 58 57 58 59 60 60 60 59 59 59 55 60 61 61 61 62 62 62 61 58 59 56 63 60 58 59 60 58 57 56 56 56 56 57 55 53 53 52 48 52 56 57 55 56 57 57 57 56 57 58 58 57 56 55 55 50 49 47 45 44 43 42 43 44 45 45 45 47 51 53 56 58 58 59 59 56 55 57 55 56 56 57 58 58 60
58 55 54 54 53 54 55 57 60 60 59 60 59 59 59 60 60 61 60 59 60 61 61 61 63 62 61 62 62 62 57 62 61 63 64 61 58 58 58 60 60 55 58 57 56 58 55 54 52 47 51 57 57 55 57 58 57 57 57 58 59 58 57 57 57 55 52 51 49 46 45 43 43 45 44 45 45 45 45 45 51 56 59 60 60 63 57 57 59 58 56 59 58 59 61 62
54 55 54 53 53 54 56 56 57 58 59 59 58 60 60 60 61 61 61 61 60 62 64 62 64 63 62 61 62 60 61 62 64 63 64 61 62 62 58 62 63 57 60 59 60 59 58 56 52 51 52 57 55 57 58 58 59 58 57 58 58 59 58 59 55 56 55 53 46 47 48 48 47 44 45 43 45 45 45 45 46 54 59 59 61 56 59 55 58 56 54 59 61 64 63 61
53 54 53 53 54 54 55 58 58 58 56 58 58 59 62 62 61 62 62 62 61 65 63 63 63 65 63 62 60 62 60 62 64 64 65 62 62 62 60 61 63 60 57 61 61 60 59 58 60 56 53 55 56 58 60 60 60 59 57 57 60 58 55 52 51 52 56 48 52 52 49 47 46 46 44 44 45 45 45 45 46 47 48 51 51 51 51 52 54 54 53 56 60 63 67 66
55 53 53 55 55 54 56 58 58 60 58 57 58 60 60 62 61 62 63 63 60 65 64 63 63 65 62 62 62 63 62 63 64 65 63 63 63 63 61 62 62 63 62 57 61 62 62 62 59 58 57 60 57 58 59 60 63 60 59 55 58 58 56 55 53 50 49 52 56 53 52 50 49 48 47 46 45 45 46 46 46 46 46 48 47 51 50 51 53 54 56 56 59 60 63 66
53 52 57 54 54 53 54 55 59 59 59 58 60 60 60 61 62 62 59 60 62 62 64 64 63 65 64 62 63 64 63 63 65 64 64 63 64 64 64 62 63 64 61 62 60 63 63 64 63 62 61 61 58 59 63 63 63 62 62 58 55 58 57 56 54 50 47 57 55 57 54 53 50 49 48 47 46 45 45 46 46 45 45 47 47 48 48 51 53 53 53 55 56 57 62 61
51 52 54 60 50 53 57 58 58 61 60 61 61 61 62 62 63 60 60 62 62 63 63 64 64 65 64 63 64 64 64 60 62 63 63 65 63 62 63 64 65 64 61 61 64 60 62 61 62 63 64 64 63 61 64 67 67 64 63 60 55 62 62 56 53 48 53 49 52 53 56 55 54 51 47 48 46 45 45 47 46 45 46 46 46 47 49 50 53 54 54 57 56 58 60 59
49 51 53 57 53 54 58 58 59 60 58 60 61 59 61 61 62 63 60 57 57 62 62 62 64 64 65 63 64 64 62 63 60 62 64 62 63 63 64 65 65 65 66 64 64 62 63 64 63 63 65 65 66 66 63 67 64 67 64 61 61 59 57 55 49 50 58 54 55 52 54 54 55 55 53 47 50 50 51 51 45 45 44 46 45 46 49 50 54 55 55 56 53 57 59 53
51 50 54 56 52 54 57 61 60 60 59 59 59 58 59 61 61 62 62 56 59 61 60 62 63 62 65 66 65 63 62 64 61 61 60 63 63 63 64 66 66 64 62 64 64 62 60 63 64 64 65 67 66 64 66 66 64 66 64 63 62 61 58 51 50 56 56 58 58 54 54 55 56 54 50 54 52 52 50 48 49 50 45 44 44 44 44 45 51 56 56 55 53 46 53 55
50 50 51 54 52 56 58 59 60 60 60 60 60 60 59 60 61 61 59 59 59 57 61 63 63 63 64 66 64 65 63 64 63 62 63 63 63 63 66 66 67 65 60 64 65 64 64 62 64 65 64 67 67 65 71 71 66 66 69 64 63 61 59 55 57 55 53 53 59 61 60 56 56 51 51 50 55 53 51 51 50 47 48 50 47 47 43 46 52 54 53 55 52 56 62 54
54 55 55 54 52 53 58 60 59 60 61 60 60 61 61 61 60 61 59 59 55 60 63 64 63 64 65 64 63 63 64 63 63 64 63 61 65 63 65 66 66 66 62 63 64 64 64 65 62 66 65 69 66 69 74 74 69 68 68 67 65 60 59 62 58 54 53 55 56 61 60 57 54 54 49 51 55 56 54 52 51 49 49 50 49 47 45 45 52 54 53 46 56 54 55 57
55 55 56 54 53 56 54 55 57 57 59 60 60 61 62 62 61 61 59 60 57 60 62 64 66 65 65 63 64 63 64 64 66 64 61 60 63 64 65 67 67 66 61 62 61 63 64 67 65 64 66 67 70 73 73 75 72 69 69 66 64 64 63 62 59 58 54 57 53 54 58 54 54 50 51 54 55 56 55 54 52 49 50 47 48 46 47 46 52 54 54 51 56 56 54 48
54 55 56 54 53 56 56 58 59 59 60 61 60 61 62 62 62 62 61 60 58 60 63 63 66 66 65 65 64 65 64 63 66 63 60 64 64 63 64 67 66 66 63 66 63 65 66 67 66 64 67 68 67 68 71 72 71 70 68 66 62 64 62 62 60 59 55 57 56 53 57 61 60 58 56 52 56 61 56 54 53 55 53 49 48 45 48 48 47 54 55 56 57 57 54 63
53 53 52 52 53 57 57 54 58 60 60 61 61 62 62 62 63 62 61 63 60 59 64 66 66 64 65 64 63 67 66 66 67 64 64 62 66 65 65 68 68 67 64 67 66 66 64 64 67 64 65 68 70 72 72 75 72 70 69 66 63 63 65 62 60 62 60 60 60 59 56 58 60 63 60 56 60 61 55 52 56 55 54 50 49 47 47 50 48 47 54 56 58 58 57 60
54 52 53 52 52 56 58 53 54 60 59 61 62 61 60 62 62 63 64 63 60 58 66 64 66 64 64 65 64 67 67 66 68 66 66 62 64 65 67 67 68 67 66 66 65 66 66 65 67 66 67 66 69 72 69 71 72 70 69 64 62 63 64 62 63 63 59 60 63 60 59 60 59 58 61 61 61 57 55 53 58 53 53 51 51 49 47 48 50 51 51 59 59 60 57 53
54 53 53 53 52 54 55 57 56 54 55 58 59 60 61 60 63 63 63 63 65 63 65 66 66 64 64 65 67 64 67 68 68 70 66 65 63 66 66 69 70 69 67 69 67 65 68 65 68 69 69 67 67 70 70 70 70 72 65 69 69 64 64 67 65 62 61 61 61 62 61 61 60 58 56 60 60 57 53 61 60 54 54 52 48 46 44 48 52 54 52 55 60 61 56 57
53 55 55 49 52 56 56 57 57 56 57 58 60 62 63 63 63 63 65 66 65 65 64 62 64 64 64 65 65 67 68 71 70 71 67 67 63 65 64 68 70 72 71 70 67 67 67 67 68 68 69 68 68 70 69 69 68 71 67 69 70 67 65 63 65 63 63 61 63 62 62 62 61 60 59 60 61 60 63 59 61 54 55 54 49 50 52 52 54 53 49 56 56 60 52 60
54 51 52 54 56 55 56 56 57 58 58 60 59 60 62 63 63 64 66 67 66 66 64 63 62 64 65 66 68 67 69 71 71 71 68 66 65 65 68 70 69 71 72 70 69 67 70 67 69 69 70 67 68 68 69 70 70 71 70 66 70 70 66 64 64 65 64 62 64 67 65 66 63 58 61 59 60 56 67 65 60 60 58 52 48 51 56 55 55 52 54 55 59 63 56 58
54 55 55 54 54 56 56 58 59 58 61 60 59 60 62 62 65 64 65 66 65 63 62 62 65 66 67 69 70 70 69 71 72 71 71 63 63 67 67 71 76 76 74 74 72 70 68 68 65 70 71 67 68 69 70 70 72 71 72 69 69 70 70 68 68 66 66 65 63 68 67 65 66 60 62 63 61 60 63 64 60 62 57 57 52 50 54 50 53 54 54 56 59 61 58 62
54 55 56 58 56 57 57 57 59 61 60 61 61 60 60 61 63 65 63 65 63 61 63 64 65 64 64 67 71 73 72 74 74 70 67 69 68 69 69 76 78 79 78 75 75 73 72 68 68 70 70 67 66 69 73 70 71 70 72 72 69 70 71 70 69 65 67 68 67 69 70 67 68 66 65 65 63 61 58 64 60 58 58 53 51 52 56 54 57 55 56 57 59 58 59 61
53 55 55 57 59 59 58 58 60 60 60 62 61 58 63 63 64 64 63 63 64 64 63 66 66 68 66 68 71 75 73 75 76 74 71 73 72 72 71 81 81 80 77 75 75 74 72 68 67 68 72 69 69 70 70 72 73 73 72 73 72 68 74 74 68 71 69 67 72 76 72 69 69 69 67 66 65 58 56 63 58 60 58 54 54 56 58 51 58 59 58 60 60 61 61 59
56 56 58 59 58 61 59 61 62 61 61 62 61 59 62 63 63 64 63 63 65 65 68 66 67 70 69 72 72 73 76 77 73 72 76 75 74 74 75 82 79 78 77 75 77 74 74 71 66 69 70 70 70 68 69 72 72 73 73 75 74 73 74 74 69 74 73 72 71 80 76 73 70 68 66 58 56 63 58 60 60 60 57 56 53 53 58 50 56 59 58 57 61 62 62 58
57 58 59 58 60 61 62 63 63 63 62 62 61 60 61 63 64 65 65 64 61 61 60 60 63 66 68 70 72 69 71 73 72 73 75 75 77 77 75 79 76 77 78 76 76 74 74 73 66 72 72 71 71 68 69 69 71 70 73 73 74 76 75 72 76 75 78 78 76 74 79 77 73 65 62 61 64 61 66 61 62 58 53 54 54 52 52 52 55 55 59 57 59 64 64 63
