Climate/data/grids_germany_multi_annual_precipitation_1981-2010_02.asc
NCOLS 654
NROWS 866
XLLCORNER 3280414.711633467
YLLCORNER 5237500.62890625
CELLSIZE 1000
NODATA_VALUE -999
[rows 561 to 611 of 866, columns 96 to 191 of 654]
60 64 62 59 66 65 68 67 69 66 64 62 62 59 56 52 52 55 50 50 47 49 49 52 52 57 56 55 54 55 56 61 62 56 54 58 60 69 74 59 40 23 35 40 40 38 41 46 40 45 45 39 36 34 33 34 34 34 35 36 37 37 38 39 43 41 42 42 42 40 39 39 39 39 40 41 41 40 40 39 40 38 38 40 41 41 43 44 44 44 44 44 44 44 44 45
57 63 62 64 65 63 66 66 67 65 64 59 58 57 56 54 54 50 50 50 50 51 46 49 53 57 54 56 51 51 57 64 72 71 68 70 74 72 65 54 50 28 43 39 40 43 46 44 42 41 38 36 33 32 32 32 32 34 34 35 36 37 41 43 45 42 42 41 39 42 40 39 39 39 39 38 38 37 37 39 38 38 38 38 40 41 42 43 43 43 44 44 44 44 46 45
64 62 65 63 65 63 61 66 64 64 60 60 59 56 55 55 50 53 51 51 51 53 48 51 53 54 52 54 56 56 57 72 71 68 67 69 65 58 57 51 47 41 35 40 47 47 46 41 39 38 33 33 32 32 31 30 30 31 34 36 36 40 46 45 41 43 41 41 41 42 40 39 39 39 39 38 38 38 38 37 38 38 38 38 39 40 41 42 42 42 43 43 43 44 45 46
67 67 65 64 61 61 66 65 62 59 58 58 59 57 54 53 52 48 52 50 51 54 54 56 58 56 55 56 65 69 52 55 61 55 64 63 66 57 53 49 54 46 34 52 52 39 38 39 33 32 33 32 32 32 31 30 30 33 38 42 43 45 46 46 46 45 42 42 42 41 42 43 42 39 38 38 38 38 38 38 38 38 38 39 39 39 41 41 41 41 43 43 44 43 45 46
67 66 63 61 60 59 65 66 63 60 59 55 57 54 56 52 50 53 52 54 54 55 53 56 58 57 58 63 70 64 61 55 50 57 57 58 59 62 57 52 52 48 34 31 31 33 34 35 33 33 33 33 32 32 32 31 32 37 42 44 45 45 45 46 48 46 44 41 42 42 43 43 43 42 38 38 38 38 37 38 39 39 38 39 39 39 40 41 41 42 42 43 43 43 44 45
66 66 64 61 60 58 65 65 65 62 60 59 55 58 53 50 53 54 56 56 56 55 55 60 61 64 62 57 55 52 52 49 48 44 48 48 54 53 51 49 53 54 50 41 38 44 41 34 33 34 33 33 32 33 33 32 36 41 44 45 45 45 45 44 45 44 43 41 40 42 42 42 46 44 38 38 38 38 39 38 38 38 38 39 40 40 40 40 40 42 42 43 44 44 44 44
64 62 65 65 62 60 59 62 62 64 60 58 54 57 53 52 55 55 53 55 52 55 58 65 67 61 53 54 56 55 51 48 49 47 43 47 46 47 46 47 48 47 45 49 37 38 37 35 33 33 33 34 34 37 44 37 34 41 44 45 46 45 45 44 44 45 44 43 41 41 41 42 45 46 37 38 38 38 39 39 38 38 39 39 40 40 40 40 40 40 43 44 44 44 44 44
61 59 60 64 61 60 58 61 64 64 60 59 57 56 49 52 54 57 56 51 54 57 64 68 62 58 56 64 60 55 51 51 53 51 48 42 46 45 44 47 47 49 47 44 38 36 35 34 34 34 36 38 37 38 45 44 33 39 44 45 45 45 46 46 46 44 45 45 42 41 42 42 46 41 37 38 38 38 38 38 38 38 39 40 40 40 40 40 40 40 43 44 44 44 44 46
62 60 63 61 61 61 59 61 59 63 61 59 56 52 51 53 55 56 51 53 56 62 72 68 62 58 58 64 56 53 51 51 51 51 52 50 41 49 45 48 45 42 44 45 37 36 35 35 35 37 40 46 39 38 43 45 39 34 39 43 43 45 46 46 42 42 38 37 44 44 43 41 44 39 37 37 38 38 37 38 38 38 39 40 40 40 40 40 40 41 42 44 44 43 43 45
62 65 62 62 60 61 60 59 64 65 64 61 59 57 48 56 58 54 51 57 63 72 69 67 66 68 57 54 56 57 58 59 57 60 57 52 47 40 44 41 41 41 40 43 34 34 35 35 35 40 48 47 41 43 41 41 45 35 36 42 45 44 44 39 36 36 35 35 42 45 43 43 44 39 37 37 37 38 37 38 38 38 39 39 40 40 39 40 40 40 42 42 43 44 43 44
64 65 64 63 61 58 57 62 65 66 62 59 56 56 54 57 51 52 58 62 72 69 67 71 74 65 58 55 59 65 61 60 55 53 46 42 40 43 41 40 43 46 46 40 32 34 34 33 34 39 42 48 44 43 44 41 44 36 34 35 37 39 41 36 34 34 34 37 45 43 43 45 40 39 37 37 37 38 37 38 38 38 39 39 39 39 39 39 40 40 42 42 43 43 43 44
62 65 66 66 64 61 62 63 63 64 61 58 54 52 52 54 52 51 55 67 67 64 70 73 66 64 64 61 55 54 54 54 51 48 51 48 43 40 38 47 46 45 44 39 33 33 33 33 34 39 40 47 46 44 42 45 44 37 35 33 32 32 32 32 34 33 35 45 45 44 44 41 37 37 41 42 40 37 37 38 38 38 39 39 39 39 39 40 40 40 42 42 43 43 44 45
64 65 66 66 65 63 57 64 65 64 63 60 57 52 49 53 56 61 56 61 61 68 72 66 62 59 59 56 51 49 54 43 48 50 47 46 48 42 40 36 44 42 41 39 34 33 33 34 35 37 41 45 44 42 43 43 39 42 40 34 33 36 34 35 37 33 37 43 47 44 40 40 41 42 42 40 37 37 38 37 38 37 38 38 38 39 39 39 40 40 42 42 43 44 44 44
68 62 67 65 66 63 60 64 61 66 60 55 55 49 54 58 70 63 62 61 65 67 67 68 58 55 55 54 51 48 50 46 52 45 44 44 45 45 42 41 36 36 35 35 35 33 33 32 34 34 41 44 43 42 42 41 38 36 32 33 31 36 35 34 34 33 38 45 44 38 38 39 39 41 42 42 37 37 38 37 38 37 38 37 38 38 39 39 40 40 42 42 43 44 44 44
78 70 67 68 67 66 61 61 62 65 61 56 52 52 59 64 60 60 64 65 62 62 60 59 56 54 52 54 52 51 52 53 56 49 45 45 40 42 41 41 38 37 43 37 33 32 32 32 31 33 34 39 41 42 39 38 36 34 33 32 34 37 36 33 36 33 39 44 40 39 39 38 39 42 44 45 37 36 37 38 37 38 37 37 37 37 39 39 40 40 41 42 43 44 44 45
78 69 67 62 61 67 63 59 65 64 66 61 59 48 59 57 53 58 63 58 56 56 57 56 54 54 52 54 55 54 42 57 49 44 44 42 45 41 39 43 40 41 38 34 32 32 34 33 32 32 34 32 35 35 36 37 35 34 35 38 37 33 34 37 35 32 39 41 41 37 40 40 39 39 43 42 37 37 37 38 37 37 38 37 37 37 38 39 40 40 41 42 42 44 44 45
71 68 71 64 63 64 62 60 61 61 65 66 70 64 45 47 57 61 59 54 52 52 54 53 52 52 50 55 50 58 59 53 47 44 42 45 41 39 37 38 43 37 34 33 32 32 38 36 34 32 30 30 33 33 30 34 33 36 36 36 33 32 34 37 34 33 33 34 35 35 37 40 41 38 43 37 38 37 37 37 38 37 37 37 37 38 38 38 40 40 41 42 42 44 44 44
70 72 67 67 66 68 67 64 57 65 68 78 67 59 52 45 55 55 54 53 48 53 54 54 56 55 51 47 55 59 52 45 47 45 43 41 39 38 37 43 39 37 31 31 31 32 40 35 35 34 30 32 33 40 32 30 29 35 32 35 32 37 37 35 34 35 34 34 36 34 38 40 40 42 39 38 45 37 36 37 37 37 37 37 37 38 38 39 39 39 41 42 43 43 43 44
72 73 73 70 69 67 64 57 60 68 75 68 63 57 44 43 46 55 54 51 41 54 51 53 52 51 51 46 55 50 45 43 43 46 43 39 41 38 37 35 33 32 32 32 36 34 32 32 33 33 32 30 39 37 32 29 30 31 31 34 34 39 37 36 35 35 35 36 35 35 39 41 41 43 40 45 43 37 37 37 37 37 37 38 37 37 38 39 39 39 41 41 43 43 42 45
70 70 72 70 67 68 57 59 60 70 66 64 58 55 44 55 57 55 57 55 50 42 50 47 54 57 57 52 45 48 49 45 47 42 38 38 38 38 38 41 39 33 33 34 39 36 35 35 34 33 33 32 31 30 29 30 31 30 32 35 37 38 37 37 36 37 35 35 35 35 40 39 40 41 42 47 39 36 36 37 37 36 37 39 39 38 38 39 39 39 41 41 43 43 43 45
71 67 71 69 69 61 61 63 58 63 63 64 61 53 44 53 55 49 56 53 47 40 51 54 55 59 60 51 52 46 46 53 44 44 46 44 39 40 42 52 37 37 37 38 39 36 37 36 37 34 34 34 34 33 32 29 31 31 33 36 39 38 36 36 36 35 36 36 35 36 39 40 39 42 44 46 40 35 36 37 36 38 38 37 38 38 38 39 39 39 41 41 43 43 45 46
68 65 74 69 70 65 61 69 56 59 61 62 64 62 53 48 46 57 54 49 45 40 56 50 55 56 54 54 50 52 46 43 43 41 43 43 45 43 41 48 43 42 44 42 41 36 36 38 37 33 36 35 39 38 33 30 32 36 35 38 39 36 36 36 37 38 37 38 37 39 43 42 42 44 44 43 38 36 36 37 37 37 39 38 38 37 39 39 39 41 41 42 44 44 45 47
65 68 72 68 66 67 69 63 62 60 52 61 61 59 59 56 52 43 50 47 48 43 48 49 54 47 50 52 49 45 43 48 48 44 45 48 35 39 36 38 35 49 49 48 40 39 40 36 34 36 34 35 37 37 34 34 32 35 36 41 41 37 37 37 37 37 37 38 39 39 40 44 43 44 43 44 36 36 37 37 37 37 37 38 38 38 40 40 40 41 42 42 45 45 45 47
74 68 60 66 67 61 66 68 62 60 54 56 52 61 54 47 44 51 42 40 39 45 43 49 51 45 45 48 50 49 46 38 38 44 50 44 44 47 43 41 47 47 48 41 38 36 36 40 36 35 35 35 35 37 35 34 33 34 35 36 36 35 35 37 37 34 36 39 39 42 44 44 45 44 43 41 36 36 36 37 37 37 38 39 40 40 41 41 41 41 42 44 45 45 45 47
74 68 69 60 63 66 62 71 66 67 65 60 47 47 47 57 53 57 52 47 43 39 40 43 46 42 43 46 47 47 43 37 55 44 37 39 49 49 45 35 51 52 48 45 40 41 42 43 37 36 36 36 36 36 39 36 34 33 32 32 31 34 34 33 34 36 41 40 41 42 44 45 46 43 43 43 35 35 35 37 37 38 39 40 40 40 41 41 41 42 42 43 45 45 47 48
75 72 65 63 66 65 66 69 67 64 62 61 57 56 61 55 65 56 57 46 56 46 42 40 39 39 39 39 42 39 38 37 45 45 55 55 49 48 48 36 51 51 46 41 47 36 38 38 35 35 35 41 39 38 34 35 35 36 35 36 34 34 32 36 34 34 37 40 42 43 45 45 45 44 44 41 35 36 35 35 37 38 39 40 40 41 41 41 42 42 43 44 45 47 47 49
73 69 70 59 65 59 67 65 64 64 63 47 47 56 62 60 55 63 60 48 55 50 49 42 44 45 43 48 46 42 39 49 51 48 41 43 52 50 51 37 44 45 44 40 37 34 33 38 34 37 35 41 40 41 41 41 42 38 36 38 36 35 33 36 34 34 35 37 37 39 42 44 43 42 42 37 35 35 35 37 37 38 39 40 40 41 41 42 42 42 43 44 44 47 48 51
73 70 72 60 65 65 55 65 62 59 53 52 59 51 58 63 61 60 56 56 50 44 46 50 44 51 49 50 47 39 41 51 52 49 47 48 48 50 45 35 43 48 45 41 42 38 41 38 38 39 37 37 39 41 42 43 44 45 44 38 37 35 35 34 33 33 34 34 35 37 39 42 42 41 41 37 35 35 35 36 37 38 39 40 40 41 41 42 42 42 42 44 45 45 48 53
73 69 72 63 69 62 62 57 62 57 48 56 60 56 48 51 55 60 60 52 48 49 50 48 54 56 51 45 53 43 48 44 57 52 55 55 48 49 45 41 48 48 48 44 38 42 42 42 40 39 37 41 42 43 44 43 44 46 40 43 36 37 37 30 32 33 32 34 35 37 38 39 39 37 38 35 35 35 36 36 37 38 39 39 40 41 41 42 42 41 42 44 45 46 50 53
73 70 71 74 73 60 64 57 53 51 57 50 57 59 50 47 48 46 48 48 53 50 51 51 53 52 50 48 53 38 49 51 51 57 54 53 47 47 38 47 51 51 46 40 46 44 41 40 42 41 43 44 43 44 45 46 43 45 42 37 36 33 31 30 31 35 33 33 34 35 39 42 41 41 38 34 35 35 36 36 37 38 38 39 40 41 41 42 42 42 42 43 46 47 50 52
64 68 65 75 73 70 66 52 50 57 51 56 49 51 49 44 41 45 46 46 48 48 51 57 58 57 51 53 39 38 44 53 54 54 44 42 42 42 36 37 48 51 44 36 43 45 43 39 44 39 44 46 45 46 46 44 39 37 39 36 36 33 34 32 31 36 37 34 33 35 40 40 40 39 41 34 34 35 35 36 37 38 38 39 40 41 41 41 43 43 43 45 47 47 50 53
71 61 66 72 65 68 55 51 59 56 60 55 56 52 53 45 41 45 46 44 43 51 55 56 56 54 54 44 47 50 52 50 56 53 45 39 42 42 36 45 47 46 38 43 47 47 42 44 46 41 40 47 46 43 41 40 39 38 38 39 43 36 34 38 37 35 38 40 33 36 36 39 41 40 37 34 34 35 36 37 37 37 39 40 40 40 41 42 43 43 44 46 47 48 51 53
70 72 63 75 71 53 56 62 63 63 60 53 59 58 55 47 45 44 42 45 46 44 47 51 53 52 51 40 50 52 55 56 53 43 49 42 50 46 39 45 51 44 44 46 46 47 42 48 44 39 46 48 43 37 42 40 38 43 45 45 38 37 36 37 37 36 37 38 38 37 37 37 37 37 34 34 34 35 36 36 37 38 39 39 40 40 40 42 42 43 45 47 47 49 50 53
67 59 61 62 59 58 57 66 66 67 60 62 55 58 54 49 49 50 45 43 53 50 49 50 60 59 51 42 45 48 55 55 47 50 52 42 50 40 49 41 47 39 44 44 49 47 48 43 43 47 49 49 46 47 45 42 47 45 45 45 43 38 37 37 37 38 39 39 37 33 35 37 38 37 34 35 35 36 35 36 36 37 38 38 38 39 40 41 42 43 46 46 48 50 52 52
61 65 65 60 63 65 69 64 70 71 67 66 62 58 52 51 53 52 44 43 45 49 46 50 49 52 46 42 51 45 44 50 52 51 46 42 45 36 47 37 41 37 47 42 51 50 46 49 41 47 46 49 47 47 42 47 47 46 44 48 46 45 40 36 36 36 34 33 35 32 34 35 36 35 36 34 35 35 35 36 37 37 38 38 38 38 39 41 42 43 46 48 49 51 51 53
74 69 69 66 78 73 80 71 68 68 73 74 64 60 59 52 55 53 52 54 52 49 48 59 52 54 46 51 50 48 51 54 48 46 44 43 44 39 42 44 44 37 50 45 48 50 50 45 40 48 50 49 46 47 46 46 46 44 47 47 46 43 38 36 34 33 33 34 37 35 37 38 37 36 35 35 35 35 35 37 37 36 38 38 38 37 39 41 42 43 46 49 50 50 52 54
77 74 79 79 72 85 81 83 73 75 79 71 67 63 60 58 52 54 52 52 52 48 57 56 57 55 48 55 51 54 54 52 46 51 43 49 43 43 40 47 45 42 47 47 43 51 52 44 48 47 49 51 48 47 46 46 46 46 46 46 46 44 42 38 40 40 40 39 37 37 37 37 37 37 36 33 34 35 35 37 37 36 37 38 38 38 39 40 42 43 46 48 50 51 53 54
79 76 84 78 77 79 83 81 74 72 70 70 71 66 66 59 57 58 54 53 55 55 57 54 51 49 54 59 57 54 55 55 46 47 50 52 42 41 44 48 43 41 47 50 55 53 47 50 47 47 53 47 42 43 47 48 46 44 44 43 45 45 46 42 45 42 41 40 38 37 37 37 37 37 35 35 34 35 35 36 37 38 38 39 39 39 40 41 43 44 47 48 50 53 53 54
76 75 81 79 86 88 86 77 73 68 69 71 72 68 62 62 59 58 54 59 55 58 48 47 53 53 50 56 58 53 56 52 44 49 48 51 50 40 41 45 47 41 39 45 49 53 58 53 52 51 53 47 44 42 43 40 42 41 36 42 43 44 45 43 46 43 40 41 40 38 38 37 35 35 36 35 35 35 35 37 37 38 39 41 41 41 41 42 44 45 47 50 51 52 53 54
77 80 79 77 82 79 84 73 68 69 71 71 74 69 69 67 59 58 57 53 56 54 54 57 53 53 58 61 61 61 59 54 51 53 49 54 59 49 35 42 44 39 43 44 51 53 52 54 56 57 56 47 44 42 47 44 37 37 36 42 44 44 46 45 46 40 39 38 38 39 37 38 38 38 38 35 35 35 36 37 38 37 40 41 42 42 42 43 44 45 47 50 51 52 54 55
80 83 81 78 80 79 77 75 74 70 65 73 76 73 69 64 62 63 61 52 53 50 53 58 59 55 55 58 57 63 60 52 52 51 54 54 47 48 35 47 42 36 43 51 51 54 53 49 51 46 48 45 44 43 47 46 44 39 33 36 36 43 45 44 46 38 39 39 41 41 41 40 40 40 39 35 36 36 36 37 37 39 40 41 42 43 43 44 44 45 47 49 52 53 54 55
80 81 80 75 78 71 76 73 76 76 61 72 69 68 71 60 62 61 60 59 51 61 51 60 61 59 49 58 56 57 60 55 59 53 60 58 51 44 33 40 41 39 47 46 50 55 50 47 48 48 47 45 44 41 43 38 37 37 37 37 35 33 34 35 39 38 39 40 41 40 39 38 38 38 37 36 36 37 36 36 38 39 40 41 42 43 43 44 44 45 47 49 51 52 54 55
74 79 78 74 71 73 72 79 76 69 56 66 70 68 63 58 64 62 60 50 55 57 51 60 53 61 53 48 49 51 55 60 57 60 56 52 49 40 33 43 39 44 41 42 63 66 64 50 47 49 46 43 39 38 37 40 40 42 43 40 38 43 39 35 34 36 35 36 37 36 37 36 36 36 36 36 36 37 37 38 38 39 40 41 42 43 43 44 44 47 47 49 50 52 53 55
81 79 78 73 75 75 73 80 80 75 62 56 62 63 59 59 58 49 50 51 60 62 60 53 61 63 61 54 53 57 55 59 58 56 55 47 44 40 35 43 46 44 41 46 59 72 77 56 49 48 45 45 44 39 42 48 46 47 45 39 42 47 46 43 38 37 36 37 36 37 37 37 37 37 37 37 37 36 37 38 38 38 39 42 42 42 43 44 44 46 48 49 51 51 53 55
78 81 74 74 78 72 72 74 69 59 58 71 55 62 60 60 50 51 56 57 59 61 60 53 64 60 63 59 49 56 53 55 59 58 53 46 41 44 36 40 47 46 45 55 56 59 63 53 48 45 43 43 42 40 44 47 45 44 39 41 46 48 47 43 37 37 35 35 36 36 35 36 36 36 36 35 35 35 36 37 38 38 40 41 42 42 43 43 44 44 46 49 50 52 54 55
81 84 81 70 82 77 73 67 65 75 73 65 55 54 54 55 60 53 59 59 60 65 60 54 64 65 65 58 53 57 58 57 62 58 47 48 42 38 45 50 48 40 55 59 53 57 54 50 48 45 46 44 41 41 45 47 47 43 45 47 47 48 42 42 36 34 34 35 35 35 35 35 34 34 35 35 35 35 36 36 37 38 40 41 41 42 43 43 43 46 47 48 49 52 53 55
81 84 84 83 88 86 83 76 74 77 72 58 60 69 64 62 62 57 54 62 70 70 58 67 61 68 70 63 54 63 63 61 62 60 54 44 50 42 43 45 41 49 55 44 54 46 42 48 44 45 43 42 42 41 41 45 46 48 47 48 47 48 48 42 35 35 35 36 37 36 37 36 36 36 36 35 34 36 35 36 36 38 39 40 41 42 43 44 45 44 47 48 49 51 53 55
88 87 87 91 86 74 73 72 73 83 70 60 65 68 65 63 62 64 58 66 79 79 59 56 64 63 70 62 54 52 58 61 62 52 50 50 55 51 46 38 42 41 44 46 48 47 45 45 44 42 47 44 43 46 45 47 48 49 48 49 48 48 41 39 36 33 34 37 37 36 37 36 36 35 35 35 35 35 35 36 36 37 39 40 41 42 43 44 45 45 47 48 49 49 52 54
91 88 91 85 84 76 77 78 77 70 62 59 63 67 72 66 79 73 61 63 79 77 67 59 58 63 68 63 57 57 55 64 64 61 49 51 53 53 51 43 38 42 43 43 43 42 45 45 46 45 48 48 47 50 48 48 42 46 41 41 44 47 33 33 34 34 36 37 37 37 36 35 35 35 34 33 34 34 35 36 37 37 39 41 42 42 43 44 45 45 46 48 48 49 51 52
95 98 94 77 74 79 80 75 75 78 75 64 67 72 74 75 73 77 76 62 69 74 68 58 60 62 69 64 61 60 61 62 63 57 52 54 47 53 54 48 43 42 43 42 47 54 53 48 46 48 55 58 52 50 49 46 42 41 39 37 36 36 38 32 32 34 35 36 37 35 35 35 34 33 33 33 33 32 34 36 37 38 39 40 41 42 43 44 45 45 46 47 48 48 50 51
93 87 91 75 75 69 72 72 77 74 75 66 61 66 68 73 79 84 67 62 67 71 67 56 61 69 69 60 58 57 64 68 64 57 52 57 52 55 54 49 49 48 45 44 48 56 53 48 50 53 57 59 53 53 53 48 43 40 40 41 46 46 36 30 32 33 36 38 36 35 35 35 34 34 32 31 32 32 34 35 37 38 39 40 41 42 43 44 44 45 46 47 47 48 48 49
