Climate/data/grids_germany_multi_annual_drought_index_1981-2010_01.asc
NCOLS 654
NROWS 866
XLLCORNER 3280414.711633467
YLLCORNER 5237500.62890625
CELLSIZE 1000
NODATA_VALUE -999
[rows 781 to 851 of 866, columns 288 to 383 of 654]
6 5 5 5 6 5 6 6 6 5 6 6 5 5 5 5 5 5 5 5 5 5 6 6 5 5 6 6 6 6 5 5 5 5 6 6 6 6 6 6 6 6 6 6 6 6 6 6 6 6 6 5 5 5 5 6 6 6 6 6 6 6 5 5 5 5 5 6 5 5 6 6 6 6 6 6 6 6 6 6 6 6 6 6 6 5 5 5 5 5 5 5 5 5 5 5
6 6 5 5 6 6 6 6 6 6 6 6 5 5 5 5 5 5 5 5 5 6 5 5 5 5 6 6 6 5 6 5 6 6 6 6 6 6 6 6 6 6 6 6 6 6 6 6 6 6 6 6 6 6 6 6 6 6 6 6 6 6 5 5 5 5 6 6 6 6 6 6 5 6 6 6 6 6 6 6 6 6 5 6 6 5 5 5 5 5 5 5 5 5 5 6
6 5 5 6 6 6 6 6 6 6 6 6 5 5 5 5 5 5 5 5 5 5 5 5 5 5 6 6 5 6 6 6 6 6 6 6 6 6 6 6 6 6 6 6 6 6 6 6 6 6 6 6 6 6 6 6 6 6 6 6 6 6 6 6 6 6 6 6 6 6 6 5 5 6 6 6 6 6 6 6 6 5 6 5 5 5 5 5 5 5 5 5 4 4 5 6
6 6 6 6 6 6 6 6 6 6 6 6 5 5 5 5 5 5 5 5 5 5 5 5 5 5 6 6 5 6 6 6 6 6 6 6 6 6 6 6 6 6 6 6 6 6 6 6 6 6 6 6 6 6 6 6 6 6 6 6 6 6 6 6 6 6 6 6 6 6 6 6 6 6 6 6 6 6 6 6 5 5 5 5 5 5 5 5 5 5 5 4 4 5 5 6
6 6 6 6 6 6 6 6 6 6 6 6 5 5 5 5 5 5 5 5 5 5 5 6 6 6 6 6 6 6 6 6 6 6 6 6 6 6 6 6 6 7 6 6 6 7 6 6 6 6 6 6 6 6 6 6 6 6 6 6 6 6 6 6 6 6 6 6 6 6 6 6 6 6 6 6 6 6 5 5 5 5 5 5 5 5 5 5 5 5 4 4 4 5 6 5
6 6 6 6 6 6 7 7 6 6 6 6 6 5 5 5 5 5 5 5 5 5 5 6 6 6 6 6 6 6 6 6 6 6 6 6 6 7 7 7 7 7 7 7 7 7 6 6 6 6 6 6 6 6 6 6 6 6 6 6 6 6 6 6 6 6 6 6 6 6 6 5 6 6 6 6 6 6 6 6 5 5 5 5 5 5 5 5 5 4 4 4 5 5 5 5
7 6 6 6 7 6 7 6 7 6 6 6 6 6 5 6 6 6 5 5 5 5 5 6 6 6 6 6 6 7 6 6 6 6 6 6 7 7 7 8 7 7 7 7 7 7 6 6 6 6 6 6 6 6 6 6 6 6 6 6 6 6 6 6 6 6 6 6 6 6 6 5 6 6 6 6 6 5 6 5 6 5 6 6 6 5 5 5 5 5 4 4 5 5 5 5
7 6 7 7 6 7 7 7 7 7 7 6 6 6 6 6 6 6 6 6 6 6 6 6 6 6 6 6 6 7 6 6 6 6 6 7 7 7 7 8 8 8 7 7 7 7 7 6 6 6 6 6 6 6 6 6 6 6 6 6 6 6 6 6 6 6 6 6 6 6 6 6 6 6 6 6 6 6 6 6 6 5 6 6 6 6 5 5 5 5 4 4 5 5 5 6
7 7 7 7 6 6 7 7 7 7 6 7 6 6 6 6 6 6 6 6 6 6 6 6 6 6 6 6 6 6 6 7 6 6 7 7 7 7 8 8 8 8 8 8 8 7 7 6 6 6 6 5 6 6 6 6 6 6 6 5 6 6 6 6 6 6 6 6 6 6 6 5 6 6 6 6 6 6 6 6 6 6 6 6 6 5 5 5 5 5 4 4 5 5 6 6
7 7 7 7 7 7 7 7 7 7 7 7 6 6 6 6 6 6 6 6 6 6 6 6 6 6 6 6 6 6 7 7 7 6 7 7 7 8 8 8 8 8 8 8 8 8 7 7 7 6 6 6 6 6 6 6 6 6 6 6 6 6 6 6 6 6 7 6 6 6 6 5 6 6 6 6 6 6 6 6 6 6 6 6 6 5 6 5 5 5 5 5 5 5 5 6
7 7 7 7 7 7 7 7 7 7 7 7 6 6 6 7 7 7 6 6 6 6 6 6 7 6 6 6 6 6 7 7 7 7 7 7 8 8 8 9 9 8 8 8 8 8 7 7 7 7 6 6 6 6 6 6 6 6 6 6 6 6 6 6 7 6 6 6 6 6 6 6 6 6 6 6 6 6 6 6 6 6 6 6 6 5 5 5 5 5 5 5 5 5 5 6
7 7 8 7 8 7 7 7 7 7 7 7 7 7 6 7 7 7 7 7 7 6 6 7 7 7 7 6 6 6 6 7 7 7 7 7 8 8 8 9 8 8 8 8 8 8 8 7 8 7 6 6 6 6 6 6 7 7 7 6 6 6 6 7 6 6 7 6 6 6 6 6 6 6 6 6 6 6 6 6 6 6 6 6 6 5 5 5 5 5 5 5 5 5 5 6
7 8 8 7 8 8 8 8 8 7 7 7 7 7 7 6 7 7 7 7 7 7 7 7 7 7 7 7 6 6 6 7 7 7 8 8 7 9 9 9 9 9 8 9 8 8 8 8 8 7 7 6 6 7 7 7 7 7 7 7 7 7 7 7 7 7 6 7 6 6 6 6 6 6 6 6 6 7 6 6 6 6 6 5 5 5 5 5 5 5 5 5 5 5 5 6
8 8 8 8 8 8 8 8 8 7 7 7 7 7 7 7 7 7 7 7 7 7 7 7 7 7 8 8 7 7 6 7 7 7 8 8 8 9 9 8 9 9 9 8 8 8 9 8 8 7 7 7 7 7 7 7 7 7 7 7 7 7 7 7 7 7 7 7 7 6 7 7 6 6 6 6 7 6 6 6 6 6 6 6 5 5 5 6 5 5 5 5 5 5 5 5
8 8 8 8 8 8 8 8 8 8 7 7 7 7 7 7 7 7 7 7 8 7 7 7 7 7 7 8 7 7 7 8 8 8 8 9 9 8 9 9 9 9 9 9 9 8 9 9 8 8 7 7 7 7 7 7 8 7 7 7 8 7 7 7 7 7 7 6 6 6 7 7 7 6 6 6 6 6 6 6 6 6 6 6 5 5 6 6 5 5 5 5 5 5 5 5
8 8 8 8 8 8 8 8 8 8 7 7 7 7 7 7 7 7 7 8 8 8 7 7 7 7 7 8 8 7 7 7 8 8 9 9 9 8 9 9 9 9 8 9 9 8 9 9 9 9 8 7 7 7 7 7 8 8 7 7 8 8 7 7 7 7 7 6 6 7 7 7 7 6 6 7 7 6 6 6 6 6 6 6 5 5 5 5 5 5 5 5 5 5 5 5
7 7 8 8 8 8 8 8 8 7 7 7 7 7 7 7 7 7 7 8 8 7 7 7 7 7 7 8 8 8 8 8 8 9 9 9 9 9 10 10 9 9 9 9 9 8 9 9 9 9 8 8 7 7 7 7 8 7 7 8 8 7 8 7 7 7 7 7 7 7 7 7 7 7 6 6 7 6 6 6 6 6 5 5 5 5 5 5 5 5 5 5 5 5 5 5
7 7 8 8 9 9 9 8 8 7 8 7 7 8 8 8 8 8 8 8 8 8 8 8 7 7 8 8 9 9 9 8 9 9 9 10 9 9 10 10 10 9 9 9 9 9 8 8 9 8 8 8 8 7 7 8 8 7 8 8 8 7 8 8 8 8 8 8 7 7 7 7 7 7 6 6 6 6 6 6 6 5 5 6 5 5 5 5 5 5 5 5 5 5 5 6
7 7 8 8 9 8 8 9 8 8 8 8 8 8 8 8 9 9 8 8 8 8 8 8 8 8 8 9 9 9 9 9 9 10 10 10 9 10 10 10 10 10 10 10 9 9 9 9 11 9 9 8 8 7 7 8 8 8 7 7 8 8 7 8 8 8 8 8 7 8 7 7 7 7 7 7 6 6 6 6 5 5 6 6 6 5 5 5 5 5 5 5 5 5 5 5
7 7 8 8 9 7 8 8 8 9 9 9 8 8 9 9 9 9 9 8 8 9 9 9 9 8 8 8 10 9 10 10 9 9 10 10 10 9 10 10 10 10 10 10 9 10 9 9 9 9 9 8 8 8 7 8 8 8 7 8 8 8 7 8 8 8 8 8 8 8 8 7 7 7 6 6 6 6 6 5 5 6 6 6 6 5 5 5 5 5 5 5 5 5 5 5
7 7 7 7 8 7 8 8 8 9 9 9 9 9 9 9 9 9 9 9 8 10 9 9 9 8 9 9 9 10 10 10 9 10 11 10 10 9 10 10 10 10 10 10 9 9 9 9 9 9 8 8 8 8 7 8 8 8 7 8 8 8 8 8 8 8 8 8 8 8 7 7 7 6 6 7 6 6 5 5 5 5 5 5 6 5 5 5 5 5 5 5 5 5 5 5
7 7 6 7 7 8 8 9 9 9 10 9 9 9 9 9 9 9 9 9 9 10 10 10 9 9 9 9 9 10 11 10 10 10 11 11 10 10 9 10 10 10 10 10 9 10 9 9 9 10 9 8 8 8 7 8 8 8 8 8 8 7 8 8 8 9 8 8 8 8 7 7 7 6 6 7 6 6 6 5 5 5 5 5 5 5 4 5 5 5 5 5 5 5 5 5
7 6 6 7 7 8 8 9 9 9 9 9 10 10 10 10 10 10 10 9 10 9 9 10 10 10 9 9 10 10 10 10 10 10 10 10 10 10 10 10 11 10 10 10 10 10 10 10 10 10 8 8 8 8 8 7 8 8 8 8 8 8 9 8 8 9 8 8 8 8 7 7 7 6 6 7 6 6 5 5 5 4 4 5 5 5 4 5 5 5 5 5 5 5 5 5
7 6 7 7 8 8 8 9 9 9 9 9 10 10 10 10 10 10 10 10 10 10 9 10 9 10 9 10 10 10 10 11 10 10 10 11 10 10 10 10 10 10 10 10 10 10 10 10 10 9 9 8 8 8 8 8 8 8 8 8 8 8 9 9 8 8 8 7 7 7 7 7 6 6 6 6 6 6 5 5 5 5 4 5 5 4 4 5 5 5 5 5 5 5 5 5
7 7 7 7 8 8 8 9 9 9 10 10 10 10 10 10 10 10 11 10 10 10 10 9 9 10 10 10 9 10 10 10 10 10 11 11 10 10 10 10 10 10 10 10 10 10 10 10 9 9 9 8 8 8 8 8 8 8 8 8 8 8 9 9 8 8 8 7 7 7 7 7 7 6 6 7 6 6 5 5 5 4 4 5 5 4 4 5 5 5 5 5 5 5 5 5
8 8 8 8 9 9 9 9 9 10 10 10 11 10 11 11 11 11 11 11 10 10 10 10 10 9 9 9 10 10 10 10 10 11 11 11 10 10 10 10 10 10 10 10 10 9 9 9 9 9 9 8 8 8 8 8 8 8 8 8 8 8 8 9 9 8 7 7 7 7 7 7 7 6 6 7 6 6 5 5 5 4 5 4 4 4 4 5 5 5 5 5 5 5 5 5
9 9 8 9 9 9 10 9 10 10 10 10 11 11 11 12 11 11 12 11 12 11 10 10 10 9 9 9 10 10 10 10 10 11 11 11 10 10 10 10 10 10 10 9 9 9 9 9 9 9 9 9 9 8 8 8 8 8 8 8 8 8 8 8 9 8 8 7 7 7 7 7 7 6 7 6 6 6 5 5 5 5 5 4 5 4 4 5 5 5 5 5 5 5 5 5
9 9 9 9 9 10 10 10 10 10 10 11 11 11 11 12 13 12 12 12 12 13 11 11 10 10 10 10 10 10 10 10 10 10 11 11 10 10 10 11 10 10 10 9 9 9 9 9 9 9 9 9 9 9 9 8 8 8 8 8 9 8 8 8 9 8 7 7 7 7 7 7 7 7 7 6 6 6 5 5 5 5 5 5 5 5 5 5 5 5 5 5 5 5 5 5
9 9 9 10 9 10 10 10 10 10 11 11 11 11 12 12 13 12 13 12 13 12 12 11 11 10 10 10 10 10 10 10 10 10 11 10 9 9 10 11 10 10 9 9 9 9 9 9 9 9 9 9 9 9 9 8 8 8 8 8 9 8 8 8 8 7 7 7 7 6 7 7 7 7 7 7 6 6 5 5 4 4 4 5 5 6 6 6 6 6 5 5 5 5 5 6
9 9 9 10 10 10 11 11 11 11 11 11 11 12 12 13 14 13 13 13 13 13 14 13 12 11 11 10 10 10 10 10 10 10 10 10 9 10 10 10 10 10 10 9 9 9 9 9 9 9 8 8 8 8 8 8 8 8 8 8 8 8 7 8 8 7 7 7 7 7 7 7 8 7 7 7 7 6 6 6 5 5 5 5 5 6 6 6 6 6 5 6 6 5 6 6
9 10 10 10 10 11 11 11 11 11 11 11 12 12 12 13 14 15 14 14 14 15 14 14 13 13 11 11 10 10 10 10 10 10 10 10 10 10 10 10 10 10 10 9 9 9 9 9 8 8 9 8 8 8 8 8 8 8 8 8 8 8 8 8 7 7 8 7 7 7 7 7 7 7 7 7 8 6 5 5 5 5 5 6 6 6 6 6 6 6 5 6 6 6 6 6
10 9 10 10 10 11 11 11 11 11 11 11 12 12 13 13 14 14 15 15 15 15 15 15 14 13 12 11 10 10 10 10 11 10 10 10 10 10 10 10 10 10 10 9 10 9 9 9 9 9 9 9 9 8 8 8 8 7 7 8 8 8 8 8 7 7 7 7 7 7 7 7 7 7 8 8 7 6 5 5 5 5 6 7 6 6 6 6 6 6 6 6 6 6 6 6
9 10 10 10 11 11 11 12 12 12 12 12 12 13 14 14 14 15 15 14 15 16 15 15 14 14 13 11 11 10 10 10 10 10 10 10 10 10 11 10 10 10 10 10 10 9 10 10 9 9 8 9 8 8 8 8 8 7 7 8 8 9 8 8 8 7 7 7 7 7 7 7 7 7 8 7 7 7 6 5 6 6 7 8 7 7 6 6 6 6 6 6 6 6 6 6
10 10 11 11 11 12 12 13 13 12 12 12 13 15 15 14 15 16 17 17 15 17 18 16 14 14 13 12 11 10 10 10 10 10 10 10 10 10 11 11 11 10 10 10 10 10 10 10 9 9 9 8 8 8 8 8 7 7 7 7 7 7 7 7 7 7 7 7 7 7 7 7 7 7 7 8 8 7 7 6 7 7 7 7 8 8 7 6 6 5 6 6 6 6 6 6
11 11 11 11 12 12 13 12 12 12 13 13 13 14 16 15 18 17 19 17 17 16 16 16 15 14 14 13 11 10 10 9 10 10 10 10 10 11 11 11 11 10 10 10 10 10 10 10 10 9 9 8 8 8 8 8 8 7 7 7 7 8 7 7 7 7 7 7 7 7 7 7 7 8 9 9 8 8 8 7 8 8 7 7 7 8 7 6 7 6 6 6 6 6 6 7
11 11 12 11 12 11 12 14 12 12 13 13 13 17 18 16 18 18 19 16 19 18 16 16 15 14 14 12 11 11 10 9 10 10 10 11 11 11 11 11 11 11 10 10 10 10 10 10 10 10 9 9 8 9 8 8 8 7 7 7 8 7 7 7 7 7 7 7 7 7 7 7 8 9 8 8 8 8 8 7 8 8 8 8 8 7 7 7 7 6 6 6 6 6 6 7
12 12 12 12 12 12 12 13 13 13 13 13 14 17 18 16 16 18 19 17 18 17 17 16 16 15 13 12 12 11 10 10 10 10 10 11 11 11 11 11 11 11 10 10 10 11 10 10 10 10 9 8 8 8 8 8 8 8 8 8 7 7 7 7 7 7 6 7 7 7 7 8 8 8 8 8 8 9 8 8 8 8 8 8 8 8 7 7 7 6 6 6 6 6 6 7
11 12 11 12 12 13 12 12 13 13 13 13 14 16 17 20 17 17 18 18 18 17 17 16 16 16 13 12 12 11 10 10 10 10 10 10 11 11 11 11 11 10 10 10 10 11 10 10 10 10 9 9 8 8 8 8 8 8 8 8 8 8 7 7 7 7 7 7 7 7 8 8 8 8 8 9 9 9 9 8 9 8 8 9 9 8 8 8 7 7 7 6 6 6 6 6
11 12 12 12 12 13 13 13 13 13 13 13 14 14 17 19 18 19 18 17 18 16 16 16 16 16 14 12 12 11 10 10 10 11 10 10 10 11 12 11 10 11 10 10 10 10 10 10 10 10 9 9 9 8 8 9 9 8 8 8 8 8 8 8 8 7 7 7 8 8 8 8 8 9 9 9 10 10 10 9 9 9 9 9 9 9 9 8 8 7 7 7 7 7 7 7
12 12 12 12 13 13 13 14 14 14 13 14 14 14 16 17 17 16 15 15 16 17 16 15 15 16 14 12 11 11 10 10 10 10 11 10 11 11 11 11 11 11 10 10 11 10 10 10 10 10 9 9 9 8 9 8 9 9 8 8 8 8 8 8 8 7 7 8 8 8 8 8 9 9 9 10 10 10 10 10 10 10 10 9 9 9 9 8 8 7 7 7 7 7 7 6
12 12 12 13 13 14 13 14 15 14 14 14 15 14 15 16 16 17 16 17 17 17 16 15 15 14 13 12 11 11 10 10 10 10 10 11 11 10 11 11 11 11 10 10 11 10 10 10 10 9 9 9 9 9 9 8 9 9 9 9 8 8 8 8 8 7 7 8 8 8 8 9 9 10 11 10 10 10 11 10 9 10 10 10 11 11 11 10 8 7 8 7 7 7 7 6
12 12 12 13 13 13 14 15 15 15 14 14 15 15 15 15 16 17 20 17 16 17 16 15 14 13 12 12 11 11 10 11 10 10 11 12 10 10 10 10 11 10 10 10 11 11 10 10 10 9 9 9 9 9 9 10 10 9 10 9 9 8 8 8 8 8 8 8 9 8 8 8 9 10 10 11 11 11 11 11 10 11 10 10 12 16 15 16 10 8 8 7 7 7 7 7
12 12 12 12 12 13 13 14 15 15 14 15 15 15 17 17 18 17 16 15 16 16 16 15 14 13 12 11 11 11 10 10 11 11 12 11 10 10 10 10 10 10 10 10 10 11 11 10 9 9 9 9 9 9 9 10 9 11 11 9 9 8 8 8 8 8 8 8 8 8 8 11 12 13 13 13 14 13 12 11 11 10 10 10 12 16 15 16 12 12 9 7 7 7 7 7
13 13 12 13 12 13 13 14 14 14 14 16 17 15 16 16 15 15 15 15 15 16 16 15 13 13 11 11 11 10 10 10 11 12 11 10 10 11 11 10 10 10 11 11 10 11 11 10 10 9 9 9 9 9 9 9 9 10 10 9 9 8 8 8 8 8 8 8 8 9 10 16 16 16 19 16 19 18 14 11 15 14 10 10 10 10 12 13 16 13 14 10 8 7 7 7
13 13 12 13 13 13 14 14 15 14 17 18 17 15 16 16 17 17 16 16 16 17 17 15 13 12 11 11 11 10 11 11 12 12 11 11 11 13 10 8 9 10 11 11 10 10 11 10 10 10 9 9 9 9 9 9 9 10 10 9 9 8 8 8 10 8 8 8 8 9 13 17 14 14 16 19 15 14 15 12 15 17 14 11 10 10 12 13 15 16 15 15 10 8 7 7
13 13 13 13 13 13 13 14 16 15 16 17 15 16 18 18 18 18 19 20 20 18 16 14 13 12 11 11 11 11 11 11 11 11 12 12 12 13 11 9 9 10 11 11 10 10 11 10 11 10 10 10 9 9 9 9 9 9 10 9 9 8 8 8 8 8 8 8 9 15 17 13 14 16 13 14 14 11 12 11 13 15 13 13 11 10 10 10 11 16 17 16 10 8 8 8
13 13 13 13 13 13 13 15 15 14 15 16 16 18 17 19 19 23 21 20 18 17 17 15 14 12 11 11 11 11 12 13 12 12 12 14 13 11 10 10 9 10 11 11 11 11 11 10 10 10 11 10 9 9 9 9 9 9 8 8 8 8 8 8 8 8 8 8 11 10 10 11 12 14 15 14 13 12 13 13 15 16 15 12 15 11 10 9 9 11 13 14 10 8 8 8
14 13 13 13 13 14 14 14 15 16 17 16 18 19 19 20 22 22 18 17 17 17 16 15 14 13 12 11 12 13 15 12 12 12 13 13 13 11 11 10 11 11 11 13 15 15 12 10 10 10 11 10 10 9 9 9 9 8 8 8 8 8 8 8 8 8 8 11 12 11 10 12 13 14 14 14 13 14 14 15 15 16 18 17 17 13 10 10 11 14 17 18 12 9 8 8
13 13 13 13 14 14 14 15 15 17 19 18 17 23 22 19 19 19 20 19 18 17 16 15 13 13 12 12 12 15 13 12 12 14 14 13 12 12 13 12 13 15 11 16 17 16 15 11 11 11 11 11 10 9 9 9 8 8 8 8 7 7 8 7 8 8 10 12 15 12 11 15 13 22 16 18 18 17 17 19 22 23 18 18 19 19 18 11 15 21 20 16 11 9 12 8
13 13 14 14 16 14 15 15 16 17 18 18 18 19 21 21 20 18 18 18 18 17 16 15 14 14 13 12 14 13 12 13 13 14 14 13 14 12 13 13 12 16 13 17 16 14 14 12 12 11 11 11 10 9 9 9 9 8 8 8 7 7 7 7 8 9 11 14 14 12 16 19 24 22 25 28 22 19 18 22 20 19 20 11 11 11 11 10 11 14 14 16 12 11 9 8
13 14 15 15 15 15 16 15 15 16 19 21 19 21 21 21 21 21 18 17 16 16 16 16 15 14 13 12 14 12 13 14 16 15 14 15 15 15 12 12 13 14 14 13 12 11 12 14 12 12 13 12 11 10 9 9 9 8 8 7 7 7 7 7 8 11 13 16 16 14 13 15 21 18 15 16 17 16 14 12 12 13 11 12 13 12 14 16 12 12 14 12 10 10 10 9
14 15 16 16 16 17 15 15 16 18 18 19 19 23 23 20 18 16 15 15 15 15 17 17 15 15 14 12 12 13 16 17 18 16 15 15 16 18 15 12 14 14 12 12 13 18 18 13 12 12 12 12 14 13 10 9 10 8 9 8 8 8 8 7 10 18 22 15 15 22 17 17 23 19 20 18 14 12 13 13 12 12 11 23 16 16 29 28 22 15 12 10 9 9 19 15
15 16 17 16 16 17 16 16 16 16 17 19 19 18 17 15 15 15 17 18 18 17 17 17 16 15 14 13 12 14 18 22 19 15 15 16 18 20 16 13 15 18 12 18 16 13 12 16 16 13 12 16 -999 -999 12 10 10 9 10 12 9 8 12 10 13 14 18 20 21 24 32 27 24 25 22 16 14 13 16 15 12 13 22 20 16 20 23 16 14 17 13 9 9 11 24 29
16 16 17 16 15 16 17 17 16 19 15 15 14 14 14 15 18 20 22 24 27 27 22 19 16 15 14 13 12 16 25 21 18 14 14 19 22 18 14 14 20 -999 -999 16 15 13 18 24 29 22 16 -999 -999 -999 -999 -999 -999 -999 -999 -999 -999 8 11 14 12 14 25 23 20 25 23 20 23 18 17 12 16 21 27 25 15 17 33 19 24 30 27 17 13 12 9 9 9 17 25 31
16 16 18 16 15 16 17 16 14 15 18 17 16 15 17 19 21 24 26 27 26 24 20 24 18 16 14 13 13 18 20 16 15 15 18 21 21 17 14 14 15 -999 -999 -999 17 13 15 17 24 22 19 -999 -999 -999 -999 -999 -999 -999 -999 -999 -999 -999 -999 -999 20 13 14 15 19 18 20 14 14 15 13 17 32 31 22 15 14 24 33 29 33 21 16 12 10 12 9 9 13 25 17 17
16 18 18 15 14 16 14 14 16 16 17 17 17 19 22 25 25 23 25 27 22 21 25 25 19 17 14 13 13 15 14 15 15 19 23 20 16 16 15 15 -999 -999 -999 -999 -999 -999 -999 -999 -999 -999 -999 -999 -999 -999 -999 -999 -999 -999 -999 -999 -999 -999 -999 -999 25 16 21 19 26 -999 -999 -999 -999 -999 14 31 34 21 18 20 15 17 27 26 18 17 18 14 11 9 9 10 16 18 18 17
-999 -999 -999 -999 13 14 16 17 17 16 16 16 21 24 22 19 22 21 25 29 27 33 25 21 17 16 14 13 13 13 15 18 19 20 21 21 24 18 15 16 -999 -999 -999 -999 -999 -999 -999 -999 -999 -999 -999 -999 -999 -999 -999 -999 -999 -999 -999 -999 -999 -999 -999 -999 21 -999 -999 -999 -999 -999 -999 -999 -999 -999 -999 27 30 30 27 31 20 15 23 26 27 30 30 19 10 9 8 13 25 25 17 24
-999 -999 -999 -999 13 17 19 18 18 18 16 22 20 18 18 22 24 24 32 33 27 22 20 17 19 15 13 13 13 13 14 16 16 16 15 16 17 15 16 19 -999 -999 -999 -999 -999 -999 -999 -999 -999 -999 -999 -999 -999 -999 -999 -999 -999 -999 -999 -999 -999 -999 -999 -999 -999 -999 -999 -999 -999 -999 -999 -999 -999 -999 -999 30 29 17 27 28 18 17 24 20 24 23 18 12 9 9 10 14 16 20 20 15
-999 -999 -999 -999 -999 17 20 23 23 21 18 16 17 20 27 25 34 32 27 22 20 18 19 20 16 13 13 13 13 13 13 13 13 13 12 12 14 18 21 30 -999 -999 -999 -999 -999 -999 -999 -999 -999 -999 -999 -999 -999 -999 -999 -999 -999 -999 -999 -999 -999 -999 -999 -999 -999 -999 -999 -999 -999 -999 -999 -999 -999 23 27 26 17 22 14 16 15 21 35 17 15 13 11 10 9 9 8 9 10 13 12 11
-999 -999 -999 -999 -999 -999 24 21 21 20 20 22 24 28 37 30 26 21 20 22 21 19 22 20 15 14 14 12 13 14 14 15 14 13 12 11 12 19 27 24 -999 -999 -999 -999 -999 -999 -999 -999 -999 -999 -999 -999 -999 -999 -999 -999 -999 -999 -999 -999 -999 -999 -999 -999 -999 -999 -999 -999 -999 -999 -999 -999 12 22 21 16 15 11 11 11 18 20 19 10 9 9 9 10 9 9 8 8 8 9 10 11
-999 -999 -999 -999 -999 -999 22 24 23 26 28 30 33 32 28 25 23 25 25 24 23 21 23 20 15 14 13 13 13 15 15 16 19 20 19 14 14 18 22 25 -999 -999 -999 -999 -999 -999 -999 -999 -999 -999 -999 -999 -999 -999 -999 -999 -999 -999 -999 -999 -999 -999 -999 -999 -999 -999 -999 -999 -999 -999 -999 -999 11 12 -999 -999 -999 10 11 11 9 10 10 10 9 9 9 10 11 10 9 11 10 12 14 16
-999 -999 -999 -999 -999 -999 -999 27 -999 -999 26 23 25 24 30 33 35 34 27 24 20 24 27 19 15 14 13 13 14 15 16 18 20 19 18 17 15 13 19 20 24 29 -999 -999 -999 -999 -999 -999 -999 -999 -999 -999 -999 -999 -999 -999 -999 -999 -999 -999 -999 -999 -999 -999 -999 -999 -999 -999 -999 -999 -999 -999 -999 -999 -999 -999 -999 9 12 12 12 12 10 11 10 9 9 10 13 14 13 9 13 12 13 11
-999 -999 -999 -999 -999 -999 -999 -999 -999 -999 -999 24 26 32 30 30 27 34 28 23 26 25 30 22 15 13 12 12 13 15 17 20 26 18 20 31 27 17 15 17 25 31 -999 -999 -999 -999 -999 -999 -999 -999 -999 -999 -999 -999 -999 -999 -999 -999 -999 -999 -999 -999 -999 -999 -999 -999 -999 -999 -999 -999 -999 -999 -999 -999 -999 -999 -999 16 15 13 12 12 10 15 15 10 12 13 16 13 12 8 10 12 12 12
-999 -999 -999 -999 -999 -999 -999 -999 -999 -999 -999 30 25 24 24 24 26 29 33 28 33 32 28 20 15 13 12 12 13 15 18 25 25 18 31 32 26 21 18 17 23 28 -999 -999 -999 -999 -999 -999 -999 -999 -999 -999 -999 -999 -999 -999 -999 -999 -999 -999 -999 -999 -999 -999 -999 -999 -999 -999 -999 -999 -999 -999 -999 -999 -999 -999 -999 -999 -999 11 12 12 13 33 47 12 24 13 13 10 8 13 13 13 14 13
-999 -999 -999 -999 -999 -999 -999 -999 -999 -999 -999 -999 -999 -999 26 27 23 27 35 32 27 27 21 20 15 14 14 12 13 14 24 31 26 19 25 33 30 28 29 19 22 25 -999 -999 -999 -999 -999 -999 -999 -999 -999 -999 -999 -999 -999 -999 -999 -999 -999 -999 -999 -999 -999 -999 -999 -999 -999 -999 -999 -999 -999 -999 -999 -999 -999 -999 -999 -999 -999 19 14 16 18 32 20 31 28 18 14 11 8 12 19 17 17 15
-999 -999 -999 -999 -999 -999 -999 -999 -999 -999 -999 -999 -999 -999 28 31 27 25 31 34 32 35 26 21 17 14 14 14 15 15 26 31 25 22 30 43 42 33 31 19 24 34 41 -999 -999 -999 -999 -999 -999 -999 -999 -999 -999 -999 -999 -999 -999 -999 -999 -999 -999 -999 -999 -999 -999 -999 -999 -999 -999 -999 -999 -999 -999 -999 -999 -999 -999 -999 -999 -999 22 25 63 35 33 78 46 25 21 11 10 18 22 25 26 30
-999 -999 -999 -999 -999 -999 -999 -999 -999 -999 -999 -999 -999 -999 28 33 27 24 27 31 31 28 23 22 22 15 18 14 15 18 19 35 38 27 35 47 35 30 22 20 25 35 43 -999 -999 -999 -999 -999 -999 -999 -999 -999 -999 -999 -999 -999 -999 -999 -999 -999 -999 -999 -999 -999 -999 -999 -999 -999 -999 -999 -999 -999 -999 -999 -999 -999 -999 -999 -999 -999 -999 84 45 238 121 82 51 27 19 11 23 25 22 34 -999 -999
-999 -999 -999 -999 -999 -999 -999 -999 -999 -999 -999 -999 -999 -999 27 32 26 29 28 28 33 34 33 22 20 16 17 15 15 19 39 29 37 41 49 33 26 22 18 34 28 45 -999 -999 -999 -999 -999 -999 -999 -999 -999 -999 -999 -999 -999 -999 -999 -999 -999 -999 -999 -999 -999 -999 -999 -999 -999 -999 -999 -999 -999 -999 -999 -999 -999 -999 -999 -999 -999 -999 -999 1669 126 48 49 21 18 12 19 21 26 43 -999 -999 -999 -999
-999 -999 -999 -999 -999 -999 -999 -999 -999 -999 -999 -999 -999 -999 24 29 32 33 32 29 30 28 28 26 20 21 17 15 15 19 30 43 41 48 32 28 23 28 21 36 39 -999 -999 -999 -999 -999 -999 -999 -999 -999 -999 -999 -999 -999 -999 -999 -999 -999 -999 -999 -999 -999 -999 -999 -999 -999 -999 -999 -999 -999 -999 -999 -999 -999 -999 -999 -999 -999 -999 -999 138 82 57 28 18 24 23 33 48 39 26 -999 -999 -999 -999 -999
-999 -999 -999 -999 -999 -999 -999 -999 -999 -999 -999 -999 21 25 27 30 32 33 32 27 27 25 23 22 17 17 16 16 16 18 23 25 30 41 38 24 33 30 24 38 -999 -999 -999 -999 -999 -999 -999 -999 -999 -999 -999 -999 -999 -999 -999 -999 -999 -999 -999 -999 -999 -999 -999 -999 -999 -999 -999 -999 -999 -999 -999 -999 -999 -999 -999 -999 -999 -999 -999 -999 107 74 47 -999 -999 69 -999 -999 -999 -999 -999 -999 -999 -999 -999 -999
-999 -999 -999 -999 -999 -999 -999 -999 -999 -999 -999 -999 -999 21 24 26 28 27 27 30 33 32 27 21 18 17 16 16 17 19 35 36 33 44 39 36 47 23 27 54 -999 -999 -999 -999 -999 -999 -999 -999 -999 -999 -999 -999 -999 -999 -999 -999 -999 -999 -999 -999 -999 -999 -999 -999 -999 -999 -999 -999 -999 -999 -999 -999 -999 -999 -999 -999 -999 -999 -999 -999 -999 -999 -999 -999 -999 -999 -999 -999 -999 -999 -999 -999 -999 -999 -999 -999
