Climate/data/grids_germany_multi_annual_air_temp_mean_1981-2010_08.asc
NCOLS 654
NROWS 866
XLLCORNER 3280414.711633467
YLLCORNER 5237500.62890625
CELLSIZE 1000
NODATA_VALUE -999
[rows 410 to 450 of 866, columns 0 to 93 of 654]
-999 -999 -999 -999 -999 -999 -999 -999 -999 -999 -999 -999 -999 -999 -999 -999 -999 -999 -999 -999 -999 -999 -999 -999 182 183 183 184 182 182 182 182 183 184 184 184 184 184 184 184 184 184 184 184 184 184 184 184 185 185 185 186 186 186 187 187 187 187 187 187 187 187 188 187 187 187 187 187 186 186 185 185 183 181 182 184 180 181 182 182 178 178 179 176 176 174 174 174 179 175 175 177 177 176
-999 -999 -999 -999 -999 -999 -999 -999 -999 -999 -999 -999 -999 -999 -999 -999 -999 -999 -999 -999 -999 -999 183 183 183 183 184 184 183 183 181 181 182 184 184 184 184 184 184 184 184 184 184 184 184 184 184 184 184 185 185 186 186 186 186 186 187 187 187 188 188 188 187 187 187 187 187 187 186 185 185 183 183 181 183 184 179 181 180 177 174 175 175 175 174 174 174 178 177 175 173 174 175 171
-999 -999 -999 -999 -999 -999 -999 -999 -999 -999 -999 -999 -999 -999 -999 -999 -999 -999 -999 -999 -999 -999 182 183 183 184 183 184 183 183 183 181 182 183 184 184 184 184 184 184 184 184 184 184 184 184 184 184 184 184 185 186 186 186 186 187 187 187 187 187 187 187 187 187 187 187 187 187 186 186 184 183 182 181 180 179 180 180 178 178 176 175 175 175 175 175 179 177 172 177 172 174 177 172
-999 -999 -999 -999 -999 -999 -999 -999 -999 -999 -999 -999 -999 -999 -999 -999 -999 -999 -999 -999 -999 182 183 183 183 183 183 184 184 183 183 182 182 183 184 184 184 184 184 184 184 184 184 184 184 184 184 184 184 184 185 185 186 186 186 186 187 186 186 187 187 186 186 186 187 186 186 186 186 186 184 183 182 182 180 177 179 178 179 177 175 174 172 173 172 174 180 175 172 177 175 174 172 175
-999 -999 -999 -999 -999 -999 -999 -999 -999 -999 -999 -999 -999 -999 -999 -999 -999 -999 -999 -999 -999 183 183 183 183 183 183 183 183 183 183 183 182 182 183 184 184 184 184 184 184 184 184 184 184 184 184 184 184 184 185 185 185 186 186 186 186 186 186 186 186 186 186 186 187 186 186 186 185 184 183 184 181 182 180 181 179 179 180 175 175 175 173 172 173 173 176 175 174 175 172 173 173 171
-999 -999 -999 -999 -999 -999 -999 -999 -999 -999 -999 -999 -999 -999 -999 -999 -999 -999 -999 -999 183 183 183 183 183 183 183 183 183 183 183 183 183 181 183 184 184 184 184 184 184 184 184 184 184 184 184 184 184 184 185 185 185 185 186 186 186 186 186 186 186 186 186 186 186 186 186 186 185 185 185 184 183 181 181 179 180 179 179 178 178 176 177 173 171 173 176 175 175 173 169 173 172 169
-999 -999 -999 -999 -999 -999 -999 -999 -999 -999 -999 -999 -999 -999 -999 -999 -999 -999 -999 184 183 182 183 183 183 183 183 183 183 183 183 183 183 182 181 183 184 184 184 184 184 184 184 184 184 184 184 184 184 184 185 185 185 185 186 186 186 186 186 186 186 186 186 186 186 186 186 186 186 185 184 184 181 180 180 179 177 177 180 177 179 177 178 175 172 172 175 175 175 173 168 170 171 171
-999 -999 -999 -999 -999 -999 -999 -999 -999 -999 -999 -999 -999 -999 -999 -999 -999 -999 -999 184 182 183 183 183 183 183 183 183 183 183 183 183 183 183 182 181 183 184 184 184 184 184 184 184 184 184 184 184 184 184 185 185 185 185 186 186 186 186 186 186 186 186 186 186 186 186 186 186 186 185 183 183 181 181 180 180 180 179 178 177 177 177 174 173 171 173 173 173 173 172 172 168 170 168
-999 -999 -999 -999 -999 -999 -999 -999 -999 -999 -999 -999 -999 -999 -999 -999 -999 -999 184 183 182 183 182 183 183 183 183 183 183 183 183 182 182 182 183 181 183 184 184 184 184 184 184 184 184 184 184 184 184 184 185 185 185 185 186 186 186 186 186 186 186 186 186 186 186 186 186 186 186 185 184 183 182 181 179 179 179 178 178 177 177 177 175 174 172 173 175 172 169 169 169 171 172 173
-999 -999 -999 -999 -999 -999 -999 -999 -999 -999 -999 -999 -999 -999 -999 -999 -999 184 183 182 182 182 183 183 183 183 183 183 183 183 183 182 182 182 182 182 182 184 184 184 184 184 184 184 184 184 184 184 184 184 185 185 185 185 185 186 186 186 186 186 186 186 186 186 186 186 186 186 185 182 182 180 181 180 179 179 179 177 177 177 176 176 174 172 174 175 172 172 168 168 173 173 173 173
-999 -999 -999 -999 -999 -999 -999 -999 -999 -999 -999 -999 -999 -999 -999 -999 184 182 182 182 183 183 183 183 183 183 183 183 183 182 183 183 182 182 182 182 182 182 184 184 184 184 184 184 184 184 184 184 184 184 185 185 185 185 185 186 186 186 186 186 186 186 186 186 186 186 186 186 183 182 183 180 180 179 179 179 179 177 178 177 177 176 175 174 175 174 172 171 170 172 174 174 173 174
-999 -999 -999 -999 -999 -999 -999 -999 -999 -999 -999 -999 -999 -999 -999 184 182 182 184 184 184 184 185 184 184 183 183 183 182 183 183 182 183 182 182 182 182 182 183 184 184 184 184 184 184 184 184 184 184 185 185 185 185 185 185 186 186 186 186 186 186 186 186 186 186 186 186 186 184 183 183 180 181 180 180 179 178 178 178 178 178 176 175 176 174 173 172 172 171 176 174 173 174 172
-999 -999 -999 -999 -999 -999 -999 -999 -999 -999 -999 -999 -999 -999 -999 184 185 185 184 183 182 182 183 183 183 183 183 183 182 182 182 182 182 182 182 182 182 182 183 184 184 184 184 184 184 184 184 184 185 185 185 185 185 185 186 186 186 186 186 186 186 186 186 186 186 186 186 184 184 184 182 180 183 180 180 179 179 178 179 180 177 176 176 177 174 173 175 174 174 174 174 171 173 166
-999 -999 -999 -999 -999 -999 -999 -999 -999 -999 -999 -999 -999 -999 184 184 184 182 182 182 182 183 183 183 183 183 182 182 183 182 182 182 182 182 182 182 182 182 182 183 184 184 184 184 184 184 184 185 185 185 185 185 185 185 185 186 186 186 186 186 186 186 186 186 186 186 186 186 185 184 182 182 182 182 180 179 179 180 179 176 177 176 174 175 173 173 173 172 171 172 169 166 166 166
-999 -999 -999 -999 -999 -999 -999 -999 -999 -999 -999 -999 -999 -999 184 182 182 182 182 182 182 183 183 182 182 183 182 182 183 182 182 182 182 182 182 182 182 182 182 182 183 184 184 184 184 184 185 185 185 185 185 185 185 185 186 186 186 186 186 186 186 186 186 186 186 186 186 186 186 186 185 184 184 183 180 180 182 182 179 176 178 176 172 173 173 172 174 168 170 167 167 168 166 168
-999 -999 -999 -999 -999 -999 -999 -999 -999 -999 -999 -999 -999 -999 -999 183 182 182 181 182 182 182 183 182 183 183 182 182 182 182 182 182 182 182 182 182 182 182 182 182 182 183 183 184 184 184 185 185 185 185 185 185 185 185 186 186 186 186 186 186 186 186 186 186 186 186 186 186 186 186 182 181 182 181 181 180 179 179 178 177 178 177 177 173 171 171 176 171 168 169 169 168 167 168
-999 -999 -999 -999 -999 -999 -999 -999 -999 -999 -999 -999 -999 -999 -999 182 181 181 181 181 181 181 181 181 182 183 183 182 182 182 182 182 182 182 182 182 182 182 181 181 182 183 184 184 185 184 184 185 185 184 184 184 185 185 186 186 186 186 186 186 186 186 186 186 186 186 185 186 186 186 186 184 184 184 184 183 183 181 179 177 176 176 174 171 170 170 172 173 170 169 170 172 168 169
-999 -999 -999 -999 -999 -999 -999 -999 -999 -999 -999 -999 -999 -999 -999 182 181 181 182 181 181 181 181 181 181 181 182 183 183 182 182 182 182 182 182 182 182 182 182 182 183 183 184 185 184 184 185 184 184 184 184 185 185 186 185 186 186 186 186 186 186 186 186 186 186 186 186 186 186 186 186 185 185 185 184 183 183 182 179 177 176 175 174 174 173 170 173 173 171 169 171 175 172 172
-999 -999 -999 -999 -999 -999 -999 -999 -999 -999 -999 -999 -999 -999 -999 183 182 -999 -999 181 181 180 180 180 181 181 182 182 182 182 182 182 182 182 182 181 181 181 182 182 183 183 184 184 184 184 184 184 184 184 184 185 185 185 185 185 186 186 186 186 186 186 186 186 186 186 186 186 186 186 186 186 185 185 185 184 183 182 179 178 178 177 176 174 173 172 176 175 173 173 174 171 173 174
-999 -999 -999 -999 -999 -999 -999 -999 -999 -999 -999 -999 -999 -999 -999 -999 -999 -999 -999 -999 -999 181 180 180 181 181 181 182 182 182 182 182 182 182 182 181 181 181 181 182 182 183 184 184 184 184 184 184 184 184 184 185 185 185 185 185 185 186 186 186 186 186 186 186 186 186 186 186 186 186 186 185 186 185 185 184 183 181 181 179 178 177 177 173 174 173 176 179 174 176 174 167 166 168
-999 -999 -999 -999 -999 -999 -999 -999 -999 -999 -999 -999 -999 -999 -999 -999 -999 -999 -999 -999 -999 181 180 180 180 180 182 182 182 182 182 182 182 182 182 181 181 181 183 182 183 184 184 184 184 184 184 184 184 184 185 184 185 185 185 185 185 186 186 186 186 186 187 186 186 187 187 187 186 186 186 185 185 185 185 185 184 183 183 179 178 178 177 176 174 174 176 177 177 174 173 170 167 168
-999 -999 -999 -999 -999 -999 -999 -999 -999 -999 -999 -999 -999 -999 -999 -999 -999 -999 -999 -999 181 181 181 180 180 180 181 182 182 182 182 182 182 182 182 181 181 182 182 182 183 184 184 184 184 184 184 184 185 185 185 185 184 185 185 185 185 186 186 187 187 187 187 187 187 187 187 187 187 187 186 186 185 185 185 185 184 184 183 181 181 177 178 176 177 174 175 174 176 174 174 173 173 169
-999 -999 -999 -999 -999 -999 -999 -999 -999 -999 -999 -999 -999 -999 -999 -999 -999 182 182 181 180 179 180 181 180 180 181 181 182 182 182 182 182 182 182 181 181 182 183 183 183 183 183 183 183 183 183 185 184 185 185 184 184 185 184 185 185 186 186 187 187 187 187 187 187 187 187 187 187 187 187 185 185 185 185 185 184 184 183 181 181 179 179 176 176 173 173 173 177 174 175 173 173 171
-999 -999 -999 -999 -999 -999 -999 -999 -999 -999 -999 -999 -999 -999 -999 -999 182 182 182 181 181 181 180 180 180 180 181 181 182 182 182 182 182 182 182 182 182 183 183 183 183 183 182 183 183 183 183 184 184 185 184 184 184 184 185 185 185 185 186 187 187 187 187 187 187 187 187 187 187 187 187 187 186 185 186 186 185 184 183 181 181 181 180 177 176 177 176 175 176 176 179 176 172 174
-999 -999 -999 -999 -999 -999 -999 -999 -999 -999 -999 -999 -999 -999 -999 182 182 182 182 182 179 179 180 180 180 180 181 182 181 182 182 182 182 182 182 182 183 183 183 183 183 183 182 182 183 183 183 183 184 184 184 184 184 184 186 185 186 186 186 187 187 187 187 187 187 187 187 187 187 187 187 187 187 186 186 186 186 185 183 181 181 181 179 180 176 180 180 178 178 179 176 173 170 171
-999 -999 -999 -999 -999 -999 -999 -999 -999 -999 -999 -999 -999 182 182 182 182 182 182 182 181 179 179 180 180 180 181 181 181 181 182 182 182 182 182 183 183 183 183 183 183 182 182 182 183 183 183 183 183 183 184 185 185 185 185 186 186 186 186 187 187 187 187 187 187 187 187 188 188 188 187 187 187 186 186 186 186 186 185 183 182 181 180 177 177 177 178 179 180 179 175 173 173 171
-999 -999 -999 -999 -999 -999 -999 -999 -999 -999 -999 -999 -999 182 182 182 182 182 182 182 181 180 179 180 180 180 180 181 181 181 181 181 182 181 181 182 183 183 183 183 182 182 182 182 183 183 183 183 183 183 184 185 185 185 185 186 186 186 186 186 187 186 186 187 187 187 188 188 188 188 188 186 186 186 186 186 186 186 185 184 185 183 182 181 178 179 175 175 175 177 176 173 172 171
-999 -999 -999 -999 -999 -999 -999 -999 -999 -999 -999 182 182 182 182 182 182 182 182 182 181 179 180 179 180 180 180 181 181 181 181 181 181 181 181 182 182 183 183 182 182 182 182 182 183 183 183 182 182 183 185 185 185 185 185 186 185 185 185 186 187 187 187 186 187 187 187 188 188 188 188 188 186 186 187 186 186 186 185 183 183 181 181 179 178 177 176 175 175 175 175 173 172 173
-999 -999 -999 -999 -999 -999 -999 -999 -999 181 182 181 181 182 182 182 182 182 182 182 181 181 179 180 180 180 180 180 181 181 181 181 181 181 181 181 181 183 183 182 182 181 182 182 182 182 181 182 184 185 185 185 185 185 185 185 186 185 185 185 187 186 187 186 186 188 187 187 187 188 188 188 188 187 187 187 187 187 185 186 186 183 182 179 179 179 177 177 177 176 175 175 176 172
-999 -999 -999 183 -999 -999 -999 -999 -999 181 181 181 181 181 181 181 181 181 182 182 182 181 181 179 179 180 180 180 179 179 181 181 181 181 181 181 182 183 183 182 182 182 182 182 182 182 183 184 184 185 185 185 184 184 185 185 185 185 185 185 186 187 187 187 187 187 187 188 188 189 189 189 189 188 187 187 188 187 186 186 187 183 182 182 182 181 178 178 177 176 175 177 176 173
-999 -999 183 182 -999 -999 -999 -999 181 181 181 181 180 180 180 181 181 181 181 182 182 182 181 181 181 181 180 180 180 179 180 180 180 181 181 182 182 183 182 183 182 182 182 182 182 181 181 185 184 184 185 184 184 184 184 184 184 184 185 185 186 187 187 187 187 187 187 188 188 189 189 189 189 189 188 188 188 188 187 187 187 186 184 182 182 180 178 178 178 176 175 175 174 175
184 184 184 182 -999 -999 -999 180 180 181 180 180 180 180 180 180 180 180 180 182 182 182 181 181 182 181 179 180 180 180 180 180 180 181 181 182 182 182 182 182 182 182 182 182 182 181 182 185 184 184 184 178 178 184 184 184 184 184 185 185 185 186 186 187 187 188 188 188 188 189 189 188 189 189 189 190 188 189 188 188 186 185 184 183 182 182 179 178 176 178 177 175 178 174
-999 184 184 182 -999 -999 -999 180 180 180 180 180 180 180 179 179 180 179 180 180 181 181 181 181 181 182 182 180 180 180 180 180 180 180 181 181 181 182 182 182 181 181 181 181 181 181 182 182 182 184 183 178 184 184 185 184 185 185 185 185 185 186 188 187 187 187 188 188 188 190 190 190 190 190 190 191 190 190 190 190 188 188 186 184 184 183 179 180 179 182 182 179 180 176
-999 183 183 182 182 -999 -999 180 180 180 180 180 180 180 179 179 179 179 179 179 180 181 181 181 181 181 182 181 181 179 179 181 180 180 181 180 180 180 181 181 181 181 181 181 181 181 182 182 181 184 184 177 182 184 183 184 185 185 185 185 185 186 187 187 188 188 189 188 189 189 190 191 191 191 191 192 191 192 190 191 189 189 187 186 185 183 180 178 178 184 177 176 176 176
183 183 183 182 182 182 182 180 180 180 180 180 180 180 179 179 179 179 179 180 180 180 181 181 181 181 182 182 181 180 182 180 180 180 180 180 180 180 181 181 181 181 180 180 181 182 184 184 184 184 182 182 182 182 183 184 184 184 185 185 185 186 187 188 188 188 188 189 189 189 190 191 191 191 192 192 193 193 191 191 190 190 189 187 185 184 181 179 185 182 179 177 175 177
-999 183 183 182 182 182 181 181 180 180 180 180 180 179 180 179 179 179 180 180 180 181 180 181 181 182 182 181 181 181 180 180 180 181 180 180 180 180 181 181 180 180 180 180 181 181 184 184 184 184 184 181 182 182 183 183 185 185 185 185 185 185 187 187 188 188 188 189 189 189 190 190 191 192 192 192 193 193 192 193 191 191 190 188 185 184 183 181 184 182 177 176 178 175
-999 -999 183 182 182 181 181 181 181 181 181 180 179 179 179 179 180 180 180 180 180 181 180 180 182 182 182 181 180 180 180 180 180 180 180 179 179 180 180 180 180 180 180 181 182 184 184 184 184 184 182 181 182 182 182 184 185 185 184 184 185 186 186 187 188 188 189 189 189 190 190 191 191 191 193 193 193 194 194 194 192 192 190 189 187 185 183 184 182 178 178 180 177 176
-999 -999 182 183 182 182 181 181 180 180 180 181 181 180 179 180 180 180 179 180 181 181 179 180 180 181 182 182 180 180 180 179 180 180 180 180 180 180 180 181 180 181 181 182 182 183 184 184 184 184 182 182 182 183 183 184 185 184 184 185 185 185 187 187 187 188 188 189 190 190 190 191 191 192 193 193 194 193 193 193 193 191 190 189 189 187 186 185 184 182 177 175 175 175
-999 -999 182 183 183 182 181 180 180 181 180 180 180 180 180 180 180 180 179 180 180 180 180 180 180 180 181 182 181 180 180 180 180 180 180 180 180 180 180 181 181 181 181 182 183 183 183 184 184 183 182 182 182 183 183 185 185 184 184 185 185 185 187 187 187 187 188 190 190 190 190 191 191 191 192 194 194 193 194 193 193 192 190 189 181 185 185 181 179 179 176 176 178 178
-999 -999 -999 182 182 182 182 181 182 181 181 181 181 180 180 180 180 180 180 180 179 180 180 180 180 180 181 182 182 181 180 180 180 180 180 180 181 181 180 181 181 181 182 183 183 183 183 184 184 184 183 182 182 183 184 184 184 184 185 185 184 185 185 186 187 188 189 189 190 190 190 191 191 192 192 193 194 193 193 193 193 192 190 189 188 186 184 183 181 178 177 181 177 177
-999 -999 -999 -999 -999 -999 -999 -999 -999 181 181 181 180 180 179 179 180 180 181 181 180 180 180 180 179 180 182 182 182 182 180 180 180 180 180 181 181 180 180 180 181 181 182 183 183 184 184 183 184 184 183 183 183 183 184 184 184 184 184 184 184 183 186 186 187 188 189 189 190 190 191 191 191 192 192 193 193 193 193 193 192 192 191 189 188 188 186 185 182 179 181 179 177 175
