Climate/data/grids_germany_multi_annual_air_temp_mean_1981-2010_13.asc
NCOLS 654
NROWS 866
XLLCORNER 3280414.711633467
YLLCORNER 5237500.62890625
CELLSIZE 1000
NODATA_VALUE -999
[rows 459 to 509 of 866, columns 480 to 575 of 654]
84 83 84 85 83 83 82 83 84 84 84 86 86 86 88 88 85 84 85 85 86 86 86 86 88 85 85 82 82 85 80 80 80 77 77 73 71 72 71 71 73 73 72 71 71 72 70 71 76 76 73 70 70 72 72 72 72 72 71 69 67 67 68 70 67 66 66 70 68 74 66 62 61 67 67 74 68 69 72 72 70 68 69 69 68 71 70 72 70 71 77 71 70 68 71 70
84 84 83 83 84 82 82 83 82 84 85 84 84 86 87 88 87 85 82 82 85 86 83 84 82 84 86 86 86 85 84 83 81 77 74 75 74 74 73 72 73 73 71 70 71 71 72 75 76 77 76 71 69 71 69 71 71 71 67 70 69 67 66 68 64 64 62 63 69 65 70 65 62 63 66 71 70 66 68 70 68 67 69 67 67 68 72 67 70 72 74 72 70 73 80 74
83 82 81 82 82 82 81 81 83 84 86 83 85 86 87 88 87 86 84 80 83 84 80 81 81 83 86 85 80 79 82 79 78 75 74 74 75 74 72 70 71 71 69 70 69 71 73 73 72 77 72 74 72 68 68 70 69 68 65 67 68 65 63 68 65 64 61 65 67 63 62 63 63 59 61 67 74 69 66 68 70 65 66 66 63 68 66 65 72 -999 -999 -999 -999 -999 -999 -999
84 83 81 82 81 80 78 81 81 85 84 86 86 87 87 87 86 85 84 83 82 83 82 79 79 82 86 79 78 78 83 80 78 75 74 75 74 74 72 69 69 68 68 68 69 72 71 71 72 75 73 72 71 70 67 66 66 63 64 67 64 64 64 68 64 62 62 63 64 65 55 63 59 58 63 66 69 72 69 67 65 65 64 64 63 65 64 63 68 -999 -999 -999 -999 -999 -999 -999
84 80 80 81 80 77 78 80 84 85 86 86 86 86 86 87 86 86 85 84 82 79 79 76 77 80 83 81 79 80 82 80 77 80 80 75 73 72 70 72 70 67 66 67 70 71 69 71 72 75 70 68 73 68 70 69 66 63 60 63 66 66 63 64 66 64 59 60 66 62 54 54 57 57 62 68 70 70 72 64 64 64 62 62 64 64 64 63 -999 -999 -999 -999 -999 -999 -999 -999
82 80 79 79 78 77 81 84 85 85 86 86 86 86 86 87 86 85 86 84 79 78 75 76 79 81 86 80 77 79 81 79 74 76 76 77 75 75 73 71 68 70 67 71 72 72 72 71 70 72 74 69 69 72 67 67 66 68 65 59 61 64 62 59 65 62 57 62 63 58 59 57 54 56 58 61 60 63 65 67 65 61 62 63 63 -999 -999 -999 -999 -999 -999 -999 -999 -999 -999 -999
80 76 77 78 77 82 84 85 86 85 86 85 86 84 87 86 85 85 82 80 80 76 76 79 82 84 84 78 76 77 80 82 78 76 75 74 75 75 72 72 74 72 70 70 71 70 72 71 69 73 68 68 68 66 67 64 63 64 67 63 63 62 61 61 63 64 60 58 60 52 52 55 51 59 57 61 58 67 68 66 63 60 60 60 -999 -999 -999 -999 -999 -999 -999 -999 -999 -999 -999 -999
78 75 76 77 81 82 83 84 85 84 84 85 84 86 87 86 84 83 80 78 78 76 81 83 78 84 84 79 75 77 77 80 81 78 75 73 72 72 75 75 75 72 72 71 70 69 68 70 69 72 71 69 65 65 72 71 65 64 60 62 63 63 59 59 59 59 64 61 61 56 52 54 51 52 56 55 55 63 59 62 60 64 58 58 -999 -999 -999 -999 -999 -999 -999 -999 -999 -999 -999 -999
80 81 81 81 81 82 83 82 83 84 83 83 83 82 84 86 86 86 83 81 78 76 78 80 77 82 78 83 82 79 73 77 78 80 78 76 75 71 71 72 72 72 69 66 67 67 66 67 67 68 71 69 69 66 66 67 70 66 65 60 62 63 61 57 56 54 57 57 60 55 53 51 53 51 52 55 58 58 56 60 56 62 58 57 56 -999 -999 -999 -999 -999 -999 -999 -999 -999 -999 -999
84 85 83 84 84 82 83 82 81 82 81 84 84 82 84 85 84 82 81 83 81 75 75 76 76 79 79 80 80 73 73 73 78 78 79 76 73 73 73 71 69 67 67 69 68 69 67 66 68 66 68 68 71 67 63 65 66 65 61 59 58 59 56 54 59 54 56 59 53 59 51 52 49 47 48 53 55 62 57 58 55 58 61 57 54 -999 -999 -999 -999 -999 -999 -999 -999 -999 -999 -999
86 85 86 84 83 83 82 81 83 81 82 83 84 85 86 84 84 83 80 78 83 80 74 73 77 79 76 78 82 74 73 71 74 75 77 76 73 73 71 69 71 68 70 71 69 67 65 65 64 63 62 64 65 68 65 62 67 68 61 61 58 56 56 52 56 54 55 58 54 54 56 52 48 45 47 50 51 53 57 54 53 53 56 -999 -999 -999 -999 -999 -999 -999 -999 -999 -999 -999 -999 -999
84 85 83 83 82 82 80 80 82 83 83 83 84 85 85 84 80 80 80 81 83 77 73 74 76 76 76 76 84 81 75 69 71 78 77 78 74 73 72 72 71 69 71 70 68 64 60 61 62 64 65 66 67 68 65 64 64 66 64 63 59 56 58 51 52 53 50 53 53 52 53 57 50 50 48 46 49 50 52 52 52 54 57 -999 -999 -999 -999 -999 -999 -999 -999 -999 -999 -999 -999 -999
83 85 84 81 80 80 80 80 81 82 83 83 84 83 82 81 76 75 75 76 80 77 77 74 76 76 78 77 84 79 78 71 71 71 73 78 76 72 73 73 74 74 68 70 68 65 62 60 60 62 61 62 62 64 63 59 61 62 59 62 62 61 62 62 59 59 52 51 52 52 51 52 55 -999 -999 -999 -999 -999 -999 -999 51 -999 -999 -999 -999 -999 -999 -999 -999 -999 -999 -999 -999 -999 -999 -999
82 85 83 82 82 79 81 82 83 83 83 82 81 81 78 74 75 77 76 77 79 80 75 75 75 77 81 83 83 77 72 70 69 72 77 77 74 73 75 75 74 70 70 69 69 68 64 63 60 60 59 59 61 61 65 57 59 59 57 56 55 56 57 53 54 58 57 -999 -999 -999 -999 -999 -999 -999 -999 -999 -999 -999 -999 -999 -999 -999 -999 -999 -999 -999 -999 -999 -999 -999 -999 -999 -999 -999 -999 -999
83 84 83 80 80 80 81 82 82 81 80 80 79 76 73 76 80 76 81 80 81 75 76 76 78 77 82 75 74 74 68 68 71 71 76 74 78 79 72 75 74 73 72 69 69 67 66 62 60 60 59 59 57 60 62 56 57 59 61 57 58 60 55 55 51 54 55 -999 -999 -999 -999 -999 -999 -999 -999 -999 -999 -999 -999 -999 -999 -999 -999 -999 -999 -999 -999 -999 -999 -999 -999 -999 -999 -999 -999 -999
82 82 82 82 80 80 81 79 79 79 77 76 73 73 77 79 80 79 77 73 71 72 74 75 77 82 82 75 70 67 70 70 67 68 69 71 73 73 75 69 69 69 68 68 64 65 63 64 64 62 63 61 59 61 61 60 63 61 61 64 -999 -999 -999 -999 -999 -999 -999 -999 -999 -999 -999 -999 -999 -999 -999 -999 -999 -999 -999 -999 -999 -999 -999 -999 -999 -999 -999 -999 -999 -999 -999 -999 -999 -999 -999 -999
80 82 81 79 79 80 78 78 76 74 74 71 72 76 79 74 74 73 71 71 74 78 77 77 76 75 82 70 70 68 68 67 70 66 66 70 74 76 75 71 68 68 68 68 67 64 65 65 65 63 65 62 60 58 55 59 63 63 64 62 -999 -999 -999 -999 -999 -999 -999 -999 -999 -999 -999 -999 -999 -999 -999 -999 -999 -999 -999 -999 -999 -999 -999 -999 -999 -999 -999 -999 -999 -999 -999 -999 -999 -999 -999 -999
80 81 79 79 79 79 77 77 77 74 72 73 76 78 77 71 70 75 68 74 76 76 75 77 75 79 77 73 68 66 67 67 70 67 66 68 74 72 77 77 70 69 70 68 64 65 67 67 66 67 62 59 62 60 57 65 66 63 53 52 59 -999 -999 -999 -999 -999 -999 -999 -999 -999 -999 -999 -999 -999 -999 -999 -999 -999 -999 -999 -999 -999 -999 -999 -999 -999 -999 -999 -999 -999 -999 -999 -999 -999 -999 -999
77 78 79 79 79 75 79 73 75 70 73 76 75 72 72 68 69 70 73 71 74 76 75 75 77 76 82 74 71 67 66 68 70 65 64 67 67 76 72 77 77 74 70 69 69 68 70 65 66 64 62 61 60 59 61 67 61 59 54 53 53 -999 -999 -999 -999 -999 -999 -999 -999 -999 -999 -999 -999 -999 -999 -999 -999 -999 -999 -999 -999 -999 -999 -999 -999 -999 -999 -999 -999 -999 -999 -999 -999 -999 -999 -999
76 76 78 79 75 76 77 72 71 71 74 76 72 72 70 72 66 65 70 70 73 76 72 74 76 73 80 73 74 70 67 66 67 63 65 67 70 70 67 70 74 72 75 73 71 69 68 64 61 61 62 65 67 62 62 63 61 53 51 49 -999 -999 -999 -999 -999 -999 -999 -999 -999 -999 -999 -999 -999 -999 -999 -999 -999 -999 -999 -999 -999 -999 -999 -999 -999 -999 -999 -999 -999 -999 -999 -999 -999 -999 -999 -999
74 75 77 75 73 76 74 73 71 74 71 74 68 70 66 69 69 68 68 69 71 72 71 75 74 77 78 78 77 72 70 65 64 64 66 66 67 69 67 64 66 70 73 75 74 69 67 67 64 61 65 66 65 63 65 55 60 55 54 -999 -999 -999 -999 -999 -999 -999 -999 -999 -999 -999 -999 -999 -999 -999 -999 -999 -999 -999 -999 -999 -999 -999 -999 -999 -999 -999 -999 -999 -999 -999 -999 -999 -999 -999 -999 -999
77 75 76 74 76 76 73 71 69 69 71 74 72 70 68 68 66 66 71 71 76 74 70 75 70 74 78 73 70 69 67 63 65 66 64 66 67 73 68 64 61 63 67 72 74 74 70 68 65 61 67 71 68 68 61 57 54 51 53 -999 -999 -999 -999 -999 -999 -999 -999 -999 -999 -999 -999 -999 -999 -999 -999 -999 -999 -999 -999 -999 -999 -999 -999 -999 -999 -999 -999 -999 -999 -999 -999 -999 -999 -999 -999 -999
76 75 75 72 73 74 69 68 70 71 74 73 70 68 68 65 68 71 72 72 72 71 71 70 74 73 80 75 73 69 65 61 64 64 67 66 68 69 65 65 64 61 65 65 67 71 73 72 71 65 68 62 63 63 60 58 54 55 53 -999 -999 -999 -999 -999 -999 -999 -999 -999 -999 -999 -999 -999 -999 -999 -999 -999 -999 -999 -999 -999 -999 -999 -999 -999 -999 -999 -999 -999 -999 -999 -999 -999 -999 -999 -999 -999
77 76 74 73 72 73 66 70 70 72 75 72 67 64 63 64 65 65 66 71 71 67 70 69 69 73 78 72 73 67 65 63 63 67 66 65 66 67 70 61 63 61 62 64 68 70 66 68 72 68 69 62 60 57 59 52 54 56 -999 -999 -999 -999 -999 -999 -999 -999 -999 -999 -999 -999 -999 -999 -999 -999 -999 -999 -999 -999 -999 -999 -999 -999 -999 -999 -999 -999 -999 -999 -999 -999 -999 -999 -999 -999 -999 -999
76 74 73 71 71 66 69 68 71 71 73 69 64 62 64 65 64 60 64 67 70 66 66 69 68 72 75 76 69 68 65 62 63 64 61 64 64 66 60 66 59 59 60 58 62 63 61 58 68 -999 -999 64 65 59 57 51 56 -999 -999 -999 -999 -999 -999 -999 -999 -999 -999 -999 -999 -999 -999 -999 -999 -999 -999 -999 -999 -999 -999 -999 -999 -999 -999 -999 -999 -999 -999 -999 -999 -999 -999 -999 -999 -999 -999 -999
75 72 70 72 68 70 66 66 70 73 70 65 60 61 61 63 64 66 66 67 65 63 62 65 67 70 73 75 71 69 66 64 60 60 61 60 62 65 58 61 53 55 55 54 56 57 59 59 66 -999 -999 69 62 62 58 57 -999 -999 -999 -999 -999 -999 -999 -999 -999 -999 -999 -999 -999 -999 -999 -999 -999 -999 -999 -999 -999 -999 -999 -999 -999 -999 -999 -999 -999 -999 -999 -999 -999 -999 -999 -999 -999 -999 -999 -999
73 72 70 71 69 69 70 69 71 70 68 63 60 59 59 62 65 62 67 67 64 63 65 67 70 69 78 72 71 70 68 62 60 58 60 62 62 55 58 61 55 55 55 56 58 60 60 62 -999 -999 -999 -999 65 59 57 60 -999 -999 -999 -999 -999 -999 -999 -999 -999 -999 -999 -999 -999 -999 -999 -999 -999 -999 -999 -999 -999 -999 -999 -999 -999 -999 -999 -999 -999 -999 -999 -999 -999 -999 -999 -999 -999 -999 -999 -999
76 74 73 75 75 68 68 70 71 67 70 65 60 59 60 61 64 65 68 71 67 70 68 69 75 77 77 70 76 71 67 66 62 60 59 62 61 55 56 58 56 56 56 56 55 63 -999 -999 -999 -999 -999 -999 -999 -999 60 -999 -999 -999 -999 -999 -999 -999 -999 -999 -999 -999 -999 -999 -999 -999 -999 -999 -999 -999 -999 -999 -999 -999 -999 -999 -999 -999 -999 -999 -999 -999 -999 -999 -999 -999 -999 -999 -999 -999 -999 -999
76 76 75 77 75 75 70 68 68 64 67 65 62 61 60 61 63 69 70 71 70 71 75 74 72 68 75 72 69 69 71 63 64 61 58 60 59 56 56 58 58 57 55 58 61 -999 -999 -999 -999 -999 -999 -999 -999 -999 -999 -999 -999 -999 -999 -999 -999 -999 -999 -999 -999 -999 -999 -999 -999 -999 -999 -999 -999 -999 -999 -999 -999 -999 -999 -999 -999 -999 -999 -999 -999 -999 -999 -999 -999 -999 -999 -999 -999 -999 -999 -999
83 79 78 78 75 73 67 64 65 62 62 64 63 61 64 62 65 69 71 67 70 72 67 70 68 69 74 71 68 62 74 72 68 63 61 59 56 56 56 57 -999 -999 57 58 57 -999 -999 -999 -999 -999 -999 -999 -999 -999 -999 -999 -999 -999 -999 -999 -999 -999 -999 -999 -999 -999 -999 -999 -999 -999 -999 -999 -999 -999 -999 -999 -999 -999 -999 -999 -999 -999 -999 -999 -999 -999 -999 -999 -999 -999 -999 -999 -999 -999 -999 -999
81 77 80 70 70 67 63 63 64 62 62 58 63 63 65 63 61 66 69 64 67 67 69 67 71 72 67 70 66 67 65 64 71 62 61 59 55 56 57 -999 -999 -999 -999 57 58 -999 -999 -999 -999 -999 -999 -999 -999 -999 -999 -999 -999 -999 -999 -999 -999 -999 -999 -999 -999 -999 -999 -999 -999 -999 -999 -999 -999 -999 -999 -999 -999 -999 -999 -999 -999 -999 -999 -999 -999 -999 -999 -999 -999 -999 -999 -999 -999 -999 -999 -999
81 81 73 76 72 65 60 61 63 63 65 61 64 64 64 62 63 66 70 67 63 65 72 65 65 70 67 66 61 68 65 63 70 64 67 62 57 56 57 -999 -999 -999 -999 -999 -999 -999 -999 -999 -999 -999 -999 -999 -999 -999 -999 -999 -999 -999 -999 -999 -999 -999 -999 -999 -999 -999 -999 -999 -999 -999 -999 -999 -999 -999 -999 -999 -999 -999 -999 -999 -999 -999 -999 -999 -999 -999 -999 -999 -999 -999 -999 -999 -999 -999 -999 -999
75 81 80 77 72 64 66 60 62 65 68 62 62 67 66 66 65 66 67 63 62 62 70 61 53 65 70 63 61 65 64 63 64 69 63 61 59 61 56 -999 -999 -999 -999 -999 -999 -999 -999 -999 -999 -999 -999 -999 -999 -999 -999 -999 -999 -999 -999 -999 -999 -999 -999 -999 -999 -999 -999 -999 -999 -999 -999 -999 -999 -999 -999 -999 -999 -999 -999 -999 -999 -999 -999 -999 -999 -999 -999 -999 -999 -999 -999 -999 -999 -999 -999 -999
80 72 78 74 80 69 69 68 66 64 64 66 64 66 67 64 66 63 66 67 63 62 62 67 62 59 67 69 60 60 62 59 63 68 62 63 59 54 57 56 -999 -999 -999 -999 -999 -999 -999 -999 -999 -999 -999 -999 -999 -999 -999 -999 -999 -999 -999 -999 -999 -999 -999 -999 -999 -999 -999 -999 -999 -999 -999 -999 -999 -999 -999 -999 -999 -999 -999 -999 -999 -999 -999 -999 -999 -999 -999 -999 -999 -999 -999 -999 -999 -999 -999 -999
68 79 73 73 74 80 73 73 74 70 67 72 68 69 69 64 66 66 67 68 68 61 61 67 61 64 69 66 58 59 58 60 58 63 66 64 58 56 54 -999 -999 -999 -999 -999 -999 -999 -999 -999 -999 -999 -999 -999 -999 -999 -999 -999 -999 -999 -999 -999 -999 -999 -999 -999 -999 -999 -999 -999 -999 -999 -999 -999 -999 -999 -999 -999 -999 -999 -999 -999 -999 -999 -999 -999 -999 -999 -999 -999 -999 -999 -999 -999 -999 -999 -999 -999
71 79 66 67 76 77 75 74 71 70 70 73 72 70 66 64 65 64 64 64 65 63 60 62 60 64 69 65 57 56 57 57 59 67 62 54 54 52 53 -999 -999 -999 -999 -999 -999 -999 -999 -999 -999 -999 -999 -999 -999 -999 -999 -999 -999 -999 -999 -999 -999 -999 -999 -999 -999 -999 -999 -999 -999 -999 -999 -999 -999 -999 -999 -999 -999 -999 -999 -999 -999 -999 -999 -999 -999 -999 -999 -999 -999 -999 -999 -999 -999 -999 -999 -999
74 71 65 66 70 76 75 72 76 74 70 72 68 69 68 62 62 61 58 63 66 63 64 65 58 60 64 66 55 55 54 58 66 55 57 53 49 51 -999 -999 -999 -999 -999 -999 -999 -999 -999 -999 -999 -999 -999 -999 -999 -999 -999 -999 -999 -999 -999 -999 -999 -999 -999 -999 -999 -999 -999 -999 -999 -999 -999 -999 -999 -999 -999 -999 -999 -999 -999 -999 -999 -999 -999 -999 -999 -999 -999 -999 -999 -999 -999 -999 -999 -999 -999 -999
72 70 63 64 69 72 68 70 72 71 73 74 73 69 71 66 62 61 60 65 61 63 62 64 62 56 59 66 58 51 56 56 64 60 53 51 49 52 -999 -999 -999 -999 -999 -999 -999 -999 -999 -999 -999 -999 -999 -999 -999 -999 -999 -999 -999 -999 -999 -999 -999 -999 -999 -999 -999 -999 -999 -999 -999 -999 -999 -999 -999 -999 -999 -999 -999 -999 -999 -999 -999 -999 -999 -999 -999 -999 -999 -999 -999 -999 -999 -999 -999 -999 -999 -999
69 70 67 58 61 67 66 67 74 68 73 71 67 62 63 64 63 61 62 63 57 60 62 63 59 57 60 62 57 52 57 63 63 61 51 48 48 -999 -999 -999 -999 -999 -999 -999 -999 -999 -999 -999 -999 -999 -999 -999 -999 -999 -999 -999 -999 -999 -999 -999 -999 -999 -999 -999 -999 -999 -999 -999 -999 -999 -999 -999 -999 -999 -999 -999 -999 -999 -999 -999 -999 -999 -999 -999 -999 -999 -999 -999 -999 -999 -999 -999 -999 -999 -999 -999
62 63 65 56 53 62 63 72 68 70 75 68 61 55 55 64 64 59 60 63 60 58 60 61 59 55 62 55 60 53 58 56 -999 -999 -999 -999 -999 -999 -999 -999 -999 -999 -999 -999 -999 -999 -999 -999 -999 -999 -999 -999 -999 -999 -999 -999 -999 -999 -999 -999 -999 -999 -999 -999 -999 -999 -999 -999 -999 -999 -999 -999 -999 -999 -999 -999 -999 -999 -999 -999 -999 -999 -999 -999 -999 -999 -999 -999 -999 -999 -999 -999 -999 -999 -999 -999
58 60 60 57 58 59 60 73 64 68 72 69 60 57 52 54 64 57 60 58 55 59 58 57 54 56 58 57 54 55 58 -999 -999 -999 -999 -999 -999 -999 -999 -999 -999 -999 -999 -999 -999 -999 -999 -999 -999 -999 -999 -999 -999 -999 -999 -999 -999 -999 -999 -999 -999 -999 -999 -999 -999 -999 -999 -999 -999 -999 -999 -999 -999 -999 -999 -999 -999 -999 -999 -999 -999 -999 -999 -999 -999 -999 -999 -999 -999 -999 -999 -999 -999 -999 -999 -999
62 58 55 56 58 61 65 58 66 61 69 63 60 55 50 61 61 59 58 60 55 60 56 57 55 58 -999 -999 -999 -999 -999 -999 -999 -999 -999 -999 -999 -999 -999 -999 -999 -999 -999 -999 -999 -999 -999 -999 -999 -999 -999 -999 -999 -999 -999 -999 -999 -999 -999 -999 -999 -999 -999 -999 -999 -999 -999 -999 -999 -999 -999 -999 -999 -999 -999 -999 -999 -999 -999 -999 -999 -999 -999 -999 -999 -999 -999 -999 -999 -999 -999 -999 -999 -999 -999 -999
61 55 55 59 64 67 66 58 66 59 61 61 56 55 50 53 54 54 54 58 52 59 54 54 55 -999 -999 -999 -999 -999 -999 -999 -999 -999 -999 -999 -999 -999 -999 -999 -999 -999 -999 -999 -999 -999 -999 -999 -999 -999 -999 -999 -999 -999 -999 -999 -999 -999 -999 -999 -999 -999 -999 -999 -999 -999 -999 -999 -999 -999 -999 -999 -999 -999 -999 -999 -999 -999 -999 -999 -999 -999 -999 -999 -999 -999 -999 -999 -999 -999 -999 -999 -999 -999 -999 -999
61 57 56 60 57 63 57 57 61 61 53 55 57 51 50 55 52 51 50 51 53 58 53 49 53 -999 -999 -999 -999 -999 -999 -999 -999 -999 -999 -999 -999 -999 -999 -999 -999 -999 -999 -999 -999 -999 -999 -999 -999 -999 -999 -999 -999 -999 -999 -999 -999 -999 -999 -999 -999 -999 -999 -999 -999 -999 -999 -999 -999 -999 -999 -999 -999 -999 -999 -999 -999 -999 -999 -999 -999 -999 -999 -999 -999 -999 -999 -999 -999 -999 -999 -999 -999 -999 -999 -999
50 52 57 58 62 67 61 55 50 58 56 53 54 48 45 49 52 51 48 47 52 57 52 48 53 -999 -999 -999 -999 -999 -999 -999 -999 -999 -999 -999 -999 -999 -999 -999 -999 -999 -999 -999 -999 -999 -999 -999 -999 -999 -999 -999 -999 -999 -999 -999 -999 -999 -999 -999 -999 -999 -999 -999 -999 -999 -999 -999 -999 -999 -999 -999 -999 -999 -999 -999 -999 -999 -999 -999 -999 -999 -999 -999 -999 -999 -999 -999 -999 -999 -999 -999 -999 -999 -999 -999
54 55 59 64 61 63 63 59 53 51 63 56 57 49 45 44 41 53 46 46 50 51 51 49 48 -999 -999 -999 -999 -999 -999 -999 -999 -999 -999 -999 -999 -999 -999 -999 -999 -999 -999 -999 -999 -999 -999 -999 -999 -999 -999 -999 -999 -999 -999 -999 -999 -999 -999 -999 -999 -999 -999 -999 -999 -999 -999 -999 -999 -999 -999 -999 -999 -999 -999 -999 -999 -999 -999 -999 -999 -999 -999 -999 -999 -999 -999 -999 -999 -999 -999 -999 -999 -999 -999 -999
48 52 61 59 58 51 57 49 51 48 56 53 48 54 50 44 39 41 50 44 45 47 47 48 50 -999 -999 -999 -999 -999 -999 -999 -999 -999 -999 -999 -999 -999 -999 -999 -999 -999 -999 -999 -999 -999 -999 -999 -999 -999 -999 -999 -999 -999 -999 -999 -999 -999 -999 -999 -999 -999 -999 -999 -999 -999 -999 -999 -999 -999 -999 -999 -999 -999 -999 -999 -999 -999 -999 -999 -999 -999 -999 -999 -999 -999 -999 -999 -999 -999 -999 -999 -999 -999 -999 -999
48 51 53 55 55 48 48 50 49 46 -999 -999 -999 -999 49 42 41 38 44 39 37 38 38 45 -999 -999 -999 -999 -999 -999 -999 -999 -999 -999 -999 -999 -999 -999 -999 -999 -999 -999 -999 -999 -999 -999 -999 -999 -999 -999 -999 -999 -999 -999 -999 -999 -999 -999 -999 -999 -999 -999 -999 -999 -999 -999 -999 -999 -999 -999 -999 -999 -999 -999 -999 -999 -999 -999 -999 -999 -999 -999 -999 -999 -999 -999 -999 -999 -999 -999 -999 -999 -999 -999 -999 -999
50 51 48 57 61 54 50 -999 -999 -999 -999 -999 -999 -999 -999 42 43 37 39 38 31 41 47 48 -999 -999 -999 -999 -999 -999 -999 -999 -999 -999 -999 -999 -999 -999 -999 -999 -999 -999 -999 -999 -999 -999 -999 -999 -999 -999 -999 -999 -999 -999 -999 -999 -999 -999 -999 -999 -999 -999 -999 -999 -999 -999 -999 -999 -999 -999 -999 -999 -999 -999 -999 -999 -999 -999 -999 -999 -999 -999 -999 -999 -999 -999 -999 -999 -999 -999 -999 -999 -999 -999 -999 -999
49 48 51 53 60 -999 -999 -999 -999 -999 -999 -999 -999 -999 -999 -999 -999 37 37 33 32 46 52 -999 -999 -999 -999 -999 -999 -999 -999 -999 -999 -999 -999 -999 -999 -999 -999 -999 -999 -999 -999 -999 -999 -999 -999 -999 -999 -999 -999 -999 -999 -999 -999 -999 -999 -999 -999 -999 -999 -999 -999 -999 -999 -999 -999 -999 -999 -999 -999 -999 -999 -999 -999 -999 -999 -999 -999 -999 -999 -999 -999 -999 -999 -999 -999 -999 -999 -999 -999 -999 -999 -999 -999 -999
45 47 52 54 58 -999 -999 -999 -999 -999 -999 -999 -999 -999 -999 -999 -999 -999 -999 33 43 -999 -999 -999 -999 -999 -999 -999 -999 -999 -999 -999 -999 -999 -999 -999 -999 -999 -999 -999 -999 -999 -999 -999 -999 -999 -999 -999 -999 -999 -999 -999 -999 -999 -999 -999 -999 -999 -999 -999 -999 -999 -999 -999 -999 -999 -999 -999 -999 -999 -999 -999 -999 -999 -999 -999 -999 -999 -999 -999 -999 -999 -999 -999 -999 -999 -999 -999 -999 -999 -999 -999 -999 -999 -999 -999
