Climate/data/grids_germany_multi_annual_precipitation_1981-2010_17.asc
NCOLS 654
NROWS 866
XLLCORNER 3280414.711633467
YLLCORNER 5237500.62890625
CELLSIZE 1000
NODATA_VALUE -999
[rows 820 to 860 of 866, columns 276 to 367 of 654]
1391 1418 1439 1472 1482 1448 1460 1459 1492 1543 1511 1544 1602 1614 1632 1632 1654 1678 1661 1683 1690 1678 1622 1676 1686 1723 1838 1911 1931 1878 1847 1812 1808 1869 1772 1707 1667 1727 1642 1507 1478 1459 1403 1393 1406 1423 1450 1445 1470 1501 1499 1528 1549 1596 1528 1541 1586 1550 1512 1475 1462 1453 1428 1391 1386 1364 1358 1357 1388 1372 1363 1352 1354 1354 1361 1368 1386 1317 1366 1393 1403 1440 1448 1447 1470 1489 1517 1568 1545 1595 1625 1611
1347 1407 1435 1460 1444 1474 1496 1502 1518 1506 1590 1611 1629 1637 1655 1661 1693 1733 1691 1744 1793 1706 1697 1715 1764 1728 1770 1843 1843 1917 1851 1889 1911 1869 1804 1720 1701 1638 1578 1507 1482 1465 1421 1439 1425 1433 1440 1492 1539 1468 1525 1550 1592 1570 1536 1550 1549 1537 1530 1477 1467 1441 1399 1396 1393 1374 1373 1358 1396 1412 1420 1415 1372 1379 1376 1346 1359 1322 1353 1391 1398 1453 1424 1470 1471 1544 1643 1618 1640 1649 1683 1660
1386 1428 1447 1451 1490 1499 1550 1548 1559 1568 1565 1592 1593 1657 1648 1686 1706 1708 1771 1815 1790 1803 1787 1766 1796 1768 1758 1761 1874 1929 2058 1918 1829 1856 1808 1727 1709 1622 1539 1503 1482 1476 1430 1472 1450 1442 1547 1573 1507 1508 1508 1473 1593 1515 1543 1558 1570 1586 1534 1469 1462 1411 1382 1363 1408 1384 1403 1454 1485 1448 1537 1409 1396 1383 1395 1372 1420 1404 1451 1452 1457 1421 1424 1437 1501 1532 1598 1666 1692 1710 1707 1718
1436 1431 1444 1486 1504 1504 1527 1546 1567 1586 1627 1647 1656 1612 1617 1635 1640 1716 1676 1732 1819 1848 1841 1810 1818 1827 1883 1920 1975 1911 1848 1809 1845 1818 1845 1770 1713 1647 1541 1500 1460 1467 1439 1447 1473 1548 1587 1532 1488 1495 1503 1564 1547 1540 1553 1572 1529 1594 1559 1496 1452 1428 1411 1374 1424 1390 1392 1500 1411 1594 1541 1419 1407 1373 1372 1382 1424 1414 1442 1409 1403 1417 1431 1604 1708 1798 1836 1826 1857 1846 1729 1699
1453 1446 1495 1490 1506 1527 1523 1562 1581 1588 1623 1663 1692 1691 1649 1669 1659 1694 1680 1746 1724 1783 1794 1879 1908 1807 1836 1805 1798 1795 1785 1770 1779 1822 1796 1785 1616 1629 1501 1459 1502 1454 1445 1470 1534 1603 1548 1512 1540 1571 1623 1564 1581 1554 1614 1647 1550 1591 1573 1494 1468 1448 1399 1366 1375 1398 1416 1434 1447 1506 1509 1462 1450 1389 1378 1386 1419 1429 1438 1419 1425 1486 1513 1963 1968 1983 2140 1977 2180 2140 1877 1677
1431 1459 1496 1504 1514 1532 1537 1601 1592 1588 1650 1710 1717 1706 1674 1738 1688 1744 1756 1759 1850 1786 1929 2003 1889 1792 1836 1848 1867 1873 1838 1806 1820 1856 1888 1809 1618 1537 1470 1461 1459 1466 1463 1516 1583 1566 1551 1569 1595 1729 1539 1432 1506 1586 1621 1619 1542 1569 1558 1482 1480 1455 1415 1389 1390 1402 1429 1381 1424 1462 1467 1427 1449 1393 1381 1385 1597 1432 1418 1418 1427 1530 1801 2022 1838 1869 1978 2152 1954 1892 1913 1768
1450 1477 1500 1513 1530 1555 1569 1613 1644 1656 1708 1692 1690 1699 1722 1730 1727 1757 1760 1780 1908 1836 1846 1916 1820 1861 1952 1955 1934 1953 1968 2022 2008 1892 1814 1705 1627 1569 1533 1508 1473 1476 1505 1531 1520 1557 1605 1612 1686 1734 1635 1482 1478 1539 1610 1594 1537 1539 1576 1516 1538 1484 1485 1446 1388 1376 1380 1365 1384 1431 1507 1409 1413 1393 1373 1381 1403 1427 1414 1415 1481 1910 2004 1738 1824 1972 1804 1832 1829 1673 1724 1654
1480 1497 1506 1485 1525 1569 1604 1654 1754 1764 1771 1773 1763 1753 1747 1766 1766 1773 1786 1858 1870 1801 1827 1869 1878 1938 1901 1973 2025 2192 2056 2057 1944 1857 1857 1763 1697 1596 1536 1544 1545 1495 1609 1660 1595 1559 1644 1764 1729 1634 1575 1522 1494 1526 1590 1620 1620 1602 1561 1516 1525 1526 1546 1482 1403 1366 1371 1364 1383 1375 1359 1398 1381 1351 1363 1380 1406 1399 1402 1452 1649 1574 1571 1607 1706 1857 1885 1824 1789 1708 1782 1779
1490 1484 1488 1505 1541 1597 1668 1755 1830 1864 1864 1830 1773 1732 1752 1767 1790 1825 1817 1820 1864 1944 1935 1864 1986 2015 1982 2078 2156 2128 1937 1889 1894 1894 1830 1754 1696 1623 1577 1572 1566 1656 1788 1626 1566 1584 1643 1710 1703 1634 1640 1565 1602 1659 1625 1759 1857 1875 1641 1539 1517 1544 1525 1490 1440 1384 1392 1392 1354 1353 1357 1361 1373 1350 1373 1383 1391 1397 1411 1664 1707 1626 1549 1700 1776 1810 1828 1812 1791 1849 1858 1865
1496 1483 1481 1508 1577 1640 1822 1864 1862 1914 1852 1806 1723 1722 1767 1807 1856 1883 1884 1874 1871 1979 2045 1963 1930 2222 2153 1985 1977 2014 2010 1986 1928 1879 1831 1746 1673 1638 1598 1592 1583 1828 1696 1600 1580 1691 1612 1677 1661 1717 1795 1691 1761 1836 1640 1943 2006 1963 1887 1606 1564 1558 1549 1516 1440 1383 1396 1367 1349 1346 1342 1356 1341 1348 1372 1374 1389 1413 1575 1781 1915 1756 1665 1879 1789 2217 1943 2066 2081 2009 2007 2110
1482 1472 -999 -999 1549 1772 1782 1840 1894 1891 1843 1812 1727 1749 1825 1830 1968 1861 1890 1892 1960 1990 2002 1980 1992 2037 2087 2118 2046 1973 1940 1946 1937 1867 1851 1811 1740 1711 1673 1634 1745 1739 1663 1705 1735 1706 1674 1668 1760 1687 1771 1774 1721 1917 1787 1984 1917 1792 1826 1655 1653 1615 1619 1548 1477 1371 1341 1369 1351 1343 1346 1365 1332 1351 1366 1380 1398 1543 1670 1874 1859 1673 1945 2107 2309 2244 2339 2460 2248 2117 2056 2247
1475 -999 -999 -999 -999 -999 1846 1876 1886 1865 1806 1740 1749 1798 1885 1884 1879 1935 1919 1895 1882 1931 2067 2153 2081 2131 2140 2151 2122 2102 1959 1881 1841 1853 1877 1848 1819 1767 1709 1663 1771 1678 1722 1820 1925 1809 1780 1830 1900 1899 1692 1688 1753 1865 1830 1796 1706 1616 1697 1817 1673 1691 1744 1642 1550 1422 1341 1362 1355 1348 1345 1338 1342 1360 1375 1390 1483 1686 1802 1961 1993 1821 1746 1887 2191 2022 1873 1910 1997 1963 1819 1760
-999 -999 -999 -999 -999 -999 1931 1878 1830 1807 1746 1718 1800 1894 1971 1909 1908 1982 1907 1898 1913 2053 2034 2063 2096 2272 2275 2100 2011 1892 1815 1809 1803 1817 1924 1936 1826 1794 1776 1659 1651 1693 1899 2005 2052 1890 1821 1890 1923 2063 1921 1730 1827 1883 1718 1656 1722 2046 2032 1766 1690 1716 1682 1630 1791 1685 1472 1419 1444 1350 1418 1351 1418 1390 1409 1413 1621 2114 2260 1915 1882 2258 1991 2006 2262 2073 2120 2039 1808 1674 1753 1742
-999 -999 -999 -999 -999 1965 1935 1826 1798 1804 1714 1768 1907 1946 1990 1921 1919 2022 1955 1953 1934 1931 1967 2109 2071 2064 1942 1855 1834 1836 1905 2005 2002 1928 1911 1929 1856 1830 1767 1688 1649 1757 2027 2222 2065 1863 1884 1935 2031 2160 1973 1803 1931 2085 1703 2059 1932 1723 1707 1956 1973 1773 1659 1906 -999 -999 1608 1437 1433 1391 1495 1662 1501 1428 1747 1618 1804 1905 2047 2137 2177 2291 2530 2402 2291 2296 2179 1903 1802 1748 1922 1902
-999 -999 -999 -999 -999 2029 1958 1790 1802 1729 1703 1794 1941 1937 2012 1958 1910 1973 2004 2051 1953 2137 1904 1880 1855 1833 1833 1874 2023 2136 2182 2284 2379 2412 2215 2055 1915 1828 1758 1700 1652 1887 2315 2173 2025 1799 1851 2132 2271 2087 1897 1892 2201 -999 -999 1956 1843 1734 2057 2309 2467 2225 1897 -999 -999 -999 -999 -999 -999 -999 -999 -999 -999 1439 1676 1848 1729 1869 2345 2244 2112 2286 2249 2100 2221 1997 1931 1676 1878 2092 2326 2271
-999 -999 -999 -999 -999 1900 1833 1777 1765 1704 1717 1921 1967 1996 2068 1964 1865 1960 2052 1990 1888 1921 2113 2067 2004 1926 2024 2108 2186 2292 2365 2400 2360 2260 2123 2294 1972 1850 1757 1685 1693 2002 2102 1908 1823 1867 2031 2177 2189 2011 1867 1886 1923 -999 -999 -999 1949 1748 1881 1987 2287 2192 2068 -999 -999 -999 -999 -999 -999 -999 -999 -999 -999 -999 -999 -999 2144 1750 1837 1873 2022 1979 2079 1779 1742 1812 1696 1904 2397 2410 2107 1775
-999 -999 -999 -999 -999 -999 -999 -999 1733 1654 -999 -999 2017 2071 2061 1913 1857 1932 1836 1888 1991 1986 2094 2045 2015 2144 2263 2381 2344 2280 2323 2398 2185 2158 2321 2314 2028 1911 1723 1662 1653 1809 1763 1856 1875 2074 2281 2188 1985 1979 1878 1889 -999 -999 -999 -999 -999 -999 -999 -999 -999 -999 -999 -999 -999 -999 -999 -999 -999 -999 -999 -999 -999 -999 -999 -999 2348 1945 2161 2037 2279 -999 -999 -999 -999 -999 1705 2351 2428 2036 1873 1976
-999 -999 -999 -999 -999 -999 -999 -999 -999 1647 -999 -999 -999 -999 -999 -999 1771 1853 2020 2076 2105 2064 2058 2009 2262 2391 2271 2131 2246 2173 2344 2478 2413 2584 2299 2157 1960 1848 1702 1659 1640 1636 1827 2002 2080 2159 2198 2231 2353 2065 1862 1930 -999 -999 -999 -999 -999 -999 -999 -999 -999 -999 -999 -999 -999 -999 -999 -999 -999 -999 -999 -999 -999 -999 -999 -999 2170 -999 -999 -999 -999 -999 -999 -999 -999 -999 -999 2215 2317 2315 2203 2302
-999 -999 -999 -999 -999 -999 -999 -999 -999 -999 -999 -999 -999 -999 -999 -999 1800 2071 2195 2185 2175 2194 2045 2340 2176 2101 2042 2266 2336 2335 2572 2582 2399 2201 2051 1925 1995 1780 1670 1645 1623 1611 1743 1871 1928 1960 1914 2004 2027 1912 1895 2074 -999 -999 -999 -999 -999 -999 -999 -999 -999 -999 -999 -999 -999 -999 -999 -999 -999 -999 -999 -999 -999 -999 -999 -999 -999 -999 -999 -999 -999 -999 -999 -999 -999 -999 -999 2290 2283 1810 2186 2182
-999 -999 -999 -999 -999 -999 -999 -999 -999 -999 -999 -999 -999 -999 -999 -999 -999 2102 2232 2393 2374 2324 2137 2003 2019 2199 2443 2393 2673 2586 2401 2198 2090 1966 2019 2056 1876 1694 1657 1618 1653 1649 1633 1718 1765 1763 1755 1763 1871 2108 2170 2512 -999 -999 -999 -999 -999 -999 -999 -999 -999 -999 -999 -999 -999 -999 -999 -999 -999 -999 -999 -999 -999 -999 -999 -999 -999 -999 -999 -999 -999 -999 -999 -999 -999 2090 2205 2160 1779 2000 1608 1687
-999 -999 -999 -999 -999 -999 -999 -999 -999 -999 -999 -999 -999 -999 -999 -999 -999 -999 2447 2289 2303 2235 2236 2287 2361 2506 2769 2540 2413 2177 2125 2163 2120 2014 2163 2077 1807 1716 1705 1604 1666 1716 1744 1837 1799 1822 1813 1737 1784 2191 2482 2383 -999 -999 -999 -999 -999 -999 -999 -999 -999 -999 -999 -999 -999 -999 -999 -999 -999 -999 -999 -999 -999 -999 -999 -999 -999 -999 -999 -999 -999 -999 -999 -999 1530 2068 1977 1693 1648 1369 1379 1379
-999 -999 -999 -999 -999 -999 -999 -999 -999 -999 -999 -999 -999 -999 -999 -999 -999 -999 2376 2421 2384 2501 2560 2577 2678 2649 2540 2395 2293 2386 2361 2272 2210 2090 2174 2041 1767 1682 1655 1609 1651 1758 1828 1950 2097 2210 2229 1941 1948 2156 2363 2498 -999 -999 -999 -999 -999 -999 -999 -999 -999 -999 -999 -999 -999 -999 -999 -999 -999 -999 -999 -999 -999 -999 -999 -999 -999 -999 -999 -999 -999 -999 -999 -999 1486 1542 -999 -999 -999 1268 1365 1341
-999 -999 -999 -999 -999 -999 -999 -999 -999 -999 -999 -999 -999 -999 -999 -999 -999 -999 -999 2560 -999 -999 2483 2379 2466 2390 2626 2701 2726 2678 2431 2281 2105 2248 2321 2000 1736 1662 1635 1588 1688 1767 1852 2046 2178 2190 2187 2186 2051 1911 2220 2303 2487 2660 -999 -999 -999 -999 -999 -999 -999 -999 -999 -999 -999 -999 -999 -999 -999 -999 -999 -999 -999 -999 -999 -999 -999 -999 -999 -999 -999 -999 -999 -999 -999 -999 -999 -999 -999 1231 1368 1419
-999 -999 -999 -999 -999 -999 -999 -999 -999 -999 -999 -999 -999 -999 -999 -999 -999 -999 -999 -999 -999 -999 -999 2404 2485 2717 2662 2630 2505 2718 2466 2222 2326 2272 2393 2103 1725 1630 1567 1563 1633 1761 1899 2140 2363 2096 2282 2683 2545 2141 2010 2149 2549 2752 -999 -999 -999 -999 -999 -999 -999 -999 -999 -999 -999 -999 -999 -999 -999 -999 -999 -999 -999 -999 -999 -999 -999 -999 -999 -999 -999 -999 -999 -999 -999 -999 -999 -999 -999 1611 1524 1419
-999 -999 -999 -999 -999 -999 -999 -999 -999 -999 -999 -999 -999 -999 -999 -999 -999 -999 -999 -999 -999 -999 -999 2637 2450 2405 2437 2386 2477 2558 2643 2418 2558 2519 2348 2020 1726 1608 1541 1571 1613 1737 1979 2331 2335 2039 2617 2676 2509 2322 2205 2138 2448 2647 -999 -999 -999 -999 -999 -999 -999 -999 -999 -999 -999 -999 -999 -999 -999 -999 -999 -999 -999 -999 -999 -999 -999 -999 -999 -999 -999 -999 -999 -999 -999 -999 -999 -999 -999 -999 -999 1231
-999 -999 -999 -999 -999 -999 -999 -999 -999 -999 -999 -999 -999 -999 -999 -999 -999 -999 -999 -999 -999 -999 -999 -999 -999 -999 2496 2517 2345 2461 2668 2537 2368 2349 2098 2017 1722 1659 1650 1577 1628 1734 2206 2495 2359 2107 2387 2687 2628 2612 2670 2310 2422 2534 -999 -999 -999 -999 -999 -999 -999 -999 -999 -999 -999 -999 -999 -999 -999 -999 -999 -999 -999 -999 -999 -999 -999 -999 -999 -999 -999 -999 -999 -999 -999 -999 -999 -999 -999 -999 -999 1558
-999 -999 -999 -999 -999 -999 -999 -999 -999 -999 -999 -999 -999 -999 -999 -999 -999 -999 -999 -999 -999 -999 -999 -999 -999 -999 2555 2627 2457 2346 2543 2607 2523 2541 2283 2051 1827 1684 1684 1635 1723 1784 2264 2469 2324 2205 2521 2860 2883 2726 2697 2237 2477 2821 2987 -999 -999 -999 -999 -999 -999 -999 -999 -999 -999 -999 -999 -999 -999 -999 -999 -999 -999 -999 -999 -999 -999 -999 -999 -999 -999 -999 -999 -999 -999 -999 -999 -999 -999 -999 -999 -999
-999 -999 -999 -999 -999 -999 -999 -999 -999 -999 -999 -999 -999 -999 -999 -999 -999 -999 -999 -999 -999 -999 -999 -999 -999 -999 2506 2647 2417 2299 2391 2491 2471 2371 2165 2086 2091 1743 1875 1688 1712 1871 1994 2517 2614 2350 2626 2911 2686 2612 2345 2245 2496 2796 2981 -999 -999 -999 -999 -999 -999 -999 -999 -999 -999 -999 -999 -999 -999 -999 -999 -999 -999 -999 -999 -999 -999 -999 -999 -999 -999 -999 -999 -999 -999 -999 -999 -999 -999 -999 -999 -999
-999 -999 -999 -999 -999 -999 -999 -999 -999 -999 -999 -999 -999 -999 -999 -999 -999 -999 -999 -999 -999 -999 -999 -999 -999 -999 2470 2571 2358 2472 2403 2375 2526 2548 2457 2113 2028 1803 1849 1710 1714 1924 2568 2365 2570 2666 2841 2590 2425 2291 2145 2724 2575 2970 -999 -999 -999 -999 -999 -999 -999 -999 -999 -999 -999 -999 -999 -999 -999 -999 -999 -999 -999 -999 -999 -999 -999 -999 -999 -999 -999 -999 -999 -999 -999 -999 -999 -999 -999 -999 -999 -999
-999 -999 -999 -999 -999 -999 -999 -999 -999 -999 -999 -999 -999 -999 -999 -999 -999 -999 -999 -999 -999 -999 -999 -999 -999 -999 2282 2493 2569 2591 2504 2421 2435 2354 2320 2247 1969 2043 1821 1738 1735 1931 2335 2644 2648 2794 2508 2458 2307 2468 2251 2782 2825 -999 -999 -999 -999 -999 -999 -999 -999 -999 -999 -999 -999 -999 -999 -999 -999 -999 -999 -999 -999 -999 -999 -999 -999 -999 -999 -999 -999 -999 -999 -999 -999 -999 -999 -999 -999 -999 -999 -999
-999 -999 -999 -999 -999 -999 -999 -999 -999 -999 -999 -999 -999 -999 -999 -999 -999 -999 -999 -999 -999 -999 -999 -999 2126 2297 2410 2502 2546 2564 2501 2340 2305 2204 2153 2051 1849 1830 1783 1740 1762 1885 2091 2173 2390 2660 2630 2272 2561 2497 2330 2756 -999 -999 -999 -999 -999 -999 -999 -999 -999 -999 -999 -999 -999 -999 -999 -999 -999 -999 -999 -999 -999 -999 -999 -999 -999 -999 -999 -999 -999 -999 -999 -999 -999 -999 -999 -999 -999 -999 -999 -999
-999 -999 -999 -999 -999 -999 -999 -999 -999 -999 -999 -999 -999 -999 -999 -999 -999 -999 -999 -999 -999 -999 -999 -999 -999 2151 2253 2327 2381 2360 2310 2419 2503 2443 2276 2039 1861 1814 1772 1734 1814 1879 2425 2477 2423 2673 2625 2598 2800 2259 2425 2995 -999 -999 -999 -999 -999 -999 -999 -999 -999 -999 -999 -999 -999 -999 -999 -999 -999 -999 -999 -999 -999 -999 -999 -999 -999 -999 -999 -999 -999 -999 -999 -999 -999 -999 -999 -999 -999 -999 -999 -999
-999 -999 -999 -999 -999 -999 -999 -999 -999 -999 -999 -999 -999 -999 -999 -999 -999 -999 -999 -999 -999 -999 -999 -999 -999 2370 2317 2235 2442 2526 2537 2497 2393 2337 2223 2155 1929 2090 1854 1744 1746 1778 1843 1891 1918 2149 2598 2602 2655 2295 2913 3000 -999 -999 -999 -999 -999 -999 -999 -999 -999 -999 -999 -999 -999 -999 -999 -999 -999 -999 -999 -999 -999 -999 -999 -999 -999 -999 -999 -999 -999 -999 -999 -999 -999 -999 -999 -999 -999 -999 -999 -999
-999 -999 -999 -999 -999 -999 -999 -999 -999 -999 -999 -999 -999 -999 -999 -999 -999 -999 -999 -999 -999 -999 -999 -999 -999 -999 2878 2776 2817 2871 2828 2605 -999 -999 -999 -999 -999 2158 2009 1833 1751 1791 2285 2359 2352 2077 2005 2773 2652 2656 2962 -999 -999 -999 -999 -999 -999 -999 -999 -999 -999 -999 -999 -999 -999 -999 -999 -999 -999 -999 -999 -999 -999 -999 -999 -999 -999 -999 -999 -999 -999 -999 -999 -999 -999 -999 -999 -999 -999 -999 -999 -999
-999 -999 -999 -999 -999 -999 -999 -999 -999 -999 -999 -999 -999 -999 -999 -999 -999 -999 -999 -999 -999 -999 -999 -999 -999 -999 2793 2924 2993 2919 2712 2404 -999 -999 -999 -999 -999 2290 1984 1761 2086 1899 1999 2388 2649 2492 2426 2435 3028 -999 -999 -999 -999 -999 -999 -999 -999 -999 -999 -999 -999 -999 -999 -999 -999 -999 -999 -999 -999 -999 -999 -999 -999 -999 -999 -999 -999 -999 -999 -999 -999 -999 -999 -999 -999 -999 -999 -999 -999 -999 -999 -999
-999 -999 -999 -999 -999 -999 -999 -999 -999 -999 -999 -999 -999 -999 -999 -999 -999 -999 -999 -999 -999 -999 -999 -999 -999 -999 2986 -999 -999 -999 -999 -999 -999 -999 -999 -999 2625 2231 1849 1903 2490 1920 2024 2221 2168 2689 2352 2491 -999 -999 -999 -999 -999 -999 -999 -999 -999 -999 -999 -999 -999 -999 -999 -999 -999 -999 -999 -999 -999 -999 -999 -999 -999 -999 -999 -999 -999 -999 -999 -999 -999 -999 -999 -999 -999 -999 -999 -999 -999 -999 -999 -999
-999 -999 -999 -999 -999 -999 -999 -999 -999 -999 -999 -999 -999 -999 -999 -999 -999 -999 -999 -999 -999 -999 -999 -999 -999 -999 -999 -999 -999 -999 -999 -999 -999 -999 -999 -999 2465 2234 1893 1859 2416 1990 2089 2532 2359 2254 2697 2743 -999 -999 -999 -999 -999 -999 -999 -999 -999 -999 -999 -999 -999 -999 -999 -999 -999 -999 -999 -999 -999 -999 -999 -999 -999 -999 -999 -999 -999 -999 -999 -999 -999 -999 -999 -999 -999 -999 -999 -999 -999 -999 -999 -999
-999 -999 -999 -999 -999 -999 -999 -999 -999 -999 -999 -999 -999 -999 -999 -999 -999 -999 -999 -999 -999 -999 -999 -999 -999 -999 -999 -999 -999 -999 -999 -999 -999 -999 -999 2606 2404 2229 1925 1824 2539 2064 2016 2026 2436 2642 2742 -999 -999 -999 -999 -999 -999 -999 -999 -999 -999 -999 -999 -999 -999 -999 -999 -999 -999 -999 -999 -999 -999 -999 -999 -999 -999 -999 -999 -999 -999 -999 -999 -999 -999 -999 -999 -999 -999 -999 -999 -999 -999 -999 -999 -999
-999 -999 -999 -999 -999 -999 -999 -999 -999 -999 -999 -999 -999 -999 -999 -999 -999 -999 -999 -999 -999 -999 -999 -999 -999 -999 -999 -999 -999 -999 -999 -999 -999 -999 -999 2461 2281 2348 2030 1835 2373 2259 2009 2358 2232 2647 -999 -999 -999 -999 -999 -999 -999 -999 -999 -999 -999 -999 -999 -999 -999 -999 -999 -999 -999 -999 -999 -999 -999 -999 -999 -999 -999 -999 -999 -999 -999 -999 -999 -999 -999 -999 -999 -999 -999 -999 -999 -999 -999 -999 -999 -999
-999 -999 -999 -999 -999 -999 -999 -999 -999 -999 -999 -999 -999 -999 -999 -999 -999 -999 -999 -999 -999 -999 -999 -999 -999 -999 -999 -999 -999 -999 -999 -999 -999 -999 2721 2480 2429 2677 2088 1873 2342 2343 2119 2714 2780 2837 -999 -999 -999 -999 -999 -999 -999 -999 -999 -999 -999 -999 -999 -999 -999 -999 -999 -999 -999 -999 -999 -999 -999 -999 -999 -999 -999 -999 -999 -999 -999 -999 -999 -999 -999 -999 -999 -999 -999 -999 -999 -999 -999 -999 -999 -999
-999 -999 -999 -999 -999 -999 -999 -999 -999 -999 -999 -999 -999 -999 -999 -999 -999 -999 -999 -999 -999 -999 -999 -999 -999 -999 -999 -999 -999 -999 -999 -999 -999 -999 -999 2660 2672 2793 2263 2072 2458 2589 2346 2481 2738 3212 -999 -999 -999 -999 -999 -999 -999 -999 -999 -999 -999 -999 -999 -999 -999 -999 -999 -999 -999 -999 -999 -999 -999 -999 -999 -999 -999 -999 -999 -999 -999 -999 -999 -999 -999 -999 -999 -999 -999 -999 -999 -999 -999 -999 -999 -999
