Climate/data/grids_germany_multi_annual_precipitation_1981-2010_14.asc
NCOLS 654
NROWS 866
XLLCORNER 3280414.711633467
YLLCORNER 5237500.62890625
CELLSIZE 1000
NODATA_VALUE -999
[rows 328 to 368 of 866, columns 470 to 563 of 654]
178 179 177 178 181 181 182 186 188 190 190 188 184 180 178 181 175 176 179 177 176 181 180 181 178 173 171 171 167 166 164 164 166 167 168 170 175 171 170 170 172 171 171 170 172 172 172 172 173 175 177 175 181 182 183 183 186 191 187 184 182 179 179 178 178 180 180 176 177 179 179 179 180 184 184 184 186 190 188 189 188 185 185 185 183 183 183 183 181 183 183 185 183 181
184 182 181 181 178 184 186 184 189 191 186 185 189 184 181 180 175 175 173 177 177 178 180 180 174 178 172 171 167 166 165 165 165 169 173 170 175 175 171 175 174 171 172 174 175 175 181 180 183 178 180 182 185 185 187 192 191 189 191 188 189 184 182 179 175 176 176 176 177 177 178 178 179 183 184 185 187 187 188 188 188 186 185 184 183 182 183 183 182 183 183 188 187 182
192 190 188 184 183 185 185 184 187 187 190 188 185 181 181 176 177 177 173 174 176 177 180 177 179 179 176 168 167 165 163 163 164 168 169 174 176 180 177 175 176 177 177 176 178 179 181 184 188 192 184 190 188 189 194 195 194 193 192 192 188 182 180 175 176 175 175 176 177 177 178 178 180 181 184 186 188 190 190 189 188 186 183 183 183 183 182 183 183 182 181 181 183 180
194 196 190 188 185 189 189 189 190 190 192 193 189 184 180 178 179 175 174 175 176 176 176 176 177 175 171 170 167 163 163 160 163 167 166 171 176 181 177 178 178 179 179 184 185 181 180 184 192 193 190 193 191 195 195 195 197 197 197 194 191 191 181 178 175 174 175 175 176 177 177 178 180 182 183 186 187 192 191 191 189 185 183 183 183 183 182 182 183 181 181 181 182 181
196 192 193 194 188 188 189 187 187 190 189 188 187 184 182 179 177 176 176 175 174 176 175 176 176 175 175 173 167 165 160 162 164 165 166 169 176 178 178 181 182 179 182 183 187 187 187 190 193 193 190 192 194 196 195 195 198 198 196 193 192 184 179 178 177 174 174 175 176 177 177 177 179 182 183 185 187 190 192 190 188 183 183 183 183 181 181 181 181 181 181 181 181 180
191 190 191 191 186 189 186 184 184 186 185 187 184 183 182 179 180 178 178 175 174 174 175 175 176 176 176 175 165 161 160 159 164 166 169 167 171 175 175 178 178 179 179 187 185 185 187 191 193 188 188 190 192 191 194 194 198 198 194 194 193 184 180 179 178 177 174 175 176 176 177 177 179 183 182 184 186 188 189 189 185 185 183 183 182 181 181 181 181 181 181 181 180 181
192 189 189 185 183 183 180 183 181 184 183 184 183 183 178 178 179 178 175 173 173 172 173 175 175 175 171 169 166 166 164 163 167 174 172 172 170 173 174 175 177 177 181 182 182 183 187 191 195 192 187 186 187 190 193 192 192 194 191 193 186 180 178 177 177 177 178 179 176 176 176 176 176 179 180 181 183 185 187 185 185 184 184 183 182 182 180 180 181 181 181 181 181 180
193 190 190 186 183 178 178 178 182 181 178 179 182 181 178 176 175 176 172 173 174 174 175 173 173 171 170 168 170 168 167 167 168 179 175 174 174 176 174 175 179 185 184 181 182 184 189 188 192 193 189 187 185 190 190 187 188 188 189 189 185 177 175 176 176 178 177 177 175 175 175 175 177 178 178 180 181 182 181 184 183 182 181 181 180 182 181 180 180 181 181 180 180 179
193 191 190 190 185 181 178 177 176 181 179 181 182 178 177 176 173 172 175 171 171 174 172 172 173 169 169 167 167 167 166 166 171 178 173 172 174 175 175 174 180 181 179 180 182 185 188 188 187 189 189 185 191 189 188 187 189 189 191 191 187 179 180 176 176 177 179 179 177 177 178 178 174 177 177 177 178 183 181 181 182 181 181 182 182 180 180 180 180 181 181 181 180 179
196 191 190 185 182 181 181 180 177 175 178 181 182 176 176 176 173 171 172 170 171 172 172 173 174 171 169 167 168 168 167 169 170 174 174 172 174 173 173 173 177 180 177 179 182 185 186 186 185 185 185 186 186 188 187 187 188 189 191 188 184 181 183 175 175 177 179 178 177 178 178 177 176 175 178 180 180 183 183 180 180 181 180 180 182 181 180 179 180 180 181 181 180 180
195 189 188 184 181 183 178 177 176 175 177 178 177 175 173 172 171 168 170 170 171 173 172 174 175 172 171 170 170 170 168 170 170 171 173 174 175 174 173 177 177 178 177 178 181 182 185 186 187 187 183 182 188 187 185 182 185 187 188 189 185 183 179 181 176 175 178 176 177 176 176 176 176 174 178 178 181 182 183 183 181 179 181 181 181 182 182 181 181 182 181 181 181 180
194 192 184 182 182 180 181 181 177 174 175 176 174 173 173 172 171 169 169 168 169 173 172 173 174 173 173 174 169 170 170 170 171 172 172 172 172 174 173 176 176 173 174 176 181 182 184 185 185 184 186 184 183 184 184 187 187 189 187 184 181 177 175 174 175 176 176 176 176 175 173 171 173 168 172 175 178 179 178 181 177 179 180 180 183 182 182 182 182 182 182 181 180 178
192 187 184 178 182 179 178 180 175 175 175 177 177 175 173 172 170 171 168 169 171 172 172 173 176 173 172 172 170 170 170 170 171 173 172 176 175 176 176 176 177 177 174 175 180 183 184 184 185 186 183 183 185 184 182 185 188 187 179 178 177 178 179 175 174 178 180 177 175 179 176 173 170 170 171 172 175 178 180 177 180 180 180 180 181 182 182 182 182 182 182 182 181 178
183 178 178 179 179 182 178 172 173 173 173 175 175 174 175 170 168 170 168 169 171 173 173 176 176 175 172 172 172 170 169 170 171 171 173 173 174 172 173 176 177 176 178 175 180 183 184 184 184 184 183 185 186 184 181 181 184 184 179 179 181 178 175 174 174 177 180 175 175 175 177 178 173 169 171 172 174 177 180 177 179 179 180 180 182 183 183 182 182 182 182 181 180 178
182 180 181 185 185 188 180 179 176 174 173 175 175 172 173 172 170 169 168 169 170 172 174 175 175 174 174 174 171 170 171 171 172 173 173 172 173 176 176 176 176 178 178 179 177 182 183 181 185 185 185 184 184 187 188 184 182 180 188 188 184 184 179 175 175 176 174 175 175 178 178 177 174 168 168 170 172 174 177 180 180 181 183 183 184 183 186 184 182 183 181 180 181 179
177 181 182 182 182 182 181 179 177 174 173 175 173 172 175 171 170 169 169 171 171 173 174 174 174 176 174 174 173 172 174 174 174 177 172 171 173 173 176 174 173 175 178 178 177 178 184 181 182 181 183 181 184 188 186 183 183 184 185 187 185 182 182 178 177 173 175 178 176 177 178 174 173 168 163 170 170 173 177 177 179 180 181 183 181 182 184 184 182 182 181 181 179 179
183 184 182 182 179 182 183 178 178 173 174 174 172 172 173 174 172 169 169 169 171 174 174 174 177 177 177 174 174 173 174 173 171 173 174 173 173 173 173 173 176 175 175 178 179 179 180 183 183 184 183 183 184 185 185 183 183 180 183 186 181 180 181 184 176 173 175 175 178 177 177 177 174 169 168 171 174 175 177 179 179 180 181 180 181 185 185 185 182 181 181 181 181 179
177 176 180 178 177 176 177 177 176 173 173 174 172 171 167 173 170 169 168 168 170 174 174 176 177 177 177 174 174 173 172 171 173 174 173 172 172 175 174 175 175 175 176 177 178 180 180 181 182 184 184 185 186 189 187 183 183 183 188 182 179 178 184 184 176 174 174 176 176 177 178 178 177 175 172 170 174 175 175 177 179 180 180 182 181 180 183 182 181 181 181 180 180 179
172 169 174 174 176 174 176 176 173 173 171 171 171 168 169 168 168 167 169 169 169 170 169 172 177 177 176 175 175 174 173 173 172 173 174 174 173 172 176 175 175 172 176 177 179 175 178 178 181 184 185 186 186 185 187 183 182 183 182 180 179 176 180 180 181 177 178 178 177 177 176 177 179 176 173 174 173 174 174 176 179 180 179 182 181 183 182 181 180 180 181 180 180 179
166 168 171 174 172 175 175 174 171 173 173 170 170 168 168 168 169 167 168 168 169 171 170 170 173 177 176 175 175 175 174 171 173 176 176 175 174 172 175 175 174 173 174 178 179 176 177 178 179 183 185 185 186 185 183 183 184 183 183 182 177 179 180 181 185 182 179 179 177 177 177 178 178 175 176 175 175 177 177 176 178 180 180 179 181 184 182 182 182 180 179 179 179 179
168 168 168 168 169 172 172 172 172 172 172 172 172 169 169 169 168 167 167 168 168 171 171 170 174 176 174 176 173 173 172 173 175 174 173 173 174 174 174 174 174 176 176 176 176 178 178 178 180 181 183 184 186 185 185 185 186 188 188 187 185 181 187 191 187 194 192 185 181 177 177 177 179 178 176 176 175 178 177 177 179 180 180 180 184 184 182 182 182 180 178 180 180 180
171 170 168 170 171 171 172 172 172 172 172 172 172 171 169 169 167 166 168 169 169 172 172 172 174 174 173 173 173 173 173 173 174 174 173 173 174 174 174 176 174 176 177 175 176 178 178 179 179 181 182 181 182 183 185 186 186 183 183 192 188 182 188 188 192 191 192 182 182 181 178 176 179 179 178 177 177 177 177 178 180 180 180 180 181 182 182 182 180 180 180 182 183 181
169 169 171 171 171 171 174 174 176 176 175 175 174 173 171 168 167 167 166 166 169 170 171 172 175 174 174 173 175 172 173 176 176 176 175 176 176 176 175 176 176 176 176 177 178 178 179 179 181 180 182 182 185 185 185 186 186 185 188 192 189 188 189 188 193 192 190 190 193 182 177 178 178 178 176 178 176 178 179 178 180 179 179 179 183 183 182 181 180 181 180 182 181 181
171 170 169 169 168 171 171 172 175 177 177 176 175 173 171 169 168 167 167 169 169 173 174 173 175 175 175 175 175 174 175 176 176 176 177 177 177 175 175 177 176 176 176 177 179 178 178 178 178 180 180 182 183 186 185 185 184 188 195 189 188 192 190 193 194 196 195 191 188 179 178 178 178 178 178 177 180 180 181 180 179 179 182 182 182 182 182 181 180 181 180 183 183 183
172 170 171 171 173 174 174 176 177 179 179 179 174 173 171 171 169 167 168 169 172 174 173 173 176 175 175 175 175 175 175 175 175 176 177 176 176 176 177 177 177 177 177 177 179 178 178 179 180 183 182 184 185 183 185 185 187 187 189 185 192 194 191 191 192 192 191 191 191 182 178 178 178 178 175 175 176 178 179 181 181 181 181 181 182 182 182 182 181 181 180 180 184 186
173 170 171 171 174 174 176 175 179 178 179 178 177 176 171 171 170 169 168 168 173 174 173 180 180 176 176 176 174 175 175 177 176 176 177 178 175 175 177 176 177 177 176 177 183 181 178 179 184 185 188 184 184 186 185 186 184 185 187 193 192 189 189 190 190 192 192 189 192 192 179 177 178 178 178 179 179 180 180 179 180 180 181 181 181 182 182 182 182 181 182 185 185 183
171 172 172 172 172 175 177 178 179 180 180 179 179 176 173 171 173 170 172 172 175 175 180 186 187 184 177 177 177 175 176 177 177 177 177 175 175 176 175 177 178 177 178 178 179 179 183 179 185 188 195 189 185 186 187 186 185 190 190 191 189 188 188 187 190 189 189 189 190 191 188 178 178 179 180 179 180 181 181 180 181 181 181 181 181 182 185 184 183 186 186 184 183 184
173 173 173 173 175 177 177 177 179 180 180 179 177 176 174 174 174 174 175 174 176 177 178 182 185 189 181 177 176 177 177 176 178 175 174 174 175 177 176 177 178 178 178 178 178 180 179 183 183 186 193 191 185 187 188 191 192 190 188 189 188 189 190 190 189 190 190 190 191 194 196 179 180 179 180 180 183 182 183 182 180 184 182 183 184 184 185 186 183 187 186 185 184 183
175 174 174 174 177 178 177 177 178 179 179 179 177 176 174 175 174 174 174 175 175 178 178 178 178 175 177 177 178 178 177 176 177 175 175 175 176 178 178 178 178 178 178 178 178 180 179 179 183 185 189 190 195 195 197 194 193 187 188 189 190 190 190 190 190 188 190 190 190 191 194 187 183 182 181 180 186 188 186 183 183 182 182 183 185 185 188 189 190 188 186 188 184 184
176 176 177 177 177 178 177 177 177 178 178 177 177 175 174 175 174 174 174 175 176 176 176 179 178 178 177 178 178 178 177 176 178 175 175 175 177 178 178 178 178 178 178 179 179 180 179 179 184 185 188 188 190 193 193 193 193 193 190 189 188 189 187 186 189 188 190 187 189 190 191 191 188 186 186 183 184 185 183 183 183 189 186 185 184 187 192 194 191 189 190 188 185 183
176 179 178 179 178 177 178 176 176 178 177 177 176 175 178 174 174 173 174 175 176 178 175 178 178 180 180 179 180 180 179 180 178 177 177 175 178 178 179 179 179 180 180 180 180 180 180 181 184 185 186 186 193 194 193 191 193 196 194 188 188 188 189 188 191 187 189 189 189 189 192 192 193 190 188 192 195 187 187 189 187 185 187 185 188 191 194 192 192 193 191 190 185 186
181 181 179 178 178 177 176 175 176 176 176 176 176 176 175 175 174 174 175 175 177 176 175 178 180 180 179 179 180 181 182 181 180 179 178 177 176 178 178 179 178 178 179 179 180 182 184 184 184 183 188 189 191 189 190 190 194 195 195 193 188 189 188 188 188 190 190 189 189 190 192 192 194 194 192 193 194 195 195 196 190 190 188 189 190 191 195 194 194 195 197 194 188 184
182 181 179 178 178 176 175 175 175 176 176 176 176 175 175 175 175 174 175 174 175 177 177 177 180 179 179 180 180 182 182 182 181 179 179 179 177 179 179 179 178 179 179 179 180 185 182 184 184 186 186 186 189 189 191 189 186 187 190 192 189 188 185 185 186 190 190 189 189 189 188 194 191 189 194 192 193 195 197 196 200 203 191 189 189 195 197 196 198 198 195 191 189 193
185 183 180 178 179 177 177 176 176 176 175 176 175 174 174 174 174 174 174 173 175 177 177 177 179 178 179 181 182 184 183 182 183 179 179 178 180 178 178 179 179 179 179 179 180 182 185 184 185 183 186 184 184 184 184 184 184 186 187 189 188 187 186 187 187 188 188 186 186 186 188 188 189 188 190 191 194 194 195 195 199 199 195 192 193 197 197 198 201 198 201 199 202 199
191 187 183 187 181 181 178 176 177 176 176 175 174 173 173 173 173 174 173 173 176 177 177 178 178 179 180 181 184 186 183 184 183 180 178 179 180 180 180 179 180 180 179 179 180 182 186 181 183 183 182 184 184 184 184 187 184 186 184 186 189 189 187 187 187 187 187 186 187 185 186 187 187 186 188 189 190 194 194 195 199 198 197 197 195 202 199 204 202 204 201 202 203 199
185 184 185 189 187 187 186 183 181 178 177 174 173 172 172 172 173 173 174 173 174 175 175 175 177 178 179 181 181 184 183 182 183 179 178 180 180 180 180 180 179 181 180 180 180 181 181 184 183 184 184 184 186 184 183 184 185 187 185 188 190 192 187 187 188 187 187 187 187 184 184 185 188 188 188 188 189 192 194 195 195 197 198 196 201 201 201 202 205 203 203 202 197 193
188 191 190 188 191 186 186 183 182 180 177 175 173 172 172 171 172 173 173 174 174 175 175 176 177 177 177 178 182 181 181 181 181 178 180 180 181 180 180 180 179 181 181 180 182 181 184 184 183 184 184 184 183 183 184 184 186 185 186 188 190 187 187 187 187 187 186 186 185 185 185 184 184 188 188 187 189 191 194 194 196 198 198 198 201 201 201 203 204 202 202 203 198 200
190 187 190 191 190 190 186 184 186 179 180 178 173 172 171 171 172 173 173 173 175 175 175 177 175 176 178 178 179 180 181 181 180 179 180 180 180 180 180 180 181 181 181 180 181 181 180 182 183 183 183 183 183 184 184 184 186 186 189 188 188 186 187 188 187 187 187 187 186 185 186 187 186 188 188 187 188 190 193 192 196 196 196 199 199 198 201 202 201 202 200 196 198 195
195 192 192 195 188 190 186 185 182 181 179 181 177 175 172 172 172 172 173 172 176 176 173 175 175 174 174 175 178 178 178 180 179 180 180 180 181 181 181 181 181 180 181 180 182 182 182 181 188 185 185 184 186 187 192 190 191 188 188 188 189 188 188 188 187 187 185 184 185 185 184 185 186 185 184 187 188 188 188 190 193 195 195 196 197 196 197 197 198 200 199 194 196 197
192 191 191 190 186 182 180 180 182 180 182 181 177 178 173 172 173 173 174 174 174 172 173 174 173 171 171 171 175 177 178 177 179 180 180 180 181 182 181 181 182 182 182 182 182 182 184 188 188 189 188 188 188 189 193 195 193 193 191 188 189 188 188 188 187 186 186 185 185 186 185 184 186 185 185 185 188 187 187 189 192 192 193 195 195 196 196 196 196 195 197 194 194 192
195 191 196 193 191 183 182 179 181 182 182 180 180 177 173 173 174 173 173 173 174 174 173 173 172 169 167 171 173 178 176 179 179 180 180 180 182 182 181 181 182 182 182 182 182 184 184 186 184 189 191 191 188 191 192 193 193 194 194 191 193 188 188 188 186 186 186 186 185 185 186 187 187 185 184 185 185 187 188 188 192 196 194 196 197 199 197 196 197 194 195 198 196 194
