Climate/data/grids_germany_multi_annual_precipitation_1981-2010_14.asc
NCOLS 654
NROWS 866
XLLCORNER 3280414.711633467
YLLCORNER 5237500.62890625
CELLSIZE 1000
NODATA_VALUE -999
[rows 451 to 491 of 866, columns 376 to 469 of 654]
189 192 193 195 189 188 188 189 190 193 193 199 199 196 197 197 189 190 199 207 207 213 210 207 208 215 219 221 213 196 190 191 224 225 225 227 230 225 225 223 221 218 218 217 218 229 222 228 219 222 235 225 214 210 206 205 215 216 216 216 212 210 204 197 203 205 211 213 217 213 222 221 220 220 214 212 217 214 213 219 215 214 215 218 211 214 218 222 223 223 222 220 222 228
193 194 194 198 193 193 191 192 194 195 195 202 202 203 200 196 189 191 200 208 213 214 216 218 220 214 222 219 193 192 201 199 197 197 205 210 213 229 229 228 230 221 218 218 222 232 234 231 229 221 229 226 213 210 207 204 208 212 219 216 216 217 213 206 207 208 210 216 218 218 218 222 221 218 220 215 218 216 218 215 215 215 212 214 211 216 223 223 223 223 223 224 224 222
194 195 197 198 198 195 199 197 192 196 200 197 199 201 201 195 191 198 199 209 206 208 214 216 219 210 200 201 196 204 232 216 210 223 206 211 213 219 218 220 219 223 225 228 229 234 226 221 220 222 227 241 219 213 206 211 220 214 220 219 221 222 214 208 205 208 212 215 217 220 218 222 222 221 220 220 219 217 217 217 217 214 218 213 210 217 220 221 223 227 224 226 224 224
205 205 206 202 201 200 202 202 194 190 197 190 195 201 200 198 198 201 202 206 206 210 217 222 229 222 195 196 203 207 208 234 216 209 217 214 214 217 219 211 224 226 231 227 228 229 229 234 237 233 235 238 227 219 205 200 204 212 221 229 226 225 214 213 210 207 212 215 218 217 216 220 224 222 220 220 216 214 218 217 215 218 221 212 215 211 216 220 224 223 224 225 228 228
213 211 212 210 206 200 201 207 201 194 189 189 192 193 193 197 202 203 199 202 207 209 202 205 225 199 196 200 238 238 237 228 222 218 214 216 217 216 221 217 226 229 233 230 229 230 228 237 236 228 235 236 225 220 210 203 201 206 221 219 228 225 218 217 215 212 211 216 217 217 218 216 222 219 218 220 220 219 216 219 216 209 209 217 218 210 216 216 215 224 222 228 227 230
216 210 210 206 209 206 208 207 206 208 198 193 191 192 196 202 207 200 204 207 207 205 215 224 208 197 196 205 206 207 210 213 221 229 219 223 219 220 222 231 224 234 229 227 231 233 228 231 235 232 234 228 224 218 215 215 201 205 209 224 214 214 212 211 214 214 215 220 220 217 221 214 220 224 223 223 221 217 219 216 215 206 217 221 217 211 220 218 222 225 229 229 226 229
227 219 217 209 204 210 206 203 194 201 198 200 199 197 193 203 204 205 207 211 208 212 219 214 199 195 204 216 234 226 227 233 221 235 236 226 223 221 230 233 227 237 229 230 231 232 225 233 237 228 226 228 228 226 225 213 221 210 213 216 213 226 225 216 216 217 218 219 214 219 215 216 211 219 220 221 222 220 219 212 209 217 219 220 214 219 220 221 223 225 227 229 226 229
229 224 224 222 218 203 207 195 206 191 208 208 208 202 197 192 205 211 213 207 207 209 219 210 196 193 226 233 238 240 239 238 238 239 238 223 226 225 235 237 234 229 226 230 233 230 231 233 234 234 230 225 225 226 228 225 221 212 219 220 225 229 226 218 217 215 215 216 218 218 221 215 218 210 221 215 213 213 210 212 218 216 221 218 211 217 222 223 224 224 226 228 230 233
231 222 211 222 208 206 203 210 210 207 221 219 216 209 202 195 194 211 213 216 211 205 212 196 194 192 198 217 231 232 233 231 223 222 223 226 226 218 228 231 225 224 228 231 230 230 234 227 230 229 232 227 230 228 223 221 213 221 235 239 246 241 222 215 219 216 215 215 218 217 222 223 219 216 211 210 210 213 211 214 219 219 217 220 212 209 218 218 221 227 230 233 233 232
222 215 211 208 208 230 233 230 227 224 227 216 210 213 202 199 196 195 205 209 212 212 213 219 200 195 193 209 224 220 227 217 216 219 220 212 218 219 221 218 224 220 233 233 229 232 231 226 227 228 231 230 218 218 216 224 229 232 244 244 267 249 219 209 217 218 219 218 219 220 223 224 220 215 212 217 220 216 220 220 221 221 222 217 212 217 212 222 226 226 230 233 233 236
218 213 215 218 208 211 214 234 225 231 227 218 220 212 203 201 208 210 203 206 207 211 212 216 221 202 191 196 204 211 217 214 213 206 212 217 222 223 223 228 230 232 232 232 232 231 230 223 221 216 212 216 221 224 225 215 229 236 238 234 241 241 221 217 212 211 215 212 215 219 220 222 219 213 220 225 220 217 215 224 225 224 216 218 214 217 219 220 227 231 232 233 236 236
217 222 221 208 222 224 219 215 221 229 228 226 217 217 201 212 217 215 214 208 207 206 216 224 219 195 191 194 195 200 198 201 205 209 217 213 217 218 220 226 229 235 232 233 235 233 233 230 228 223 229 228 232 227 229 223 215 225 225 216 216 213 216 214 215 214 211 211 217 221 221 219 218 217 217 220 225 221 224 225 223 215 218 217 216 224 219 218 223 230 231 234 227 224
218 211 212 217 218 227 226 222 223 231 226 222 227 213 206 214 218 218 205 209 201 201 196 196 199 193 192 201 192 192 195 196 199 201 210 215 219 218 209 221 222 226 236 241 238 234 231 231 231 230 230 228 228 216 215 216 224 222 221 205 203 211 218 216 219 217 214 219 220 221 218 216 219 218 221 216 218 224 224 223 224 220 214 214 227 223 227 221 230 232 232 226 223 222
224 222 219 217 215 218 228 219 219 218 212 215 223 217 218 221 220 217 222 218 222 224 228 231 217 203 195 190 209 211 203 207 204 207 218 216 221 223 220 225 230 236 238 239 239 235 230 227 227 226 219 222 221 221 222 217 221 226 215 203 200 202 209 222 221 222 222 227 225 222 223 223 223 218 224 222 223 223 226 224 223 221 214 219 220 224 226 226 228 230 227 224 223 223
211 217 219 219 221 220 215 213 214 210 216 213 218 221 217 222 224 222 218 227 228 227 207 220 217 200 195 191 193 197 213 203 204 212 210 206 220 226 230 234 232 221 233 236 231 237 235 230 228 227 225 226 221 221 229 222 229 214 207 206 201 212 212 211 219 219 225 227 228 221 223 220 222 225 224 226 222 224 227 224 222 220 211 219 223 227 229 226 231 229 221 222 222 227
222 228 217 215 211 211 216 215 214 212 221 220 219 214 220 215 217 221 224 213 229 226 221 205 204 204 191 194 201 215 211 208 219 218 221 217 209 209 213 219 228 233 227 236 231 230 235 234 234 228 221 220 229 229 229 224 220 215 207 207 203 207 215 221 221 217 223 223 229 225 224 224 225 224 227 226 228 228 229 219 219 217 219 220 223 227 229 229 227 224 222 221 226 236
225 228 226 217 221 213 222 222 219 217 221 221 220 213 215 222 224 218 206 210 210 205 201 205 209 211 194 198 203 206 221 212 213 207 210 228 225 220 227 219 221 222 225 237 238 233 232 233 228 229 230 224 233 228 232 228 223 216 220 213 206 208 215 225 226 224 225 226 230 229 229 225 223 221 227 231 229 230 224 226 223 219 217 225 221 227 232 231 227 223 222 225 232 236
232 232 231 220 220 230 222 204 220 221 220 215 214 212 216 222 221 222 227 232 228 227 229 213 209 196 196 195 205 208 205 225 219 212 209 230 234 230 222 218 231 231 233 222 228 228 236 234 233 230 227 227 226 229 225 218 215 215 212 209 207 209 219 229 225 230 225 223 227 226 225 223 224 225 231 233 231 231 226 224 221 219 218 226 225 227 227 235 227 224 224 226 231 237
235 234 234 233 228 224 227 223 224 218 218 220 209 215 204 199 196 204 219 205 203 206 214 217 203 195 212 215 218 217 217 221 225 218 217 219 234 231 231 218 233 234 234 227 224 244 238 236 234 230 229 232 234 228 228 220 227 213 214 213 212 209 206 230 227 221 219 223 223 217 216 217 222 225 231 229 227 230 228 226 223 224 215 222 225 229 228 233 233 226 223 227 237 238
227 224 225 231 224 229 227 224 223 220 230 227 230 222 219 208 210 209 203 206 203 208 198 207 204 198 224 224 226 222 219 226 227 223 225 225 232 232 218 220 228 222 239 239 237 236 235 232 235 228 227 230 229 233 224 224 225 226 222 215 214 217 213 223 227 222 220 222 219 224 221 220 221 225 228 231 229 228 224 228 228 218 218 222 225 227 231 229 231 225 228 232 232 241
219 229 230 232 227 228 224 224 227 224 224 214 209 217 215 234 234 228 234 222 224 218 213 205 203 201 195 207 216 220 221 227 224 223 219 228 228 228 229 232 226 223 238 242 237 225 238 224 230 231 231 223 224 223 223 224 220 221 214 215 211 225 226 219 223 228 227 225 228 227 223 220 224 228 221 228 229 227 226 224 226 219 225 223 228 229 232 229 230 222 229 233 241 245
228 233 235 235 232 219 208 230 229 225 227 228 217 201 204 218 220 233 227 226 211 208 212 207 197 197 196 214 222 221 225 226 229 226 215 218 222 223 231 235 228 223 238 241 236 231 228 231 228 224 220 221 221 221 221 222 220 220 215 214 212 222 220 228 231 235 234 229 232 229 220 220 221 223 229 236 229 231 230 224 223 219 222 228 227 229 232 231 232 225 228 237 243 246
228 234 236 234 236 237 218 206 224 232 222 205 210 204 208 208 204 207 212 240 212 210 213 208 197 209 208 221 218 219 220 228 229 221 224 227 229 223 234 237 231 232 229 239 233 228 226 231 227 222 218 221 223 222 226 225 222 219 211 211 218 223 233 231 227 230 231 233 233 227 223 221 225 228 234 234 230 229 231 230 223 221 230 231 229 234 237 238 232 229 231 240 242 248
213 217 220 212 238 212 209 210 213 211 205 205 209 218 202 214 210 207 202 209 207 196 199 200 215 212 220 216 223 227 226 224 225 226 226 225 230 231 234 237 233 229 231 235 233 230 228 225 221 214 216 217 217 222 228 225 225 228 224 222 215 229 234 231 228 237 225 226 230 226 230 225 228 232 235 232 228 226 234 236 229 229 225 231 234 238 242 239 236 230 233 242 248 253
208 204 215 201 208 205 207 212 210 218 214 197 213 212 212 219 230 231 212 201 209 195 205 200 220 224 216 211 216 226 222 217 222 227 229 226 229 227 226 230 224 221 222 226 232 228 224 219 216 213 215 215 216 219 218 233 232 228 225 217 216 233 231 228 230 225 238 238 225 237 232 231 230 231 229 229 230 230 236 236 237 234 226 230 237 248 245 244 240 236 233 244 251 254
207 199 203 198 199 192 196 218 203 209 202 200 216 219 201 219 219 223 213 196 194 206 211 214 198 213 220 223 214 229 210 221 225 226 229 232 223 221 222 217 217 219 217 220 222 226 224 221 222 220 216 216 218 220 223 232 231 228 220 209 212 225 230 233 240 238 223 226 232 226 233 237 229 228 233 232 237 233 235 237 235 235 230 237 240 242 240 241 240 236 235 245 249 255
205 214 219 217 203 215 195 192 215 216 215 193 217 202 201 206 192 193 192 193 195 212 219 205 218 197 201 215 211 207 215 223 223 213 215 215 216 221 220 222 224 222 221 223 227 222 224 224 226 225 222 220 225 223 231 235 231 223 210 220 225 224 229 237 240 227 221 225 239 237 240 238 229 229 234 241 239 236 235 235 231 227 237 245 248 243 243 241 241 241 240 245 247 252
215 225 219 228 222 219 219 189 205 213 219 197 190 189 189 188 190 206 206 222 221 207 215 218 215 212 200 196 203 207 211 217 207 208 209 215 218 221 226 230 229 229 228 227 227 227 227 227 228 225 225 223 231 226 234 228 226 218 227 226 213 224 228 229 226 230 230 228 232 230 227 231 227 233 233 243 241 235 236 234 236 232 232 234 240 244 242 241 244 242 242 240 253 251
227 230 223 217 218 204 214 201 191 209 200 186 187 187 188 192 215 213 232 220 211 218 209 212 215 213 215 195 195 208 203 204 202 200 210 208 222 228 229 234 233 231 240 235 235 233 234 228 223 222 221 224 220 231 225 219 219 222 224 228 213 221 220 229 222 224 225 222 220 217 221 229 237 239 241 244 241 240 238 238 235 232 235 240 238 244 246 246 249 243 242 249 250 254
228 225 227 219 207 203 204 205 189 191 186 191 191 194 193 207 211 217 228 220 214 225 217 212 218 218 213 198 194 199 202 194 200 207 212 219 229 228 237 235 241 242 245 246 245 241 232 228 221 226 223 229 226 216 215 217 221 229 224 230 218 221 223 228 221 222 226 227 221 230 230 230 230 239 241 241 242 242 238 235 238 234 236 247 241 246 252 255 254 257 242 246 250 257
231 232 210 213 203 200 195 189 187 187 188 217 212 197 204 220 220 217 227 216 227 231 213 208 200 207 201 198 194 194 197 199 208 214 215 222 236 234 237 243 246 242 239 237 234 234 225 223 224 231 224 222 224 218 218 229 228 220 225 226 226 220 224 228 231 228 229 229 224 237 241 239 238 241 241 240 238 236 241 238 239 240 236 245 250 253 254 260 259 260 258 245 253 256
209 213 233 234 239 219 217 193 199 208 202 210 205 218 216 223 217 234 227 221 228 216 206 201 200 201 199 195 198 199 199 209 212 219 224 227 237 238 246 243 240 235 233 231 228 227 226 221 219 222 218 213 217 220 209 228 224 220 227 229 222 219 221 230 234 228 229 233 215 245 233 231 244 237 237 235 237 246 246 239 242 242 243 245 250 257 259 260 261 260 260 256 251 248
194 199 208 224 223 209 206 195 189 205 216 225 212 203 208 219 219 235 225 224 221 206 208 207 204 200 200 200 202 205 210 218 220 223 229 229 238 244 244 241 236 233 233 230 224 224 221 216 222 222 216 215 221 216 204 222 215 221 225 229 226 222 223 232 236 237 237 237 236 218 222 239 242 235 230 240 239 239 244 246 246 243 245 251 252 262 257 259 258 261 256 255 257 257
219 203 197 208 196 194 190 189 189 213 223 204 219 217 212 226 226 224 216 205 204 203 204 202 208 215 217 211 213 213 216 220 225 230 237 237 233 233 237 237 237 238 235 235 232 226 221 222 220 218 216 217 214 209 205 220 221 219 217 229 227 223 224 231 233 234 235 231 231 218 229 243 235 226 240 244 245 244 248 247 246 247 248 255 256 260 259 265 268 262 270 268 253 263
230 232 241 205 195 203 205 192 189 210 202 208 204 208 214 216 214 207 205 202 202 200 201 203 206 212 215 224 228 227 222 230 236 240 235 235 230 234 236 237 237 242 238 238 229 231 225 213 212 215 213 208 205 204 212 216 214 224 219 225 227 226 230 235 238 229 234 233 232 220 224 222 237 239 248 252 250 250 250 248 246 255 254 257 259 267 269 267 261 263 261 259 263 278
235 202 211 223 223 207 210 200 192 187 191 191 193 199 206 200 202 204 204 202 205 202 202 205 213 223 229 237 240 239 234 231 232 234 229 228 234 234 233 234 238 242 239 238 233 231 226 218 215 210 208 207 212 207 207 216 217 221 221 226 228 226 233 234 238 237 238 239 242 227 236 241 239 244 251 241 249 255 253 253 252 253 260 265 267 264 266 261 260 252 263 265 265 277
211 235 237 236 228 230 217 205 196 194 189 188 194 200 210 204 204 208 208 207 207 207 205 212 217 229 239 244 238 235 235 235 233 233 223 220 230 229 233 233 239 239 238 231 224 222 225 220 215 211 212 214 214 216 214 212 214 215 223 228 229 229 230 229 230 231 242 243 226 228 223 237 234 234 234 240 246 250 251 254 261 265 264 263 263 262 265 261 259 249 257 272 272 279
240 245 254 242 242 231 242 214 201 198 191 191 203 209 222 214 217 217 216 215 218 224 220 226 231 237 238 238 228 231 232 233 235 232 222 232 230 232 233 238 238 233 235 229 226 222 222 219 221 213 214 222 222 227 217 218 212 217 223 228 232 236 234 239 232 228 238 227 227 237 233 233 237 236 237 240 243 247 251 258 253 255 257 258 262 258 263 257 253 253 264 279 283 280
243 256 256 257 235 261 233 216 209 199 194 191 208 217 215 221 204 214 219 223 231 231 227 235 232 233 238 239 226 233 238 240 226 226 230 233 229 228 236 241 236 231 231 231 225 220 218 215 214 212 220 219 225 221 223 225 217 216 219 223 235 233 234 238 232 234 235 221 239 247 244 238 239 229 231 233 242 234 245 250 246 257 264 262 262 262 258 255 265 259 261 276 280 287
251 260 254 242 237 243 239 237 218 208 203 198 213 196 193 199 224 231 236 233 231 222 229 230 229 230 237 228 229 235 239 222 241 239 239 232 233 232 233 237 234 227 225 226 224 219 219 217 224 213 223 218 222 223 228 219 222 221 228 228 231 232 222 221 228 229 229 221 243 241 231 245 237 235 239 238 246 249 244 247 259 260 266 266 261 261 259 257 262 261 262 275 278 283
244 234 249 251 256 255 235 243 235 223 210 196 196 192 208 193 189 205 215 208 221 219 209 218 217 230 231 220 233 239 229 247 230 234 230 230 230 234 236 230 224 223 223 227 225 222 220 228 228 225 225 229 218 225 226 225 229 227 228 231 228 226 223 217 221 221 232 222 232 240 244 251 243 238 244 239 238 251 247 253 261 262 258 261 263 270 257 257 264 264 261 276 278 281
