Climate/data/grids_germany_multi_annual_precipitation_1981-2010_03.asc
NCOLS 654
NROWS 866
XLLCORNER 3280414.711633467
YLLCORNER 5237500.62890625
CELLSIZE 1000
NODATA_VALUE -999
[rows 561 to 611 of 866, columns 0 to 95 of 654]
-999 -999 -999 -999 -999 -999 -999 -999 -999 -999 -999 -999 -999 -999 -999 72 68 78 83 83 80 83 80 77 75 80 69 71 70 70 72 70 71 71 68 65 63 67 64 67 66 68 68 66 65 60 66 67 67 66 66 65 62 63 64 67 66 68 67 66 68 68 67 70 72 68 65 60 62 62 61 60 60 60 59 59 59 61 62 65 64 73 74 70 52 64 68 71 71 71 59 51 63 63 62 69
-999 -999 -999 -999 -999 -999 -999 -999 -999 -999 -999 -999 -999 -999 -999 75 68 77 73 81 77 77 75 78 74 77 71 66 68 72 71 72 67 68 68 63 64 66 66 66 63 66 67 64 65 61 64 64 66 65 64 64 61 59 64 66 62 63 66 66 66 65 70 69 68 63 62 61 61 60 60 59 58 58 59 59 61 63 72 76 74 76 74 69 51 62 68 68 65 65 71 67 65 67 61 60
-999 -999 -999 -999 -999 -999 -999 -999 -999 -999 -999 -999 -999 -999 -999 72 70 70 65 78 78 72 77 68 71 73 69 67 70 74 74 71 71 64 65 67 68 68 66 65 63 66 66 65 65 66 60 66 66 65 62 61 61 62 63 66 63 62 61 63 68 68 69 69 62 62 62 61 61 60 59 59 58 57 59 60 63 61 62 71 68 61 57 52 61 54 55 60 56 55 59 63 67 70 67 68
-999 -999 -999 -999 -999 -999 -999 -999 -999 -999 -999 -999 -999 -999 -999 78 72 71 69 72 78 73 69 70 69 68 72 67 68 74 74 73 70 68 66 67 69 68 65 64 66 66 66 66 66 68 63 60 62 61 62 61 59 64 64 65 63 61 65 67 67 62 69 67 63 62 64 64 64 62 59 56 57 57 64 62 55 57 59 56 58 57 53 54 64 50 54 58 68 68 63 67 65 70 70 71
-999 -999 -999 -999 -999 -999 -999 -999 -999 -999 -999 -999 -999 -999 -999 -999 77 79 75 69 70 67 66 68 69 67 68 70 69 73 74 73 68 67 62 65 67 67 64 63 63 65 67 68 68 69 68 63 65 56 61 61 62 64 63 64 66 64 65 65 59 67 67 65 62 61 66 64 64 60 59 56 56 56 61 71 56 65 67 61 59 60 60 57 63 54 55 69 69 69 69 63 65 70 68 71
-999 -999 -999 -999 -999 -999 -999 -999 -999 -999 -999 -999 -999 -999 -999 -999 74 79 71 63 66 64 67 65 71 67 71 69 66 67 72 70 66 63 66 67 68 65 64 63 65 66 67 69 69 69 70 62 65 59 62 65 64 63 64 65 66 65 64 65 64 64 63 59 60 63 63 62 59 57 58 58 58 66 71 64 54 58 66 69 69 62 73 60 55 50 67 63 70 69 66 63 69 69 70 72
-999 -999 -999 -999 -999 -999 -999 -999 -999 -999 -999 -999 -999 -999 -999 -999 -999 74 72 68 62 64 65 65 69 68 69 70 74 67 72 69 67 62 66 67 68 63 62 65 65 68 70 71 71 71 70 67 62 65 66 66 65 66 66 68 66 62 65 66 64 65 59 58 68 61 59 59 56 57 62 57 58 59 60 62 67 59 53 62 70 70 74 69 54 65 70 66 58 67 68 68 69 74 72 71
-999 -999 -999 -999 -999 -999 -999 -999 -999 -999 -999 -999 -999 -999 -999 -999 -999 67 69 64 62 61 66 63 66 67 72 74 73 71 65 69 67 64 67 71 68 64 61 64 66 68 70 71 71 70 66 61 62 68 68 66 67 66 67 68 68 65 65 66 68 67 64 59 59 58 58 58 58 60 68 61 59 60 59 57 56 58 64 56 53 72 74 61 61 66 65 70 66 68 65 68 70 73 74 70
-999 -999 -999 -999 -999 -999 -999 -999 -999 -999 -999 -999 -999 -999 -999 -999 -999 -999 -999 63 62 64 68 63 64 64 72 72 72 70 69 64 66 62 66 71 68 62 63 66 66 68 69 71 71 70 68 67 60 70 69 68 68 67 68 69 70 68 65 70 69 68 64 61 57 56 57 58 60 69 63 59 58 58 57 55 58 56 64 64 55 55 71 62 57 68 70 67 71 71 71 68 75 74 73 70
-999 -999 -999 -999 -999 -999 -999 -999 -999 -999 -999 -999 -999 -999 -999 -999 -999 -999 -999 64 61 63 69 65 67 71 71 69 69 68 63 69 64 68 72 71 62 63 64 66 68 70 70 70 70 68 71 65 66 68 70 67 68 68 68 70 70 71 67 65 69 64 60 58 58 56 57 57 64 64 69 62 57 59 57 57 57 58 60 64 63 52 62 72 62 54 55 65 66 70 74 75 73 74 72 67
-999 -999 -999 -999 -999 -999 -999 -999 -999 -999 -999 -999 -999 -999 -999 -999 -999 -999 -999 -999 71 63 68 69 69 69 68 70 68 67 64 62 65 63 71 71 62 62 64 66 68 67 71 72 71 69 70 67 65 67 67 70 71 71 71 71 66 66 71 65 69 62 60 58 56 59 58 61 65 73 73 73 53 55 53 54 54 54 52 54 54 67 70 66 56 67 64 63 68 75 74 74 73 73 71 67
-999 -999 -999 -999 -999 -999 -999 -999 -999 -999 -999 -999 -999 -999 -999 -999 -999 -999 -999 -999 64 69 62 61 64 66 71 71 68 73 69 67 64 61 63 71 64 63 68 66 67 71 67 72 69 70 65 67 69 68 69 69 69 69 71 69 68 71 72 71 65 61 58 60 55 58 64 70 69 74 65 56 55 62 59 55 54 65 55 64 69 66 65 67 67 64 66 67 66 69 74 73 72 70 72 69
-999 -999 -999 -999 -999 -999 -999 -999 -999 -999 -999 -999 -999 -999 -999 -999 -999 -999 -999 -999 -999 67 61 61 66 67 67 73 71 73 75 75 73 71 61 70 61 64 65 68 72 74 73 70 68 69 65 63 59 68 67 68 70 71 71 71 71 70 72 68 61 60 58 56 55 59 71 70 54 55 54 54 59 65 62 55 55 66 70 71 75 68 68 68 63 62 70 67 70 69 74 74 72 68 68 69
-999 -999 -999 -999 -999 -999 -999 -999 -999 -999 -999 -999 -999 -999 -999 -999 -999 -999 -999 -999 -999 -999 64 61 62 62 70 72 65 71 75 73 71 71 66 68 63 64 68 70 71 73 73 73 67 70 67 66 69 60 67 69 73 72 68 70 68 70 68 61 60 59 59 59 55 70 72 66 56 59 56 54 67 63 60 55 56 65 60 62 66 70 73 72 72 72 73 75 75 74 74 74 71 71 72 72
-999 -999 -999 -999 -999 -999 -999 -999 -999 -999 -999 -999 -999 -999 -999 -999 -999 -999 -999 -999 -999 -999 -999 71 74 69 61 72 70 66 72 72 71 71 69 62 67 67 69 68 69 73 73 67 65 70 67 67 68 59 62 71 72 67 66 69 66 67 63 60 60 60 60 63 55 69 66 67 56 64 55 53 66 67 63 58 70 71 69 70 68 66 71 75 77 75 71 76 78 81 77 71 72 75 79 83
-999 -999 -999 -999 -999 -999 -999 -999 -999 -999 -999 -999 -999 -999 -999 -999 -999 -999 -999 -999 -999 -999 -999 -999 74 72 60 70 61 60 64 70 70 70 70 61 61 60 67 68 71 73 72 69 66 64 63 63 63 63 61 64 67 63 66 66 66 66 60 60 60 60 62 58 59 63 66 56 59 57 66 65 70 73 59 69 70 72 72 73 70 73 73 75 77 80 76 77 76 78 74 75 77 80 83 90
-999 -999 -999 -999 -999 -999 -999 -999 -999 -999 -999 -999 -999 -999 -999 -999 -999 -999 -999 -999 -999 -999 -999 -999 -999 70 60 62 66 67 60 69 69 68 69 69 60 61 66 69 72 72 74 72 68 70 64 68 63 58 59 72 67 62 62 66 68 59 58 59 61 62 64 64 60 66 68 55 64 65 62 63 67 74 67 70 63 68 73 79 78 79 77 74 77 79 79 81 77 79 79 80 82 86 90 82
-999 -999 -999 -999 -999 -999 -999 -999 -999 -999 -999 -999 -999 -999 -999 -999 -999 -999 -999 -999 -999 -999 -999 -999 -999 -999 68 62 71 72 67 61 69 69 69 65 65 60 69 70 71 72 68 72 73 69 66 64 59 56 63 67 73 64 64 63 59 58 58 60 67 66 59 66 56 56 55 63 63 66 56 66 71 73 75 70 76 73 80 85 82 78 78 78 79 79 80 79 77 79 83 90 88 90 84 82
-999 -999 -999 -999 -999 -999 -999 -999 -999 -999 -999 -999 -999 -999 -999 -999 -999 -999 -999 -999 -999 -999 -999 -999 -999 -999 -999 62 71 71 69 67 61 65 69 64 63 58 67 70 72 66 68 72 72 70 66 68 69 62 59 60 68 63 58 64 58 57 59 64 71 69 64 56 57 58 57 65 56 67 60 64 67 72 75 78 83 86 83 80 77 74 73 76 77 77 76 75 78 83 89 94 93 87 85 73
-999 -999 -999 -999 -999 -999 -999 -999 -999 -999 -999 -999 -999 -999 -999 -999 -999 -999 -999 -999 -999 -999 -999 -999 -999 -999 -999 -999 -999 69 68 69 67 58 62 61 59 -999 59 59 70 62 69 67 71 70 69 72 69 60 59 60 62 64 58 57 56 56 60 64 75 67 64 63 56 63 57 57 56 74 64 69 72 76 80 81 83 82 78 75 75 72 70 76 77 74 76 76 81 86 91 93 90 87 79 74
-999 -999 -999 -999 -999 -999 -999 -999 -999 -999 -999 -999 -999 -999 -999 -999 -999 -999 -999 -999 -999 -999 -999 -999 -999 -999 -999 -999 -999 -999 -999 69 63 60 59 -999 -999 -999 -999 60 59 58 70 73 70 68 70 70 73 72 60 62 59 56 56 56 56 56 57 67 72 68 69 63 56 69 66 61 61 61 71 69 58 76 82 78 75 74 78 74 72 72 73 74 75 74 76 79 85 92 90 85 84 80 76 71
-999 -999 -999 -999 -999 -999 -999 -999 -999 -999 -999 -999 -999 -999 -999 -999 -999 -999 -999 -999 -999 -999 -999 -999 -999 -999 -999 -999 -999 -999 -999 -999 -999 59 -999 -999 -999 -999 -999 -999 58 60 69 70 72 68 72 70 67 68 62 65 63 56 56 56 57 63 57 58 60 64 67 67 58 68 74 73 65 76 74 76 74 66 73 76 72 76 73 74 71 73 74 71 73 74 80 85 94 93 86 85 78 78 76 73
-999 -999 -999 -999 -999 -999 -999 -999 -999 -999 -999 -999 -999 -999 -999 -999 -999 -999 -999 -999 -999 -999 -999 -999 -999 -999 -999 -999 -999 -999 -999 -999 -999 -999 -999 -999 -999 -999 -999 -999 59 68 70 71 71 69 67 66 63 67 62 65 58 57 59 63 63 64 61 58 59 58 58 57 60 71 74 75 72 75 77 75 70 69 65 67 67 72 66 65 71 75 76 82 75 81 84 95 88 89 87 81 78 75 73 70
-999 -999 -999 -999 -999 -999 -999 -999 -999 -999 -999 -999 -999 -999 -999 -999 -999 -999 -999 -999 -999 -999 -999 -999 -999 -999 -999 -999 -999 -999 -999 -999 -999 -999 -999 -999 -999 -999 -999 -999 57 62 67 68 75 73 69 65 66 61 67 62 57 57 58 63 67 66 61 62 63 62 72 65 61 77 77 72 75 76 74 77 77 75 61 67 63 64 68 68 73 73 71 80 80 83 95 90 85 89 84 78 78 76 77 78
-999 -999 -999 -999 -999 -999 -999 -999 -999 -999 -999 -999 -999 -999 -999 -999 -999 -999 -999 -999 -999 -999 -999 -999 -999 -999 -999 -999 -999 -999 -999 -999 -999 -999 -999 -999 -999 -999 -999 -999 57 64 68 75 72 71 72 67 63 66 63 56 56 57 66 61 64 69 70 61 75 79 81 78 80 76 74 76 75 74 77 81 78 77 73 73 76 67 68 72 73 70 73 78 84 95 93 87 83 80 81 80 77 82 84 80
-999 -999 -999 -999 -999 -999 -999 -999 -999 -999 -999 -999 -999 -999 -999 -999 -999 -999 -999 -999 -999 -999 -999 -999 -999 -999 -999 -999 -999 -999 -999 -999 -999 -999 -999 -999 -999 -999 -999 -999 59 68 67 68 67 71 71 62 58 57 57 57 56 64 66 57 65 68 75 67 63 67 67 74 81 81 79 71 74 81 81 81 83 83 81 75 72 69 68 67 70 74 75 84 92 92 90 91 84 80 79 76 82 87 82 78
-999 -999 -999 -999 -999 -999 -999 -999 -999 -999 -999 -999 -999 -999 -999 -999 -999 -999 -999 -999 -999 -999 -999 -999 -999 -999 -999 -999 -999 -999 -999 -999 -999 -999 -999 -999 -999 -999 -999 61 64 65 65 66 71 70 73 63 58 58 58 58 60 67 64 65 61 69 75 67 68 79 76 75 80 82 79 75 70 77 83 83 83 85 84 81 75 73 69 68 67 67 74 81 91 92 91 87 83 77 78 75 72 80 76 74
-999 -999 -999 -999 -999 -999 -999 -999 -999 -999 -999 -999 -999 -999 -999 -999 -999 -999 -999 -999 -999 -999 -999 -999 -999 -999 -999 -999 -999 -999 -999 -999 -999 -999 -999 -999 -999 -999 -999 61 65 61 68 71 72 65 63 58 58 59 62 61 63 62 68 65 62 66 74 77 77 73 78 79 76 79 84 82 80 77 75 79 83 81 82 77 77 79 73 67 65 75 84 89 93 95 87 81 79 82 84 86 79 74 67 72
-999 -999 -999 -999 -999 -999 -999 -999 -999 -999 -999 -999 -999 -999 -999 -999 -999 -999 -999 -999 -999 -999 -999 -999 -999 -999 -999 -999 -999 -999 -999 -999 -999 -999 -999 -999 -999 -999 -999 61 63 67 67 68 64 70 62 58 58 59 60 59 61 65 70 73 68 63 69 77 79 79 74 74 79 82 85 90 81 88 85 81 83 81 83 76 77 78 78 76 74 78 90 100 98 92 85 84 87 91 89 84 81 73 70 67
-999 -999 -999 -999 -999 -999 -999 -999 -999 -999 -999 -999 -999 -999 -999 -999 -999 -999 -999 -999 -999 -999 -999 -999 -999 -999 -999 -999 -999 -999 -999 -999 -999 -999 -999 -999 -999 -999 -999 58 57 65 65 69 62 61 57 57 59 60 63 61 60 65 66 76 69 65 64 71 78 81 83 74 80 83 85 90 82 88 85 83 84 82 84 80 82 83 84 87 89 94 95 101 99 94 91 90 92 92 86 80 75 78 80 68
-999 -999 -999 -999 -999 -999 -999 -999 -999 -999 -999 -999 -999 -999 -999 -999 -999 -999 -999 -999 -999 -999 -999 -999 -999 -999 -999 -999 -999 -999 -999 -999 -999 -999 -999 -999 -999 -999 -999 58 61 58 65 63 61 57 57 58 62 60 65 66 66 64 68 69 62 65 66 74 78 83 85 82 85 87 89 91 86 90 83 86 79 81 84 84 87 89 90 89 98 103 107 103 101 99 100 101 96 88 83 80 76 81 82 77
-999 -999 -999 -999 -999 -999 -999 -999 -999 -999 -999 -999 -999 -999 -999 -999 -999 -999 -999 -999 -999 -999 -999 -999 -999 -999 -999 -999 -999 -999 -999 -999 -999 -999 -999 -999 59 61 59 60 62 59 58 57 57 57 61 66 67 62 68 67 68 68 75 74 64 72 74 79 83 87 89 86 93 93 99 98 92 84 87 87 86 87 83 87 84 94 93 101 110 110 106 103 102 103 98 99 90 82 82 83 79 74 80 75
-999 -999 -999 -999 -999 -999 -999 -999 -999 -999 -999 -999 -999 -999 -999 -999 -999 -999 -999 -999 -999 -999 -999 -999 -999 -999 -999 -999 -999 -999 -999 -999 -999 -999 -999 64 65 59 58 67 64 66 67 56 56 58 62 62 64 69 70 74 63 74 73 69 67 77 74 75 83 86 86 92 96 101 100 96 90 88 91 84 91 88 91 94 101 96 101 107 107 109 104 101 105 103 93 92 90 86 84 84 82 74 74 71
-999 -999 -999 -999 -999 -999 -999 -999 -999 -999 -999 -999 -999 -999 -999 -999 -999 -999 -999 -999 -999 -999 -999 -999 -999 -999 -999 -999 -999 -999 -999 -999 -999 -999 -999 63 60 62 69 69 64 66 59 55 56 62 60 60 61 65 69 71 64 74 69 66 70 79 80 77 83 83 93 96 99 102 100 97 95 95 92 94 91 93 94 103 103 102 104 112 112 106 104 106 102 98 97 90 85 85 85 79 77 81 78 76
-999 -999 -999 -999 -999 -999 -999 -999 -999 -999 -999 -999 -999 -999 -999 -999 -999 -999 -999 -999 -999 -999 -999 -999 -999 -999 -999 -999 -999 -999 -999 -999 -999 -999 60 63 67 72 69 66 67 58 56 59 61 66 67 64 63 62 69 71 69 72 72 70 74 78 82 87 91 94 91 96 100 100 98 100 99 99 97 96 100 98 102 100 102 107 113 117 110 106 109 109 108 100 99 91 90 88 86 80 76 80 81 75
-999 -999 -999 -999 -999 -999 -999 -999 -999 -999 -999 -999 -999 -999 -999 -999 -999 -999 -999 -999 -999 -999 -999 -999 -999 -999 -999 -999 -999 -999 -999 -999 -999 -999 62 70 70 71 74 64 62 60 63 58 56 63 68 65 63 66 76 73 71 73 71 70 75 81 82 87 95 100 103 105 99 98 99 101 99 100 99 99 99 101 100 104 105 112 111 109 106 112 115 108 105 96 89 89 82 80 85 78 75 82 81 72
-999 -999 -999 -999 -999 -999 -999 -999 -999 -999 -999 -999 -999 -999 -999 -999 -999 -999 -999 -999 -999 -999 -999 -999 -999 -999 -999 -999 -999 -999 -999 -999 -999 61 69 72 72 75 66 63 63 64 60 56 59 59 64 61 63 71 76 74 76 76 69 74 74 81 92 98 99 103 104 103 100 101 102 104 100 98 100 97 99 99 105 112 113 110 106 106 104 111 109 109 101 97 97 92 86 82 80 83 76 81 79 71
-999 -999 -999 -999 -999 -999 -999 -999 -999 -999 -999 -999 -999 -999 -999 -999 -999 -999 -999 -999 -999 -999 -999 -999 -999 -999 -999 -999 -999 -999 -999 -999 -999 64 60 68 74 74 71 68 69 60 60 60 65 60 68 66 65 70 72 79 80 76 71 76 84 88 92 97 96 97 98 101 100 102 109 105 103 97 98 100 104 101 108 105 107 104 107 113 105 105 108 102 98 97 93 90 86 84 87 80 75 78 75 75
-999 -999 -999 -999 -999 -999 -999 -999 -999 -999 -999 -999 -999 -999 -999 -999 -999 -999 -999 -999 -999 -999 -999 -999 -999 -999 -999 -999 -999 -999 -999 -999 -999 63 65 69 75 70 71 66 66 62 65 61 63 69 74 75 71 77 76 83 83 80 76 78 81 88 91 91 92 93 95 98 99 100 102 104 103 98 100 101 103 100 102 101 100 101 107 108 102 102 100 100 95 94 89 86 88 88 86 85 83 73 78 79
-999 -999 -999 -999 -999 -999 -999 -999 -999 -999 -999 -999 -999 -999 -999 -999 -999 -999 -999 -999 -999 -999 -999 -999 -999 -999 -999 -999 -999 -999 -999 -999 -999 60 70 75 74 72 72 66 70 69 62 65 61 73 74 81 76 77 83 84 85 75 80 79 85 90 92 90 91 93 95 100 99 96 101 103 99 97 99 103 103 99 100 94 96 105 108 108 104 100 97 98 95 93 88 87 88 89 84 84 75 75 82 83
-999 -999 -999 -999 -999 -999 -999 -999 -999 -999 -999 -999 -999 -999 -999 -999 -999 -999 -999 -999 -999 -999 -999 -999 -999 -999 -999 -999 -999 -999 -999 -999 -999 63 72 76 76 76 72 68 70 72 66 63 63 75 80 74 83 85 84 82 80 84 77 84 87 92 93 90 89 92 95 98 96 101 100 99 100 94 97 102 98 99 97 95 104 104 105 106 101 99 94 96 94 92 89 89 88 90 88 84 76 84 85 81
-999 -999 -999 -999 -999 -999 -999 -999 -999 -999 -999 -999 -999 -999 -999 -999 -999 -999 -999 -999 -999 -999 -999 -999 -999 -999 -999 -999 -999 -999 -999 -999 63 69 72 74 76 77 72 72 67 70 69 63 68 64 70 74 84 86 87 84 81 81 84 90 91 90 93 89 91 94 98 101 102 95 99 99 105 98 95 99 98 100 99 103 106 107 101 102 101 97 94 94 97 94 89 93 90 88 87 79 88 88 85 85
-999 -999 -999 -999 -999 -999 -999 -999 -999 -999 -999 -999 -999 -999 -999 -999 -999 -999 -999 -999 -999 -999 -999 -999 -999 -999 -999 -999 -999 -999 63 64 63 68 74 77 79 72 73 70 71 69 63 63 63 65 74 80 84 78 86 86 80 79 85 89 92 92 90 92 96 96 101 107 108 96 97 102 105 101 94 96 97 102 98 104 105 101 100 102 100 99 97 95 98 96 92 99 90 92 87 82 90 86 79 81
-999 -999 -999 -999 -999 -999 -999 -999 -999 -999 -999 -999 -999 -999 -999 -999 -999 -999 -999 -999 -999 -999 -999 -999 -999 -999 -999 -999 -999 66 61 65 70 72 74 76 77 72 79 75 65 63 63 63 69 70 76 80 75 84 85 86 80 81 85 90 91 89 94 96 97 102 107 115 103 97 102 107 101 99 93 94 94 98 100 102 101 99 100 103 103 102 105 101 97 96 93 90 88 88 86 82 82 88 86 84
-999 -999 -999 -999 -999 -999 -999 -999 -999 -999 -999 -999 -999 -999 -999 -999 -999 -999 -999 -999 -999 -999 -999 -999 -999 -999 -999 -999 -999 66 65 68 68 71 74 76 77 78 75 73 70 66 72 61 70 74 75 78 82 87 86 81 83 86 89 93 93 92 97 103 103 110 113 108 103 100 105 105 100 99 95 101 94 97 99 95 96 99 99 107 104 106 108 107 100 98 97 92 92 96 95 91 89 89 84 87
-999 -999 -999 -999 -999 -999 -999 -999 -999 -999 -999 -999 -999 -999 -999 -999 -999 -999 -999 -999 -999 -999 -999 -999 -999 -999 -999 -999 64 64 65 65 69 72 74 75 79 78 74 67 66 67 71 62 70 67 74 81 83 86 84 79 84 84 90 95 96 100 101 108 115 114 106 106 103 100 98 100 101 97 93 103 97 94 96 99 100 105 103 103 106 108 111 111 109 106 108 97 96 100 99 94 93 93 87 87
-999 -999 -999 -999 -999 -999 -999 -999 -999 -999 -999 -999 -999 -999 -999 -999 -999 -999 -999 -999 -999 -999 -999 -999 -999 -999 -999 -999 61 62 64 69 71 73 73 76 77 80 70 70 65 74 74 67 65 72 78 81 83 88 82 81 85 89 92 97 104 106 106 114 112 109 104 107 101 97 99 100 101 96 97 99 96 96 96 99 106 107 104 104 105 110 113 115 112 105 111 101 96 99 100 96 100 92 88 88
-999 -999 -999 -999 -999 -999 -999 -999 -999 -999 -999 -999 -999 -999 -999 -999 -999 -999 -999 -999 -999 -999 -999 -999 -999 -999 -999 -999 60 63 65 68 69 70 72 75 78 80 75 72 71 75 79 67 71 68 66 84 88 88 82 87 88 88 93 102 104 106 107 108 108 104 101 99 99 98 97 95 99 93 99 99 92 93 98 103 108 102 103 106 110 105 109 118 109 108 101 98 97 102 102 100 99 98 96 90
-999 -999 -999 -999 -999 -999 -999 -999 -999 -999 -999 -999 -999 -999 -999 -999 -999 -999 -999 -999 -999 -999 -999 -999 -999 -999 -999 -999 64 64 63 66 69 69 73 75 80 77 75 71 75 79 75 80 74 71 74 87 87 88 83 85 85 90 98 100 102 103 106 108 102 106 104 100 93 95 94 93 96 94 96 102 95 103 107 106 108 107 103 105 105 106 113 109 114 112 101 97 96 100 100 95 97 100 99 94
-999 -999 -999 -999 -999 -999 -999 -999 -999 -999 -999 -999 -999 -999 -999 -999 -999 -999 -999 -999 -999 -999 -999 -999 -999 -999 -999 -999 65 63 63 66 69 72 74 77 80 76 72 70 76 85 84 83 75 77 67 87 88 90 84 87 93 94 97 96 98 98 99 99 102 108 102 100 94 93 92 90 91 94 102 97 95 95 105 100 102 106 102 102 104 104 107 105 105 104 101 97 96 97 96 96 98 96 104 100
-999 -999 -999 -999 -999 -999 -999 -999 -999 -999 -999 -999 -999 -999 -999 -999 -999 -999 -999 -999 -999 -999 -999 -999 -999 -999 -999 -999 65 63 63 65 69 71 74 79 79 78 76 76 78 84 84 84 84 72 78 84 90 90 89 88 93 92 93 100 91 92 93 95 96 99 98 95 91 90 88 87 87 96 94 92 96 98 96 96 97 100 99 99 97 100 103 99 97 101 99 94 93 94 99 98 97 98 104 95
