Climate/data/grids_germany_multi_annual_air_temp_mean_1981-2010_08.asc
NCOLS 654
NROWS 866
XLLCORNER 3280414.711633467
YLLCORNER 5237500.62890625
CELLSIZE 1000
NODATA_VALUE -999
[rows 574 to 614 of 866, columns 0 to 93 of 654]
-999 -999 -999 -999 -999 -999 -999 -999 -999 -999 -999 -999 -999 -999 -999 -999 -999 -999 -999 -999 -999 -999 178 180 178 178 170 168 174 170 166 167 168 168 174 172 178 177 173 170 171 170 170 170 175 172 175 176 174 182 176 174 172 171 175 173 175 173 175 182 183 184 184 183 187 175 173 179 187 186 190 190 177 181 184 187 185 177 181 179 175 171 170 170 169 167 167 164 164 164 165 165 168 168
-999 -999 -999 -999 -999 -999 -999 -999 -999 -999 -999 -999 -999 -999 -999 -999 -999 -999 -999 -999 -999 -999 -999 171 168 172 179 169 171 174 169 169 169 169 171 179 174 175 172 174 173 170 170 175 177 172 175 176 175 183 181 173 172 176 176 173 177 176 179 182 183 183 183 180 187 176 179 178 187 181 190 190 179 178 180 184 173 171 171 170 171 174 170 167 165 166 169 163 161 160 163 168 167 164
-999 -999 -999 -999 -999 -999 -999 -999 -999 -999 -999 -999 -999 -999 -999 -999 -999 -999 -999 -999 -999 -999 -999 -999 168 169 180 170 178 180 176 171 170 170 172 180 180 181 175 174 172 170 171 174 176 178 181 181 181 181 182 179 177 179 177 177 177 177 183 182 183 183 183 185 184 181 179 187 185 187 179 180 175 173 184 174 173 170 168 167 169 168 169 167 165 162 165 162 163 161 165 165 163 161
-999 -999 -999 -999 -999 -999 -999 -999 -999 -999 -999 -999 -999 -999 -999 -999 -999 -999 -999 -999 -999 -999 -999 -999 -999 171 181 178 174 174 181 171 171 173 173 173 181 181 176 173 171 171 169 171 174 172 178 176 181 185 183 172 177 181 181 177 175 184 185 183 182 182 181 180 184 179 178 189 181 180 184 182 177 171 176 174 179 174 167 162 163 162 164 168 165 163 162 161 163 161 161 160 159 154
-999 -999 -999 -999 -999 -999 -999 -999 -999 -999 -999 -999 -999 -999 -999 -999 -999 -999 -999 -999 -999 -999 -999 -999 -999 -999 173 179 170 169 174 179 173 173 173 177 177 182 174 174 173 171 175 171 171 175 176 178 184 188 182 178 172 180 180 180 185 186 186 184 178 179 185 180 189 188 189 183 183 181 189 179 174 171 170 173 168 169 163 157 160 164 164 164 163 164 162 163 164 161 158 153 153 152
-999 -999 -999 -999 -999 -999 -999 -999 -999 -999 -999 -999 -999 -999 -999 -999 -999 -999 -999 -999 -999 -999 -999 -999 -999 -999 -999 179 171 172 172 176 181 177 173 179 180 184 176 174 173 178 175 172 172 173 176 176 176 183 184 184 177 182 186 180 186 187 185 181 175 176 180 189 188 187 187 182 190 179 185 181 177 173 169 167 162 159 160 162 166 168 168 166 165 165 163 166 163 159 154 149 149 155
-999 -999 -999 -999 -999 -999 -999 -999 -999 -999 -999 -999 -999 -999 -999 -999 -999 -999 -999 -999 -999 -999 -999 -999 -999 -999 -999 -999 -999 173 174 174 175 183 180 182 184 -999 183 184 175 182 175 176 172 172 174 174 176 184 185 184 183 180 186 187 188 188 184 181 172 179 183 183 189 183 187 188 190 174 181 176 174 170 165 164 162 163 166 167 167 170 170 165 164 167 165 165 161 156 151 150 153 154
-999 -999 -999 -999 -999 -999 -999 -999 -999 -999 -999 -999 -999 -999 -999 -999 -999 -999 -999 -999 -999 -999 -999 -999 -999 -999 -999 -999 -999 -999 -999 173 179 182 184 -999 -999 -999 -999 184 185 185 174 171 173 175 175 175 173 173 184 183 185 188 188 188 188 188 188 179 174 178 177 183 189 178 180 186 185 185 176 177 186 170 164 167 170 170 167 169 170 170 168 167 166 167 165 162 157 152 152 157 157 160
-999 -999 -999 -999 -999 -999 -999 -999 -999 -999 -999 -999 -999 -999 -999 -999 -999 -999 -999 -999 -999 -999 -999 -999 -999 -999 -999 -999 -999 -999 -999 -999 -999 184 -999 -999 -999 -999 -999 -999 185 183 176 175 173 177 173 176 179 177 182 180 182 188 188 188 188 183 187 188 186 183 179 180 187 179 175 175 181 172 174 171 173 179 173 169 173 168 170 170 171 170 168 170 169 166 162 158 150 151 156 156 162 161
-999 -999 -999 -999 -999 -999 -999 -999 -999 -999 -999 -999 -999 -999 -999 -999 -999 -999 -999 -999 -999 -999 -999 -999 -999 -999 -999 -999 -999 -999 -999 -999 -999 -999 -999 -999 -999 -999 -999 -999 185 177 176 175 174 177 179 179 182 178 183 182 188 189 186 183 183 182 184 187 187 188 187 187 186 175 173 173 176 172 171 173 177 177 179 177 176 173 176 176 171 167 166 161 167 163 158 149 155 154 155 160 162 164
-999 -999 -999 -999 -999 -999 -999 -999 -999 -999 -999 -999 -999 -999 -999 -999 -999 -999 -999 -999 -999 -999 -999 -999 -999 -999 -999 -999 -999 -999 -999 -999 -999 -999 -999 -999 -999 -999 -999 -999 187 183 177 177 172 174 177 180 180 184 179 183 189 189 188 183 179 180 184 184 184 185 175 181 185 170 172 176 173 173 174 171 171 173 184 177 181 179 174 174 168 168 170 163 163 160 150 152 157 154 159 162 162 163
-999 -999 -999 -999 -999 -999 -999 -999 -999 -999 -999 -999 -999 -999 -999 -999 -999 -999 -999 -999 -999 -999 -999 -999 -999 -999 -999 -999 -999 -999 -999 -999 -999 -999 -999 -999 -999 -999 -999 -999 187 181 178 172 174 176 174 179 183 180 183 189 189 189 181 185 182 177 176 186 173 170 168 170 169 172 175 173 174 175 173 168 170 170 173 173 169 176 173 168 168 171 168 164 159 150 153 156 159 162 162 162 163 158
-999 -999 -999 -999 -999 -999 -999 -999 -999 -999 -999 -999 -999 -999 -999 -999 -999 -999 -999 -999 -999 -999 -999 -999 -999 -999 -999 -999 -999 -999 -999 -999 -999 -999 -999 -999 -999 -999 -999 -999 186 178 179 178 179 175 176 184 188 189 189 189 189 182 180 188 180 178 171 180 184 181 181 174 168 169 171 179 176 170 170 169 167 165 167 171 173 172 171 171 168 167 166 159 154 153 155 154 159 162 163 165 160 154
-999 -999 -999 -999 -999 -999 -999 -999 -999 -999 -999 -999 -999 -999 -999 -999 -999 -999 -999 -999 -999 -999 -999 -999 -999 -999 -999 -999 -999 -999 -999 -999 -999 -999 -999 -999 -999 -999 -999 184 182 181 181 180 175 176 174 184 189 189 189 187 186 179 181 182 186 178 171 180 180 171 173 175 170 168 171 176 181 174 169 168 168 166 164 165 168 169 170 168 170 171 167 163 155 155 155 157 161 165 164 165 168 161
-999 -999 -999 -999 -999 -999 -999 -999 -999 -999 -999 -999 -999 -999 -999 -999 -999 -999 -999 -999 -999 -999 -999 -999 -999 -999 -999 -999 -999 -999 -999 -999 -999 -999 -999 -999 -999 -999 -999 184 181 184 177 174 174 180 182 189 189 189 188 181 181 183 178 181 184 181 173 172 171 175 171 172 175 173 168 171 173 175 176 173 170 170 167 170 168 165 167 171 172 165 159 156 153 153 159 163 165 162 160 156 162 166
-999 -999 -999 -999 -999 -999 -999 -999 -999 -999 -999 -999 -999 -999 -999 -999 -999 -999 -999 -999 -999 -999 -999 -999 -999 -999 -999 -999 -999 -999 -999 -999 -999 -999 -999 -999 -999 -999 -999 185 182 179 179 177 180 175 183 189 189 188 187 186 184 180 176 174 179 184 179 171 170 171 175 177 172 171 169 165 171 167 169 171 169 171 167 170 168 167 165 165 166 164 156 149 150 156 162 162 159 156 157 160 161 168
-999 -999 -999 -999 -999 -999 -999 -999 -999 -999 -999 -999 -999 -999 -999 -999 -999 -999 -999 -999 -999 -999 -999 -999 -999 -999 -999 -999 -999 -999 -999 -999 -999 -999 -999 -999 -999 -999 -999 187 188 181 180 177 183 185 188 188 188 187 184 184 186 181 181 172 178 182 184 178 172 170 169 177 173 171 169 165 171 167 169 171 168 171 168 169 167 165 164 160 159 155 154 149 152 156 159 159 156 155 161 164 168 164
-999 -999 -999 -999 -999 -999 -999 -999 -999 -999 -999 -999 -999 -999 -999 -999 -999 -999 -999 -999 -999 -999 -999 -999 -999 -999 -999 -999 -999 -999 -999 -999 -999 -999 -999 -999 -999 -999 -999 187 184 187 180 182 185 188 188 186 184 185 181 181 181 182 178 178 185 183 182 176 174 169 168 172 169 167 166 164 168 165 170 169 174 171 167 168 166 163 160 163 157 151 147 150 152 154 151 151 154 160 162 165 168 164
-999 -999 -999 -999 -999 -999 -999 -999 -999 -999 -999 -999 -999 -999 -999 -999 -999 -999 -999 -999 -999 -999 -999 -999 -999 -999 -999 -999 -999 -999 -999 -999 -999 -999 -999 -999 187 185 187 185 183 186 187 188 187 188 183 180 179 183 178 180 179 179 172 174 183 176 175 172 169 166 166 169 162 162 159 159 165 172 167 167 169 168 171 167 169 161 162 157 149 149 152 153 153 152 156 153 161 167 165 163 166 171
-999 -999 -999 -999 -999 -999 -999 -999 -999 -999 -999 -999 -999 -999 -999 -999 -999 -999 -999 -999 -999 -999 -999 -999 -999 -999 -999 -999 -999 -999 -999 -999 -999 -999 -999 183 182 187 188 179 182 179 178 188 188 186 182 183 181 177 175 173 183 172 174 178 181 172 176 175 170 168 169 165 160 157 158 162 167 168 166 171 165 167 165 162 156 163 158 154 152 152 157 157 152 152 161 161 162 163 164 163 164 171
-999 -999 -999 -999 -999 -999 -999 -999 -999 -999 -999 -999 -999 -999 -999 -999 -999 -999 -999 -999 -999 -999 -999 -999 -999 -999 -999 -999 -999 -999 -999 -999 -999 -999 -999 185 188 185 178 177 180 179 185 188 188 182 185 185 184 180 177 174 181 172 178 181 180 172 172 175 171 173 166 164 161 159 161 163 165 165 167 163 167 165 164 156 156 158 158 152 152 159 159 155 157 159 158 162 166 165 164 169 169 165
-999 -999 -999 -999 -999 -999 -999 -999 -999 -999 -999 -999 -999 -999 -999 -999 -999 -999 -999 -999 -999 -999 -999 -999 -999 -999 -999 -999 -999 -999 -999 -999 -999 -999 187 185 181 177 179 180 179 186 187 184 183 179 179 181 183 184 175 173 177 174 177 179 177 173 171 168 165 163 168 166 162 163 165 164 165 164 164 164 161 161 159 160 158 155 152 150 157 161 157 154 153 159 157 163 162 163 164 169 171 167
-999 -999 -999 -999 -999 -999 -999 -999 -999 -999 -999 -999 -999 -999 -999 -999 -999 -999 -999 -999 -999 -999 -999 -999 -999 -999 -999 -999 -999 -999 -999 -999 -999 -999 184 178 178 177 175 182 184 185 182 186 188 182 179 181 183 180 170 173 174 173 178 180 175 171 172 168 162 159 158 159 164 166 166 165 167 165 162 161 162 161 160 157 156 150 153 158 162 158 153 155 157 164 167 165 171 171 166 169 172 166
-999 -999 -999 -999 -999 -999 -999 -999 -999 -999 -999 -999 -999 -999 -999 -999 -999 -999 -999 -999 -999 -999 -999 -999 -999 -999 -999 -999 -999 -999 -999 -999 -999 185 178 177 177 174 182 183 183 182 185 188 186 186 183 186 184 175 171 172 172 171 179 177 178 171 165 160 159 157 158 161 165 167 167 164 165 167 163 164 162 161 157 150 149 153 158 161 162 157 157 155 160 162 161 163 167 170 171 166 173 167
-999 -999 -999 -999 -999 -999 -999 -999 -999 -999 -999 -999 -999 -999 -999 -999 -999 -999 -999 -999 -999 -999 -999 -999 -999 -999 -999 -999 -999 -999 -999 -999 -999 182 187 180 174 175 177 179 179 186 187 187 183 187 180 182 183 178 175 169 170 173 179 175 169 167 165 161 162 162 165 165 166 168 163 164 163 167 166 162 159 161 154 156 154 158 157 153 160 160 156 160 162 162 162 166 168 168 165 169 173 171
-999 -999 -999 -999 -999 -999 -999 -999 -999 -999 -999 -999 -999 -999 -999 -999 -999 -999 -999 -999 -999 -999 -999 -999 -999 -999 -999 -999 -999 -999 -999 -999 -999 184 182 179 173 179 177 182 182 186 184 187 187 180 176 174 178 173 173 168 168 171 175 175 173 168 166 166 166 167 167 167 167 168 167 163 163 166 163 160 159 161 158 158 160 160 155 156 162 161 161 162 165 164 167 167 166 164 165 165 167 175
-999 -999 -999 -999 -999 -999 -999 -999 -999 -999 -999 -999 -999 -999 -999 -999 -999 -999 -999 -999 -999 -999 -999 -999 -999 -999 -999 -999 -999 -999 -999 -999 -999 187 177 174 175 176 176 182 179 179 187 185 188 177 175 169 174 173 168 168 168 177 173 175 171 167 166 168 168 167 168 165 166 169 165 163 166 167 163 159 159 163 161 164 164 157 155 155 160 163 166 162 164 166 168 168 166 164 166 166 174 174
-999 -999 -999 -999 -999 -999 -999 -999 -999 -999 -999 -999 -999 -999 -999 -999 -999 -999 -999 -999 -999 -999 -999 -999 -999 -999 -999 -999 -999 -999 -999 -999 -999 184 176 173 173 173 177 180 179 177 184 187 186 175 171 177 168 167 169 171 173 170 177 171 169 166 166 169 170 169 168 167 168 165 165 168 165 170 166 160 164 163 164 164 157 157 158 157 162 164 167 164 166 167 169 167 167 163 164 168 174 167
-999 -999 -999 -999 -999 -999 -999 -999 -999 -999 -999 -999 -999 -999 -999 -999 -999 -999 -999 -999 -999 -999 -999 -999 -999 -999 -999 -999 -999 -999 -999 -999 185 179 177 176 174 173 178 178 182 179 181 187 182 186 180 177 168 167 166 169 173 173 173 168 168 170 168 172 172 170 167 165 164 172 169 168 162 167 168 165 165 163 164 159 158 157 163 163 164 166 167 167 165 167 170 165 167 167 167 172 166 165
-999 -999 -999 -999 -999 -999 -999 -999 -999 -999 -999 -999 -999 -999 -999 -999 -999 -999 -999 -999 -999 -999 -999 -999 -999 -999 -999 -999 -999 -999 184 184 184 180 175 174 171 177 177 180 179 180 186 186 186 184 177 171 169 174 168 170 176 176 173 170 169 170 172 170 168 168 165 161 162 172 172 166 164 168 172 170 168 163 166 160 161 164 165 165 167 168 168 169 168 168 171 163 171 167 170 173 165 168
-999 -999 -999 -999 -999 -999 -999 -999 -999 -999 -999 -999 -999 -999 -999 -999 -999 -999 -999 -999 -999 -999 -999 -999 -999 -999 -999 -999 -999 183 187 183 178 177 175 174 173 177 171 175 184 186 187 186 181 181 175 172 177 169 169 170 176 175 174 170 170 173 170 169 168 164 161 156 166 172 169 164 169 171 175 172 172 168 167 164 166 167 167 166 165 167 164 167 169 171 171 172 174 172 172 173 173 167
-999 -999 -999 -999 -999 -999 -999 -999 -999 -999 -999 -999 -999 -999 -999 -999 -999 -999 -999 -999 -999 -999 -999 -999 -999 -999 -999 -999 -999 183 183 181 181 177 176 174 173 173 176 177 179 183 178 188 181 178 177 174 171 168 169 175 174 172 170 167 169 171 168 163 164 158 158 163 167 170 168 168 171 172 175 168 173 170 169 172 171 169 170 165 166 165 165 166 169 172 172 173 170 165 166 168 168 167
-999 -999 -999 -999 -999 -999 -999 -999 -999 -999 -999 -999 -999 -999 -999 -999 -999 -999 -999 -999 -999 -999 -999 -999 -999 -999 -999 -999 184 185 184 183 179 177 175 176 173 173 177 183 184 184 180 188 181 184 178 173 172 169 171 176 172 173 169 166 167 167 167 163 157 160 166 168 170 174 177 176 174 175 177 168 172 173 172 170 169 166 169 170 168 168 169 171 169 170 165 173 169 165 163 166 166 165
-999 -999 -999 -999 -999 -999 -999 -999 -999 -999 -999 -999 -999 -999 -999 -999 -999 -999 -999 -999 -999 -999 -999 -999 -999 -999 -999 -999 186 184 184 181 179 177 176 176 174 173 180 182 186 178 178 185 186 180 175 175 172 169 174 174 171 168 167 166 161 161 164 160 164 167 170 167 173 177 177 178 175 177 174 171 173 174 173 171 165 164 169 172 173 170 172 173 171 174 166 170 171 167 164 166 162 167
-999 -999 -999 -999 -999 -999 -999 -999 -999 -999 -999 -999 -999 -999 -999 -999 -999 -999 -999 -999 -999 -999 -999 -999 -999 -999 -999 -999 186 184 182 181 180 179 178 176 174 173 177 181 181 178 175 185 181 184 186 172 169 169 174 168 167 170 167 162 161 161 163 167 169 173 175 174 174 176 178 180 176 180 173 171 176 176 172 168 164 169 170 171 168 174 174 166 174 172 174 172 172 165 163 163 163 164
-999 -999 -999 -999 -999 -999 -999 -999 -999 -999 -999 -999 -999 -999 -999 -999 -999 -999 -999 -999 -999 -999 -999 -999 -999 -999 -999 -999 183 183 184 181 180 180 177 176 173 176 178 183 178 175 179 174 179 183 181 170 170 168 173 171 172 167 162 164 163 164 166 169 175 175 176 176 179 178 180 180 178 179 176 169 175 168 165 166 164 166 171 173 173 172 168 173 168 168 174 173 173 167 166 168 166 163
-999 -999 -999 -999 -999 -999 -999 -999 -999 -999 -999 -999 -999 -999 -999 -999 -999 -999 -999 -999 -999 -999 -999 -999 -999 -999 -999 -999 182 184 184 181 179 178 176 175 173 179 182 184 179 171 173 173 179 179 187 170 169 167 173 170 166 165 164 167 167 171 172 177 177 177 179 177 180 180 179 181 180 178 169 174 176 175 167 172 170 168 172 173 172 173 172 174 172 172 173 174 172 171 171 171 167 168
-999 -999 -999 -999 -999 -999 -999 -999 -999 -999 -999 -999 -999 -999 -999 -999 -999 -999 -999 -999 -999 -999 -999 -999 -999 -999 -999 -999 183 184 184 182 180 178 176 175 174 177 179 181 179 174 173 173 173 184 179 174 168 169 169 171 167 168 168 163 173 175 176 177 177 180 179 178 180 180 181 181 181 174 176 178 176 175 175 175 174 171 172 173 175 174 172 175 175 171 171 173 175 171 167 168 169 168
-999 -999 -999 -999 -999 -999 -999 -999 -999 -999 -999 -999 -999 -999 -999 -999 -999 -999 -999 -999 -999 -999 -999 -999 -999 -999 -999 -999 185 185 183 181 178 177 172 173 175 177 178 179 177 175 173 172 173 173 188 181 171 173 170 173 174 173 174 176 176 176 179 178 179 179 178 178 181 181 181 181 179 178 179 178 181 179 179 173 172 171 173 174 176 175 171 171 175 176 169 175 172 171 168 167 167 169
-999 -999 -999 -999 -999 -999 -999 -999 -999 -999 -999 -999 -999 -999 -999 -999 -999 -999 -999 -999 -999 -999 -999 -999 -999 -999 -999 -999 185 185 183 180 179 176 172 173 176 177 178 177 176 175 175 175 175 182 188 174 173 176 173 173 175 178 177 177 179 178 179 180 179 180 179 178 179 183 181 183 182 182 180 180 179 178 180 168 170 173 174 173 172 170 173 175 173 177 173 177 176 173 171 167 172 174
-999 -999 -999 -999 -999 -999 -999 -999 -999 -999 -999 -999 -999 -999 -999 -999 -999 -999 -999 -999 -999 -999 -999 -999 -999 -999 -999 -999 185 185 183 180 177 174 172 174 177 176 177 176 174 175 176 175 176 187 184 185 181 175 172 176 180 180 179 179 179 179 179 179 179 180 181 179 179 183 183 180 181 176 176 172 173 175 179 176 175 176 177 174 175 175 176 178 179 179 178 174 172 171 171 170 167 176
