Climate/data/grids_germany_multi_annual_precipitation_1981-2010_16.asc
NCOLS 654
NROWS 866
XLLCORNER 3280414.711633467
YLLCORNER 5237500.62890625
CELLSIZE 1000
NODATA_VALUE -999
[rows 168 to 209 of 866, columns 282 to 375 of 654]
-999 -999 -999 190 191 192 192 193 194 194 197 198 197 197 200 199 197 198 199 197 198 198 200 198 199 198 200 201 198 196 193 192 194 192 192 192 194 193 191 191 190 185 185 185 183 183 183 181 179 176 181 182 179 177 177 179 175 172 172 172 169 168 170 171 171 170 169 169 168 170 166 165 164 166 165 165 164 163 163 164 163 161 160 160 163 163 163 164 165 164 164 165 165 165
191 189 190 -999 -999 -999 193 193 192 194 194 192 194 197 197 196 194 196 196 197 198 197 193 196 189 190 198 197 193 192 192 194 194 195 195 193 194 192 187 187 188 188 185 184 183 182 179 179 176 177 180 180 176 176 177 175 173 173 172 172 171 169 170 171 171 170 167 167 168 168 165 164 167 166 165 166 164 165 162 164 165 163 161 162 164 163 164 164 166 163 163 165 165 165
191 191 191 190 192 192 191 189 191 191 192 191 191 199 197 198 197 197 197 198 201 198 195 190 197 196 194 192 192 190 192 192 194 195 197 195 197 195 192 190 189 184 184 182 182 178 177 175 175 174 176 176 174 175 175 175 172 173 173 172 171 171 170 171 171 169 167 168 170 169 164 165 166 166 163 164 165 165 165 165 165 163 164 164 163 163 164 166 164 160 163 162 164 164
194 195 194 191 191 190 189 188 189 189 188 188 190 188 191 199 200 201 196 196 198 195 194 193 194 195 194 192 192 189 191 195 196 197 197 200 198 196 190 189 187 189 182 182 182 176 176 176 178 176 174 174 172 173 173 173 172 172 170 173 172 171 172 172 169 168 167 168 167 166 163 167 162 164 166 168 168 166 167 167 167 165 166 167 167 165 163 164 163 161 164 163 162 163
191 193 192 192 192 190 190 190 189 189 188 188 189 187 187 188 196 193 193 196 196 194 196 194 195 194 194 192 192 192 190 192 193 197 196 198 197 191 190 189 184 185 182 182 179 175 176 179 176 173 174 173 171 171 172 172 170 169 172 176 179 172 171 171 168 167 167 168 168 164 164 164 165 167 167 169 169 169 168 167 169 166 166 167 165 161 161 161 161 160 162 163 163 163
191 190 190 191 192 189 189 189 188 189 188 188 185 187 187 186 186 188 192 190 193 196 196 195 197 196 200 197 191 191 192 192 194 196 197 201 199 196 192 190 189 184 182 182 176 175 176 175 175 173 173 172 171 171 172 171 170 169 174 175 176 174 174 172 171 168 167 167 165 163 164 163 167 168 169 169 171 170 169 167 166 164 164 161 162 160 160 161 161 160 160 161 163 163
188 191 192 192 192 190 189 189 189 188 188 186 185 185 184 182 181 182 186 190 193 193 194 195 195 193 194 196 196 192 190 191 192 194 194 194 200 197 191 187 183 182 182 177 176 173 172 175 172 172 172 170 169 168 170 170 174 177 178 180 177 175 176 175 174 168 168 166 167 164 165 166 170 166 169 171 171 170 169 169 169 166 166 162 163 161 162 161 162 160 159 160 161 161
187 191 191 191 191 191 189 189 189 188 187 186 184 182 178 180 180 181 179 179 185 191 190 190 193 192 191 192 195 191 188 190 190 189 191 193 193 193 189 186 185 180 184 182 173 171 170 169 169 168 167 169 168 168 167 168 177 176 179 179 176 173 174 172 171 168 167 167 167 165 165 166 167 168 169 172 172 176 168 167 164 167 167 166 165 164 163 162 161 158 158 159 158 158
191 192 191 191 192 191 190 189 189 188 188 187 183 180 178 179 178 177 178 178 180 178 177 179 187 186 186 190 190 186 186 186 186 185 188 188 190 188 188 186 184 182 184 178 178 169 170 168 167 167 167 167 167 167 167 168 171 176 180 186 183 179 174 172 169 168 166 166 170 166 166 165 169 170 170 172 174 167 168 168 165 166 165 166 163 163 163 163 161 158 158 158 157 159
200 197 194 191 191 192 191 190 189 188 187 185 183 180 178 177 176 176 177 177 176 176 176 176 175 176 177 189 189 186 186 187 185 185 185 182 188 188 190 186 183 181 178 175 175 168 168 165 166 166 167 166 164 166 167 173 173 176 180 187 176 171 170 170 167 167 166 167 171 169 166 169 171 173 175 175 173 173 172 172 170 167 164 165 166 163 162 161 158 157 157 157 157 157
204 203 200 195 192 191 189 189 189 186 185 183 182 179 178 176 175 174 175 174 176 174 175 174 174 175 175 175 182 185 185 188 185 185 182 183 181 183 185 183 183 178 179 175 171 164 164 165 164 162 163 164 162 163 166 171 173 174 182 175 172 170 165 166 167 168 168 167 170 170 170 167 172 170 170 170 170 168 169 169 170 165 165 166 165 163 161 161 158 157 156 156 157 158
207 207 196 199 192 191 191 189 189 185 184 183 181 178 176 175 176 174 173 174 173 172 173 173 173 173 175 174 175 187 186 191 187 183 183 181 183 183 180 178 180 183 181 179 170 163 162 162 161 161 160 161 159 163 165 168 171 169 173 174 169 165 166 168 167 169 171 170 169 170 171 173 170 170 169 167 165 162 164 164 164 165 166 165 163 162 160 160 156 156 156 156 154 155
205 206 199 206 199 192 191 191 188 184 184 184 178 176 176 174 174 174 174 173 173 172 172 171 174 173 174 172 170 176 192 194 187 186 183 187 183 182 180 180 185 185 184 178 169 160 161 162 161 160 160 160 159 163 164 171 172 166 167 168 167 166 166 166 167 167 171 176 171 173 173 173 171 170 169 169 171 167 161 163 164 166 165 165 164 162 160 160 158 156 156 156 155 155
211 208 202 208 202 198 191 191 186 185 184 180 177 174 175 173 172 171 173 173 172 171 172 170 171 170 171 167 167 169 190 184 187 186 186 183 181 180 180 180 181 181 183 172 167 160 161 159 159 157 158 157 155 165 165 174 169 164 162 165 163 165 166 166 167 167 170 171 171 171 170 170 171 174 178 174 172 167 166 165 166 163 166 162 164 162 160 158 156 155 155 157 154 155
207 205 210 216 209 197 191 190 186 185 181 178 176 174 171 169 170 171 170 170 171 169 171 169 169 168 167 163 165 169 170 173 185 185 186 182 183 177 180 177 179 183 174 169 164 160 159 156 154 150 152 155 155 158 162 167 167 161 163 162 161 162 162 164 166 168 169 171 170 171 168 170 171 176 169 169 167 167 167 164 167 167 162 161 162 160 160 157 158 156 157 156 155 157
206 208 209 207 204 196 192 191 185 184 179 177 173 170 168 165 168 168 167 169 170 168 169 169 169 168 167 166 165 168 168 168 174 184 184 184 181 178 174 178 179 170 167 167 164 160 157 154 151 146 155 153 158 158 159 166 167 162 160 160 162 161 161 162 165 165 168 169 165 168 169 174 173 169 168 168 166 166 167 169 164 165 158 161 160 161 158 158 157 156 158 159 157 159
211 213 204 200 199 193 192 194 188 182 179 177 174 169 166 166 166 169 169 168 170 169 169 168 168 168 168 168 168 168 168 168 167 168 175 184 178 177 173 172 176 167 167 167 160 159 158 157 152 150 153 154 158 157 158 158 160 160 160 160 162 160 165 169 167 167 165 168 165 170 171 170 169 167 163 163 162 166 167 167 161 161 159 159 159 158 158 158 158 156 159 159 157 158
209 210 203 200 198 194 196 198 189 186 185 177 173 167 166 167 167 168 167 167 168 168 168 168 166 166 168 167 165 167 168 167 168 169 169 168 177 176 175 176 174 167 165 164 161 159 159 155 161 159 153 158 153 157 159 159 158 159 160 161 160 160 161 160 162 163 166 169 162 169 168 170 168 161 161 161 161 162 162 161 159 159 159 159 158 157 158 158 156 156 159 159 159 159
222 216 210 204 197 200 201 197 189 190 188 179 175 170 168 166 166 165 166 166 167 166 166 167 167 165 165 165 165 165 165 166 168 168 168 168 170 171 175 175 176 176 163 165 162 160 160 163 165 168 158 161 155 156 158 159 160 159 160 160 160 160 160 158 160 159 162 166 161 163 164 167 165 161 161 157 161 158 159 156 158 158 158 159 158 158 157 158 158 158 159 160 159 160
227 219 213 203 198 195 199 191 194 190 190 180 176 169 169 167 165 164 164 165 165 167 165 166 166 165 165 165 166 166 165 166 168 166 165 165 167 165 164 164 165 163 163 163 162 158 158 158 155 164 158 158 157 158 160 160 159 158 160 160 159 160 160 160 159 160 159 158 160 160 163 162 161 160 158 159 157 159 157 157 156 159 157 157 156 158 156 157 156 157 158 162 159 162
228 224 212 205 198 194 194 195 198 196 192 189 178 172 169 167 164 163 163 164 165 167 166 165 166 166 166 166 166 166 166 166 166 165 165 165 165 164 164 164 164 163 163 163 160 159 159 159 156 159 159 160 159 160 160 160 161 160 160 160 159 159 160 160 158 159 159 159 159 158 158 158 158 161 157 158 157 158 158 157 157 157 157 158 156 157 157 158 156 157 158 159 163 163
235 229 213 208 199 197 195 195 200 192 188 184 182 178 169 168 163 163 163 164 163 165 166 166 165 166 166 166 166 166 166 165 165 165 165 165 164 164 164 164 163 163 163 163 160 159 159 160 158 160 160 161 160 160 160 162 160 160 160 160 160 159 159 159 158 159 159 159 157 158 158 158 157 159 157 157 157 158 157 156 158 156 157 157 158 158 157 157 157 159 161 160 161 166
237 229 217 206 200 198 198 200 203 195 188 188 184 177 170 168 165 163 164 164 165 164 165 164 165 164 164 164 164 164 164 163 164 163 163 162 163 163 162 161 162 162 161 161 162 161 160 159 159 162 161 162 162 162 161 161 161 160 160 160 160 160 159 158 158 158 158 156 157 156 157 157 156 156 158 157 157 156 157 156 157 158 157 155 158 157 158 156 159 161 163 162 163 163
233 228 209 204 203 203 203 204 201 192 193 190 184 180 176 173 170 170 169 169 166 165 164 164 164 164 164 164 164 163 162 162 164 163 163 163 163 163 161 161 161 161 161 161 161 160 160 160 161 162 163 164 163 163 163 163 162 160 160 160 160 158 158 158 158 157 156 155 156 157 156 156 156 156 156 156 157 155 154 154 157 157 159 159 158 160 157 159 161 162 161 162 165 162
224 222 208 205 205 206 204 210 199 196 198 196 193 183 177 175 171 170 170 170 167 167 164 164 163 164 164 165 165 162 162 164 163 163 163 163 163 164 163 163 162 162 161 162 161 160 160 161 162 163 164 164 162 164 165 164 164 161 160 160 160 158 158 158 158 156 156 154 155 157 156 155 155 156 156 156 156 154 154 157 158 158 159 160 159 157 157 157 158 160 162 163 163 162
224 219 207 208 209 206 207 207 205 199 193 191 186 183 182 177 173 170 170 169 168 166 166 163 162 164 165 164 162 163 164 163 162 163 163 163 163 163 164 162 162 162 162 162 160 160 160 162 164 162 164 165 165 166 165 165 164 162 160 161 158 158 158 158 156 156 154 154 154 156 157 154 155 156 156 155 156 154 154 157 157 159 162 161 158 157 157 158 158 162 160 161 161 160
219 211 205 202 203 204 205 201 200 196 193 191 185 182 184 177 175 173 173 170 166 164 164 163 164 166 164 164 162 163 162 161 162 163 161 160 160 163 164 160 162 161 163 161 162 162 163 164 164 163 164 163 165 165 163 165 164 162 161 161 158 157 157 157 157 154 153 152 154 154 155 155 154 155 155 156 156 156 153 155 156 156 162 161 162 160 158 155 158 158 159 157 155 154
215 210 206 203 204 207 205 205 200 195 192 189 184 182 182 179 175 173 173 170 165 162 164 164 166 166 166 166 163 164 163 161 165 167 169 165 165 162 161 161 161 161 161 161 161 162 163 164 164 165 163 165 165 166 165 165 164 162 161 161 158 157 157 157 156 154 153 151 151 154 153 154 153 154 153 155 155 153 152 155 156 155 160 160 159 155 154 154 155 153 157 153 153 153
217 217 216 209 204 205 207 211 209 200 193 191 187 186 184 180 175 173 173 172 168 165 165 164 166 166 166 167 165 164 163 161 165 172 170 170 168 167 162 165 165 167 162 162 162 163 163 164 165 163 163 165 163 165 165 164 162 161 161 159 158 157 157 157 154 153 150 152 151 154 153 153 153 154 154 153 154 153 155 155 158 155 160 160 159 153 154 155 156 152 151 151 151 153
213 217 212 206 204 202 205 208 210 207 195 190 188 190 186 183 176 175 174 173 169 167 165 167 167 168 168 168 166 168 164 161 162 167 164 166 168 169 167 163 167 170 168 169 161 162 163 164 164 164 164 165 165 165 164 164 162 161 160 160 157 157 157 157 155 154 153 154 151 154 153 154 153 154 154 153 153 154 153 157 156 155 160 160 154 153 153 155 150 150 151 151 150 150
215 218 209 209 203 207 209 212 216 202 196 191 191 197 198 187 179 177 175 173 171 170 173 172 175 177 172 173 172 171 168 162 158 153 160 162 167 178 170 166 165 169 169 171 165 161 165 164 165 166 167 166 165 165 165 164 162 161 161 158 158 158 156 156 154 154 153 151 156 154 153 154 153 153 152 152 153 153 153 155 153 154 155 156 153 153 153 148 148 148 147 147 146 147
219 223 215 215 206 200 202 210 215 204 203 197 194 194 194 192 184 180 178 180 180 178 184 180 182 180 177 178 173 171 173 164 159 162 165 166 166 180 173 167 170 165 170 170 165 162 167 169 171 177 181 178 174 166 169 170 165 168 159 159 159 158 158 157 155 154 154 154 154 157 156 154 153 152 151 151 153 153 152 152 152 152 152 155 153 152 149 148 148 147 145 145 144 144
218 224 218 221 206 199 205 210 214 208 203 198 198 205 199 196 190 182 182 183 185 181 181 179 179 177 178 178 174 170 168 164 163 165 169 167 169 174 176 173 168 167 167 170 164 164 166 170 173 178 179 178 178 169 170 172 168 165 173 159 159 158 158 158 156 154 154 154 154 154 156 156 154 152 151 151 152 152 152 152 152 149 151 151 153 150 148 148 148 145 145 147 145 143
217 223 224 219 208 198 207 209 213 211 202 199 204 212 209 197 192 187 183 189 184 188 180 177 177 177 175 174 172 172 170 162 161 163 167 169 170 170 176 175 172 167 167 164 163 165 164 164 171 176 177 171 177 171 172 175 172 175 169 172 159 158 158 158 157 155 154 154 155 154 156 154 154 152 151 151 152 153 152 152 150 150 152 151 149 148 148 148 145 146 151 151 147 142
213 220 224 218 211 201 210 220 217 209 204 202 208 210 207 200 197 193 189 195 187 189 184 181 178 177 175 174 174 169 171 165 163 168 170 170 170 173 177 178 176 172 172 167 168 166 166 165 169 176 173 174 174 174 176 176 176 175 174 172 166 160 159 158 157 157 157 155 157 154 156 156 154 154 154 152 153 153 151 152 152 150 151 150 150 146 146 146 146 150 145 148 146 144
214 220 226 220 210 201 216 219 221 214 207 206 204 206 210 208 200 195 195 193 193 193 192 184 182 180 177 174 173 172 167 171 164 170 171 174 177 173 176 180 182 176 176 173 170 167 169 169 167 172 167 171 172 175 178 177 180 177 178 177 176 172 166 165 161 157 157 157 157 156 156 156 156 155 155 153 153 153 152 152 151 149 151 148 146 145 143 146 150 145 145 145 144 144
216 222 223 221 216 207 209 217 223 217 214 210 208 207 206 211 203 195 194 203 199 195 199 193 187 179 176 176 176 171 171 170 165 167 171 177 177 173 177 182 180 177 176 173 171 167 168 174 172 176 172 167 174 175 173 178 183 184 181 178 177 172 161 169 172 170 157 157 157 156 156 156 157 157 157 157 154 152 152 152 151 148 148 148 145 143 142 146 146 144 147 149 142 141
219 224 216 216 220 206 208 220 220 223 218 216 209 207 208 208 204 198 195 197 200 199 196 190 188 179 176 177 176 173 172 170 168 169 173 180 177 174 173 180 178 176 176 170 169 171 171 171 177 175 170 174 175 179 178 182 176 177 181 181 177 165 161 172 179 181 170 157 157 156 156 156 157 155 155 154 154 153 152 152 149 149 148 148 143 142 144 144 142 141 142 142 140 139
216 220 214 213 215 209 206 218 222 222 214 214 208 211 209 209 205 199 196 196 198 200 199 191 187 188 185 181 184 177 178 174 172 168 173 178 175 173 174 177 174 176 178 177 176 170 173 178 179 174 178 175 172 176 179 182 185 182 175 176 167 169 167 172 177 178 168 159 158 158 158 158 158 158 158 157 154 153 151 151 151 149 149 145 143 142 143 141 141 141 141 140 140 141
217 218 211 212 214 210 203 216 216 216 213 218 213 216 213 213 205 199 194 202 199 196 197 190 188 185 185 182 180 179 176 175 168 172 170 172 172 175 175 178 170 176 180 179 176 171 173 176 183 183 180 176 176 176 173 177 179 178 179 179 176 177 172 167 169 176 169 166 162 172 159 159 159 159 159 158 155 152 151 151 151 148 148 144 142 140 138 140 140 138 140 140 140 143
221 213 208 211 207 204 205 216 213 211 215 216 222 221 219 215 210 199 196 198 203 199 197 194 192 188 185 185 180 176 174 171 171 171 171 170 182 175 175 178 170 176 179 176 172 177 176 177 184 184 179 176 178 176 174 174 178 176 176 178 176 173 173 169 174 180 169 173 167 171 163 159 159 159 159 159 155 151 151 151 151 148 148 147 142 138 138 140 138 138 138 138 141 142
221 218 212 212 212 205 205 210 209 215 221 222 220 219 219 218 209 199 198 198 198 197 197 196 193 191 185 188 182 177 173 173 171 170 173 176 180 176 171 172 170 179 178 178 175 177 183 183 184 184 179 178 180 178 174 174 173 174 175 179 182 181 176 167 176 175 177 181 178 174 171 171 162 160 159 159 156 152 151 151 151 148 148 144 141 138 138 137 134 138 138 138 140 142
