Climate/data/grids_germany_multi_annual_precipitation_1981-2010_10.asc
NCOLS 654
NROWS 866
XLLCORNER 3280414.711633467
YLLCORNER 5237500.62890625
CELLSIZE 1000
NODATA_VALUE -999
[rows 612 to 662 of 866, columns 96 to 191 of 654]
94 92 89 88 93 91 84 84 90 83 82 80 78 84 84 80 84 85 82 89 81 81 82 78 67 72 78 72 77 73 72 77 76 75 76 70 69 72 66 66 64 68 63 64 64 68 65 68 64 67 65 65 66 65 58 57 57 57 55 56 62 60 49 47 48 48 54 54 51 52 51 50 49 48 47 46 46 46 47 49 50 51 52 54 54 54 55 56 56 57 59 60 62 63 63 63
93 93 95 96 89 91 87 88 84 89 82 88 79 89 84 78 82 78 82 89 84 83 83 79 76 71 66 74 70 71 70 75 72 76 81 74 71 69 68 68 67 72 65 68 67 71 71 66 68 65 63 65 64 60 60 61 58 58 58 60 61 54 50 48 45 50 51 52 51 54 54 51 49 48 46 45 46 46 48 49 50 51 52 53 54 55 55 55 57 57 58 60 62 63 64 64
96 100 100 95 93 88 88 93 92 84 85 79 85 98 92 84 78 83 82 85 86 84 84 78 78 80 71 70 69 70 73 73 76 76 78 74 73 76 71 72 68 70 65 71 71 70 68 65 70 68 64 63 65 62 71 64 63 61 63 54 61 60 49 48 49 50 52 53 53 53 53 51 50 47 45 44 45 47 47 48 50 51 52 54 54 57 57 57 58 58 58 60 61 63 63 64
92 98 94 93 92 87 87 92 90 86 80 81 96 100 87 78 81 86 87 89 84 83 85 83 83 78 71 68 73 70 70 74 74 74 76 75 76 74 71 69 70 72 68 65 68 68 70 73 67 68 65 67 70 71 70 67 66 66 60 65 63 61 50 48 47 49 51 53 53 53 53 50 48 48 45 45 47 47 47 47 48 50 52 54 57 57 57 57 57 57 58 58 59 61 62 65
94 97 96 90 89 89 92 90 85 86 80 79 86 90 81 82 81 79 79 85 81 80 76 82 83 78 76 67 67 70 68 69 74 71 71 71 75 73 71 71 69 71 73 70 71 71 67 72 67 67 71 67 71 70 66 64 66 66 59 70 66 63 53 50 48 45 49 50 51 51 50 49 48 48 47 47 47 47 47 47 47 49 52 54 56 57 57 57 57 57 56 58 59 61 62 65
94 97 89 95 93 90 89 89 85 82 84 77 82 83 85 83 79 79 82 81 79 76 72 75 83 75 68 75 69 68 74 74 72 71 68 73 73 71 71 72 72 71 71 69 70 71 71 72 69 64 70 67 72 70 66 66 61 67 63 65 69 60 56 53 47 45 48 49 49 50 49 48 48 48 47 47 47 47 47 47 48 49 52 55 54 56 57 57 57 57 58 58 59 60 62 64
98 95 90 89 89 92 87 89 87 81 77 75 80 82 88 86 86 82 80 80 76 76 75 72 73 73 73 75 68 67 69 72 71 71 68 70 74 74 74 73 71 70 70 70 70 69 69 73 68 73 73 72 72 67 67 66 65 64 71 73 68 64 55 54 48 49 48 50 49 50 49 48 48 47 47 47 47 47 47 47 50 50 53 54 55 56 57 57 58 58 58 59 60 61 61 64
97 100 96 87 89 90 88 83 79 82 75 78 86 85 85 81 83 81 84 83 81 78 75 75 72 73 74 72 72 71 67 67 68 70 71 70 71 74 74 72 72 70 69 70 70 70 69 77 77 73 73 74 73 70 68 70 69 77 68 71 69 59 57 50 49 48 48 48 47 48 48 48 47 47 47 48 48 48 48 49 50 51 52 54 55 56 57 56 58 58 59 60 61 61 62 63
96 91 88 85 80 90 91 84 82 77 77 82 84 83 80 80 80 79 80 80 79 78 77 77 75 75 72 70 70 73 70 71 71 73 70 75 77 72 73 71 71 69 70 72 70 75 81 69 80 80 74 73 73 73 77 78 70 78 64 75 75 63 60 49 47 46 47 47 47 47 47 47 47 47 47 48 48 48 48 49 50 50 52 54 55 55 57 58 58 58 59 60 61 61 62 63
92 91 87 87 86 88 82 81 82 85 82 76 81 79 79 80 79 79 78 80 79 78 75 74 72 72 71 75 74 71 72 70 69 74 74 67 67 73 68 71 67 69 73 74 72 79 71 75 79 71 77 74 73 74 75 77 78 82 71 64 72 64 54 50 47 45 47 47 49 48 47 47 47 47 48 48 48 47 48 49 50 50 52 54 55 56 56 56 57 59 60 60 60 62 61 63
89 89 89 89 91 88 83 89 90 88 83 80 78 76 77 77 77 78 78 77 78 78 76 75 75 74 77 73 74 72 73 71 71 70 74 71 70 72 68 72 73 72 72 70 74 79 79 69 76 75 75 75 71 71 75 74 84 65 60 60 57 56 59 48 49 48 48 49 49 48 47 47 47 47 48 47 47 46 47 48 50 51 52 53 55 56 57 57 58 59 61 62 60 62 63 63
86 86 86 86 89 86 91 88 87 81 78 81 81 78 81 81 80 81 80 79 79 79 78 77 78 76 75 74 74 73 73 71 69 71 69 66 69 72 69 70 78 74 75 74 73 76 76 76 76 73 75 76 71 67 70 70 60 72 66 58 52 54 56 53 50 50 49 49 49 48 48 46 47 47 47 48 48 47 48 49 50 50 52 53 54 55 55 56 57 59 60 62 63 62 63 63
94 89 88 85 83 90 90 85 82 81 78 80 81 80 80 81 81 81 80 79 79 79 76 76 75 74 73 72 72 72 71 69 69 68 67 67 67 68 69 70 74 73 72 69 72 69 75 77 77 70 70 76 74 74 68 66 75 76 77 67 57 61 63 55 50 49 49 49 49 47 47 47 48 46 47 48 48 48 49 50 50 51 52 54 54 55 56 57 57 59 61 62 63 63 63 62
93 87 88 88 86 85 85 83 84 81 80 82 82 80 80 80 80 81 79 79 79 78 78 77 75 75 74 74 73 73 74 72 70 70 70 72 69 73 69 70 73 74 74 79 78 79 73 76 76 73 69 79 75 82 71 79 80 75 68 62 69 67 63 57 51 49 48 48 48 46 46 46 46 46 47 47 48 49 49 50 50 51 53 54 54 55 56 57 57 59 61 62 63 62 64 63
87 84 87 84 83 87 81 83 79 78 78 79 80 78 78 79 80 81 82 83 82 80 79 77 77 81 79 80 80 77 75 74 73 75 71 76 71 73 74 74 76 81 78 77 77 72 77 68 79 67 69 75 79 77 90 69 78 78 73 63 65 59 65 60 50 48 48 48 46 46 46 46 46 46 47 47 49 49 50 50 52 53 54 55 55 56 57 57 59 58 61 62 63 63 64 64
94 89 85 83 83 83 81 81 81 80 79 78 78 78 78 80 80 82 83 86 85 84 84 82 85 84 82 81 82 77 77 76 82 79 77 78 76 74 73 78 76 82 82 79 76 75 74 81 79 70 68 67 74 81 76 69 80 77 72 64 74 66 63 58 49 47 48 49 49 48 47 45 46 46 46 48 49 49 51 52 53 54 55 56 57 58 57 57 59 59 60 60 63 63 63 64
88 88 85 84 83 83 82 81 80 79 80 79 78 78 78 81 89 88 88 89 91 94 89 87 86 86 83 79 83 79 83 84 78 81 84 80 85 80 77 81 84 83 77 79 79 82 82 82 75 75 75 66 68 68 84 77 69 74 58 67 63 56 61 51 47 48 48 49 49 49 48 46 46 46 47 49 49 49 52 53 53 54 55 58 58 57 59 59 59 60 61 63 63 63 63 64
86 83 84 84 83 82 81 79 79 78 78 79 82 87 87 88 88 90 93 90 97 95 86 93 86 85 79 81 78 82 76 82 77 78 76 83 85 77 78 79 78 75 75 78 84 80 83 86 79 80 83 69 62 75 76 76 81 73 61 68 67 62 58 50 49 47 48 49 50 51 50 48 47 47 48 49 49 50 52 53 54 55 57 58 58 59 59 59 59 59 60 61 63 63 63 64
84 85 84 83 81 81 81 80 79 78 79 79 84 87 90 87 87 93 88 88 91 89 89 83 87 88 84 82 80 78 84 82 83 79 82 83 83 83 83 87 81 83 76 80 85 79 88 86 85 85 77 76 71 70 64 77 69 65 55 53 54 60 54 48 49 50 50 51 51 53 51 50 49 49 49 50 52 52 53 53 54 55 58 58 59 59 59 59 60 61 60 60 60 61 61 63
84 83 83 83 82 82 81 79 84 83 88 85 92 85 87 93 92 90 86 91 83 91 87 83 82 87 81 84 80 80 86 85 82 85 85 79 85 80 82 82 84 88 83 84 83 85 85 86 82 83 73 76 67 72 58 78 72 58 44 49 61 63 50 48 50 51 51 51 51 51 51 50 50 50 50 52 53 53 53 55 56 56 57 58 59 59 59 60 61 61 60 60 60 60 61 63
82 83 83 82 82 82 81 82 87 85 91 90 92 88 93 87 85 91 85 90 81 83 91 89 82 90 87 82 77 78 78 79 86 86 88 87 85 84 87 90 91 85 79 81 85 86 77 88 78 76 78 70 70 73 60 54 53 50 59 69 69 59 51 50 51 51 51 51 51 51 52 52 51 51 52 53 53 53 55 55 56 56 57 58 59 59 60 61 61 61 60 60 60 60 62 63
83 82 84 82 83 82 85 85 91 87 91 86 89 91 89 88 87 84 80 88 82 89 83 87 84 89 82 82 80 82 83 86 83 83 82 87 87 90 89 93 96 89 82 85 79 77 87 76 77 75 79 78 70 62 71 74 73 60 58 78 72 55 51 49 51 51 51 51 51 52 52 52 51 52 53 53 53 55 53 55 56 56 57 58 59 59 60 61 61 61 60 60 60 61 62 63
83 84 83 83 84 87 85 85 87 91 88 84 86 89 84 88 88 83 88 83 87 86 88 88 83 82 85 79 87 83 88 88 89 85 83 92 89 86 93 85 88 83 76 86 88 75 71 79 84 78 76 71 66 69 84 73 64 56 61 53 53 53 50 50 51 50 51 50 51 52 52 52 52 53 53 54 55 55 55 55 55 55 56 57 58 59 60 61 61 62 62 62 62 62 64 63
82 84 84 83 83 89 90 83 85 87 83 89 84 89 88 88 83 86 83 76 83 80 87 85 87 87 85 84 84 82 83 84 87 87 90 93 93 90 89 87 92 88 94 93 85 78 77 75 71 74 72 64 71 72 87 84 71 63 64 73 58 54 50 51 51 50 51 50 52 51 52 53 54 53 54 56 56 56 55 55 55 54 55 57 58 59 60 61 62 62 62 62 63 63 63 64
81 83 83 83 84 88 91 83 90 89 86 88 87 91 89 86 86 80 80 79 82 86 83 81 82 79 86 84 89 81 86 91 90 90 88 88 87 91 96 88 88 89 99 89 85 85 84 79 85 72 80 73 76 81 81 77 78 85 81 66 59 54 52 51 51 50 51 52 52 53 54 55 54 55 56 57 57 57 56 55 55 55 56 58 58 60 61 62 62 62 62 63 63 63 63 64
81 82 82 84 86 85 83 89 90 89 88 82 84 89 87 87 79 87 87 86 83 86 86 89 85 79 79 88 90 88 86 86 91 93 90 92 95 96 99 91 99 99 95 88 90 87 81 79 78 83 77 84 77 87 88 86 84 86 82 68 59 55 53 52 52 51 52 52 53 54 55 55 55 55 57 57 57 57 57 56 56 56 57 58 60 60 61 62 62 63 63 63 63 63 63 64
81 81 82 85 85 82 88 87 87 90 89 81 81 87 88 83 83 86 88 84 80 80 88 84 89 78 82 85 87 90 91 90 95 91 95 95 94 90 99 98 100 98 88 89 91 80 80 81 89 75 82 86 85 78 95 88 93 90 72 66 59 57 56 53 54 54 53 54 54 55 56 56 56 57 58 60 60 60 58 58 58 59 60 61 61 62 63 62 63 63 63 62 62 62 63 64
79 82 82 83 82 87 89 88 87 83 86 87 81 81 87 84 83 87 88 80 88 84 87 88 83 90 81 89 85 91 92 94 93 92 89 97 94 98 99 103 102 97 90 92 87 89 82 87 83 78 82 91 90 92 96 84 83 93 69 64 61 59 57 57 55 55 55 56 58 56 57 59 58 58 58 62 60 60 61 61 63 63 62 63 64 64 64 63 64 63 62 62 62 62 62 64
81 80 83 80 83 86 86 82 88 87 86 81 88 88 87 89 86 88 87 85 81 87 89 89 82 89 81 83 88 92 90 91 93 91 97 97 97 97 93 102 100 90 99 86 90 90 88 92 95 85 89 90 94 96 93 95 91 71 68 64 62 61 59 57 57 56 58 58 57 57 59 60 60 60 60 63 63 63 63 64 64 63 64 65 65 65 65 64 64 64 62 62 62 62 63 64
80 82 87 86 89 88 87 85 87 82 87 87 86 86 82 87 82 84 89 87 85 85 90 84 86 79 83 89 90 92 92 95 89 95 96 96 95 99 98 90 93 92 96 89 100 90 94 90 98 97 97 90 90 94 94 82 96 78 70 67 62 61 59 59 59 59 60 59 59 60 60 61 61 61 62 63 63 64 65 65 64 65 67 67 67 67 66 65 64 64 62 62 62 62 64 64
79 79 85 86 84 85 82 86 83 86 86 81 85 88 87 88 89 88 84 80 89 90 91 86 83 80 89 86 87 89 94 89 98 96 101 94 92 99 99 97 94 89 92 99 93 97 94 92 85 90 88 98 78 99 86 94 82 70 70 68 64 63 62 59 60 60 60 60 61 61 61 61 62 63 63 64 65 65 66 66 68 68 68 68 68 68 68 67 65 65 63 63 63 63 64 64
80 84 80 79 83 83 79 82 82 88 90 87 87 88 89 91 90 86 85 89 85 82 81 89 89 90 89 84 86 92 87 96 91 97 100 98 100 100 103 99 99 97 84 99 91 95 93 82 79 88 84 83 87 79 86 102 83 73 72 68 64 64 62 61 61 61 61 62 62 62 62 62 63 63 64 65 66 67 68 68 68 69 69 69 70 70 68 67 66 66 65 65 65 65 65 65
87 86 79 77 79 77 80 81 80 86 85 87 88 88 84 87 89 85 82 87 81 88 89 84 92 93 88 92 87 89 96 96 96 98 87 98 91 100 102 89 102 93 87 90 90 82 93 83 93 97 80 78 95 102 84 81 78 73 72 68 65 65 64 61 61 61 62 63 64 63 63 63 63 64 65 66 68 67 67 69 69 69 70 71 71 71 69 67 66 66 66 65 65 65 65 65
87 84 84 77 77 79 81 85 82 81 81 87 85 87 86 84 83 85 88 87 90 87 82 88 93 91 87 87 91 89 96 88 89 91 98 87 97 93 98 94 88 84 97 78 82 86 79 86 87 97 81 76 89 90 99 87 73 70 69 69 67 65 65 64 62 62 63 64 64 64 63 64 65 66 66 67 67 67 68 69 69 70 72 72 71 71 70 68 67 66 66 66 65 65 65 65
86 86 87 83 79 84 86 88 83 84 86 82 85 81 84 89 87 94 93 92 92 84 90 82 85 87 80 85 91 87 85 85 87 90 88 94 91 103 98 102 93 88 79 78 96 97 82 92 77 86 84 76 91 85 97 78 75 71 69 69 69 67 67 65 64 64 66 64 64 64 65 65 65 66 67 68 68 69 69 69 70 71 72 73 72 71 70 69 67 66 65 66 66 66 66 66
89 89 84 82 85 86 88 89 90 90 86 81 82 87 87 88 89 90 95 96 96 92 95 91 87 85 84 82 82 86 97 87 86 86 85 87 94 97 93 88 92 84 85 84 88 80 90 86 87 79 80 77 99 91 80 74 73 72 70 68 68 67 67 67 67 64 64 64 65 64 64 65 66 67 68 70 69 70 70 70 71 71 71 72 71 71 70 68 68 67 67 66 66 66 66 65
85 87 87 82 84 83 86 88 86 87 87 88 87 91 86 93 93 92 87 95 94 96 96 91 93 91 88 93 82 89 89 95 82 88 93 98 90 87 96 95 87 88 79 78 77 91 86 86 90 86 78 78 86 81 81 74 73 72 71 70 67 67 67 67 67 65 65 65 64 64 65 66 67 67 69 70 70 69 71 70 71 71 72 71 71 71 71 68 68 68 67 66 66 66 66 65
85 86 82 87 82 86 90 89 85 89 87 86 84 90 90 90 86 91 90 90 88 98 97 95 87 85 93 88 86 85 84 86 91 87 86 81 92 94 90 90 85 86 84 82 81 78 89 95 85 81 79 76 74 74 74 71 70 71 70 68 68 67 66 65 65 65 66 66 65 65 66 67 67 68 69 71 69 70 71 71 71 71 72 71 71 70 71 69 68 68 68 67 66 66 66 66
89 84 90 88 87 85 92 88 85 84 89 90 90 85 91 90 91 92 94 96 89 94 91 90 93 90 88 92 81 93 86 87 84 90 83 82 81 87 84 83 80 80 78 90 92 84 87 96 87 82 81 86 83 72 69 68 67 69 67 66 67 66 67 66 66 66 67 67 65 66 66 67 68 68 69 70 71 71 72 72 72 71 72 72 72 71 71 70 69 69 68 68 67 67 67 67
89 89 91 85 90 92 88 87 89 86 89 93 93 88 91 89 92 93 95 90 94 94 95 88 88 87 94 87 84 87 82 84 80 86 88 92 87 86 84 80 81 85 81 84 81 92 88 86 87 91 91 87 84 74 75 70 67 65 66 66 67 66 66 66 67 67 67 67 67 67 67 67 68 68 70 70 70 71 71 71 71 72 71 73 72 72 72 71 70 70 69 68 68 68 68 68
88 91 91 91 94 86 85 85 91 91 87 88 91 93 92 87 88 91 94 94 95 94 89 89 87 87 84 87 87 86 86 88 80 90 82 87 85 85 88 79 82 84 90 81 84 85 82 90 90 100 103 89 81 79 75 72 68 67 66 67 67 67 66 67 67 67 68 67 68 67 67 68 68 68 68 70 70 70 71 71 71 72 72 72 72 73 73 71 71 71 69 69 68 68 68 68
87 91 92 94 88 94 90 -999 -999 90 92 92 91 91 93 92 87 88 92 95 88 91 93 87 87 86 92 93 90 88 88 87 81 84 89 84 83 93 85 87 87 85 79 87 85 86 89 89 104 95 88 87 79 77 74 74 69 68 68 67 67 68 69 67 67 68 68 68 68 68 68 67 67 67 68 69 70 70 70 71 71 71 73 72 73 73 73 71 71 71 69 69 69 68 68 68
91 93 93 89 -999 -999 -999 -999 -999 89 86 91 92 95 92 94 94 93 89 89 96 94 96 92 86 87 88 94 91 88 84 81 82 89 86 85 101 89 88 91 85 85 81 88 85 88 87 84 87 86 92 88 78 76 74 73 70 69 69 69 69 69 70 69 69 69 69 69 69 68 68 69 67 68 67 68 69 70 70 71 71 72 73 73 74 75 74 72 72 71 71 69 69 69 69 69
94 95 94 92 -999 -999 -999 -999 -999 -999 -999 -999 -999 93 92 93 90 92 96 93 96 98 88 87 90 88 85 87 82 82 90 88 80 79 88 84 88 86 90 89 86 87 93 85 86 86 86 87 82 82 81 86 76 74 76 74 73 71 71 70 70 70 70 70 71 69 69 70 68 69 68 68 68 67 67 69 68 69 70 71 71 72 73 74 75 75 75 73 72 72 70 70 70 69 69 69
94 94 92 90 -999 -999 -999 -999 -999 -999 -999 -999 -999 93 92 90 96 97 98 99 97 94 91 88 84 84 88 87 86 83 89 83 83 84 86 80 86 84 83 87 94 89 88 91 85 93 85 87 85 89 94 76 76 75 73 73 74 71 71 70 70 70 70 70 71 71 69 70 68 69 69 69 67 68 68 68 69 69 70 70 71 72 73 74 74 75 74 72 72 72 70 70 70 70 69 69
-999 -999 -999 -999 -999 -999 -999 -999 -999 -999 -999 -999 -999 91 85 91 93 89 90 98 100 93 90 83 90 92 95 85 90 92 85 83 83 84 79 87 84 86 83 91 90 81 85 85 84 82 79 80 77 81 94 80 77 76 72 72 72 71 71 71 71 70 69 68 68 69 69 68 67 68 67 67 67 67 68 68 69 69 70 70 71 72 71 74 74 73 73 72 72 72 70 70 70 70 70 70
-999 -999 -999 -999 -999 -999 -999 -999 -999 -999 -999 -999 -999 -999 93 85 89 97 97 98 96 91 86 90 94 95 89 86 84 92 91 83 88 86 82 82 81 87 90 87 83 85 85 89 90 82 87 89 86 80 80 81 75 76 73 72 71 71 70 69 69 69 67 67 67 67 67 67 68 67 68 68 68 68 68 69 68 69 70 69 70 71 71 72 72 72 72 72 71 71 70 70 69 69 69 72
-999 -999 -999 -999 -999 -999 -999 -999 -999 -999 -999 -999 -999 -999 96 96 95 90 97 90 93 94 91 97 90 97 92 98 88 96 91 93 102 83 85 84 80 82 82 85 82 78 86 89 86 89 85 84 83 93 76 76 75 75 74 75 74 71 70 70 70 70 67 67 67 67 67 67 67 67 67 67 67 68 68 69 68 68 69 68 69 69 70 70 70 70 71 71 71 71 70 69 69 69 70 75
-999 -999 -999 -999 -999 -999 -999 -999 -999 -999 -999 -999 -999 -999 -999 -999 90 91 89 92 92 93 98 95 94 86 89 87 94 92 91 87 98 85 85 79 81 82 89 82 80 87 88 82 85 85 92 80 86 85 84 75 76 74 73 74 73 73 71 70 70 70 69 67 68 67 68 68 68 68 67 67 67 67 68 68 68 68 68 68 69 69 69 68 68 69 70 70 70 71 71 69 69 69 69 76
-999 -999 -999 -999 -999 -999 -999 -999 -999 -999 -999 -999 -999 -999 -999 -999 91 89 88 89 91 95 92 86 95 89 85 93 84 94 89 87 93 94 82 80 81 86 86 85 85 86 81 89 84 84 81 79 85 83 77 75 75 75 73 72 73 73 71 71 70 70 69 68 68 68 68 68 68 68 68 69 67 68 68 68 69 68 68 68 69 68 68 68 69 69 70 70 70 71 70 69 69 71 73 72
-999 -999 -999 -999 -999 -999 -999 -999 -999 -999 -999 -999 -999 -999 -999 -999 91 96 93 94 93 94 90 89 92 93 87 91 87 89 87 94 88 93 86 79 84 85 84 81 84 86 94 91 94 85 84 84 78 79 73 74 74 73 73 73 70 70 70 70 70 68 68 66 67 66 66 67 68 68 67 68 68 68 69 68 68 68 67 67 67 68 68 68 70 70 70 71 71 71 70 70 77 77 77 77
