Climate/data/grids_germany_multi_annual_air_temp_mean_1981-2010_06.asc
NCOLS 654
NROWS 866
XLLCORNER 3280414.711633467
YLLCORNER 5237500.62890625
CELLSIZE 1000
NODATA_VALUE -999
[rows 533 to 573 of 866, columns 94 to 187 of 654]
152 158 161 159 162 164 166 166 167 162 163 163 163 165 175 168 156 156 159 163 153 154 155 157 164 164 165 167 168 177 169 168 164 155 153 155 156 160 162 154 160 158 159 157 160 160 160 155 154 156 152 157 158 158 156 154 161 162 165 162 158 159 158 158 161 158 155 156 157 160 160 165 161 161 163 164 162 154 154 149 152 150 147 139 141 150 149 142 145 143 151 150 146 146
154 157 159 164 163 164 166 167 164 163 163 167 163 164 173 172 164 159 154 153 154 161 163 162 176 177 177 179 176 176 159 156 161 157 154 155 158 159 162 164 162 162 159 157 156 156 159 159 156 150 152 156 154 156 159 156 156 160 167 161 160 159 162 159 157 156 155 153 156 158 160 162 164 161 162 161 163 162 156 156 155 157 149 139 147 143 144 142 139 141 143 148 143 148
157 157 159 160 166 165 167 165 162 163 164 167 164 164 175 155 165 161 159 153 158 159 173 173 176 167 166 169 169 162 161 161 155 152 153 157 160 162 163 162 166 161 158 160 157 154 158 158 151 151 153 152 153 155 158 158 156 159 163 164 165 164 159 156 155 156 158 155 156 158 159 160 164 161 161 160 161 159 152 151 153 149 151 142 145 138 136 136 137 137 140 147 151 157
158 162 162 162 165 170 167 165 161 161 163 167 175 171 175 164 161 156 157 155 158 168 160 162 174 175 176 161 160 160 156 153 151 155 153 155 158 157 158 161 162 165 162 157 156 156 155 161 154 151 150 152 155 155 153 156 158 161 167 161 159 161 158 159 160 160 157 156 153 156 163 158 162 161 160 157 162 159 153 149 153 153 151 147 139 140 132 129 138 141 147 149 156 162
157 160 161 166 164 166 166 163 162 162 165 173 164 166 169 161 165 161 158 158 157 161 159 160 164 170 166 171 159 156 156 158 155 160 155 155 156 158 160 162 163 163 164 158 159 155 154 155 157 155 149 151 150 151 153 156 159 167 165 165 159 158 163 161 156 160 155 155 153 155 162 153 161 162 159 156 158 160 157 153 152 153 151 147 141 136 127 132 142 151 155 150 158 163
159 159 163 163 161 164 171 165 162 163 172 164 163 162 168 163 160 158 160 158 157 155 153 153 159 163 166 176 169 160 156 161 161 161 155 154 155 158 159 162 158 161 164 160 156 154 156 152 154 150 146 147 149 154 157 153 160 158 157 159 159 158 159 159 153 153 152 155 154 160 159 159 161 162 161 160 157 158 158 156 155 154 150 142 142 134 130 138 142 138 144 158 160 164
164 168 164 169 163 162 171 163 169 175 163 170 167 163 162 172 161 158 157 157 159 154 153 151 155 153 167 172 176 157 157 159 165 167 161 156 158 156 159 160 156 159 161 159 157 158 154 152 152 148 146 146 151 154 152 152 163 156 154 157 159 157 158 160 157 160 159 157 153 153 153 158 160 163 159 157 154 157 159 158 155 150 152 146 140 139 138 139 131 142 153 157 161 163
159 161 165 164 169 175 163 162 173 169 160 171 173 162 158 161 161 159 160 160 159 156 156 152 148 151 157 165 167 160 160 161 163 167 161 159 158 156 156 156 157 156 161 161 158 155 154 153 155 153 149 145 148 153 149 155 161 161 157 156 159 161 156 156 160 155 157 155 149 157 158 158 159 162 158 157 152 157 157 159 153 156 152 154 148 145 143 150 143 149 155 161 162 164
165 162 167 162 175 164 175 171 168 158 165 163 163 164 161 163 167 165 163 159 157 155 153 151 150 146 151 160 167 166 160 161 163 161 163 163 157 158 154 156 154 156 158 157 159 157 154 155 155 154 151 146 149 151 153 152 156 154 163 159 159 160 159 156 156 152 156 155 151 150 150 155 155 160 157 155 154 150 157 160 159 155 156 151 145 146 145 155 153 155 161 164 166 166
172 173 174 175 170 162 161 162 160 164 157 161 161 164 160 160 161 159 155 161 155 157 151 152 150 149 152 164 171 175 166 163 170 161 164 163 162 155 157 158 154 154 156 155 156 160 154 155 152 150 147 145 144 147 149 153 156 155 158 155 155 156 158 154 152 151 150 153 152 153 151 149 150 158 160 158 150 149 151 159 157 157 157 148 152 155 159 158 159 163 166 167 168 168
161 162 162 173 170 156 157 165 165 159 156 161 161 163 158 158 159 154 154 156 156 155 150 151 149 146 148 160 163 162 173 175 175 162 171 162 161 160 161 160 156 156 152 156 158 156 154 152 151 150 147 150 150 144 147 145 154 155 161 160 152 155 153 152 153 149 153 155 152 157 153 149 154 156 159 162 157 155 158 162 165 153 155 159 159 161 161 161 156 164 170 169 170 170
159 160 170 159 163 160 159 163 167 161 157 161 158 170 163 157 153 154 153 152 152 152 150 161 148 145 148 151 158 159 161 165 167 172 171 168 166 165 156 156 158 155 150 152 154 155 151 149 148 145 151 151 152 151 145 145 147 149 154 161 155 153 150 150 153 153 155 157 157 155 151 149 150 147 151 162 164 161 162 158 161 156 150 163 164 162 163 164 160 166 170 172 172 173
161 160 163 159 168 164 162 158 168 157 156 157 158 161 160 158 154 157 153 153 154 152 150 148 149 150 154 156 157 165 161 162 172 172 172 163 160 160 160 155 158 155 150 151 154 156 150 148 148 150 151 152 152 148 146 148 148 154 157 157 153 156 153 152 153 155 157 158 157 153 149 144 146 153 157 163 163 163 162 162 166 162 160 163 166 163 166 165 165 167 171 172 174 175
160 165 163 163 167 162 159 159 160 162 159 156 156 158 161 157 158 157 156 160 156 154 152 154 152 152 159 159 164 163 163 167 162 163 172 165 164 160 157 167 157 153 150 150 150 156 152 150 152 155 150 156 155 148 147 151 149 150 154 159 155 155 154 155 158 158 158 154 152 154 149 146 150 151 152 155 159 163 165 167 164 166 164 162 166 166 167 167 171 170 172 173 175 175
157 166 170 164 159 158 167 161 159 157 161 160 157 156 158 156 156 155 157 156 152 154 154 151 149 149 151 153 154 153 155 155 157 163 163 169 161 163 160 158 155 152 151 154 154 150 152 147 158 151 151 161 148 155 154 154 153 148 155 154 155 156 152 159 158 157 154 153 147 152 148 154 156 160 152 162 163 164 162 161 169 164 168 156 164 169 170 169 170 172 174 174 176 175
161 161 171 165 161 160 157 161 157 158 158 158 155 155 156 155 156 153 154 155 152 152 156 152 152 148 152 152 147 157 156 153 158 160 165 168 163 160 157 155 156 153 152 153 157 150 148 150 159 159 153 159 151 161 154 152 149 148 153 153 153 154 157 155 153 153 152 155 152 156 157 163 163 165 161 160 165 167 163 163 160 158 162 171 163 167 170 172 172 172 174 175 177 177
161 164 159 158 158 157 158 162 163 157 156 155 156 156 153 151 152 151 150 152 149 150 154 153 152 149 150 150 156 156 154 163 164 164 171 162 160 160 158 155 153 153 152 153 161 157 152 153 156 154 156 164 160 155 150 149 151 147 149 147 152 150 150 150 148 150 159 157 159 164 164 164 167 166 163 160 166 168 165 164 164 159 162 170 167 165 169 172 174 175 175 175 177 178
162 163 158 157 162 158 158 158 158 165 158 161 158 155 155 154 154 152 149 150 148 152 153 150 148 147 145 146 148 150 155 159 164 165 175 165 158 156 158 157 154 159 153 155 157 163 155 155 159 164 163 163 159 154 157 158 155 149 147 152 155 154 146 141 146 154 159 162 168 169 168 166 169 169 166 166 166 166 168 165 166 161 160 167 172 166 171 174 175 175 176 177 178 179
157 157 156 161 159 164 162 162 155 159 157 157 156 160 158 155 154 152 151 148 149 149 150 149 147 145 145 146 152 157 164 159 161 169 166 173 164 161 157 155 152 159 152 153 160 164 153 165 165 152 154 156 153 157 152 150 154 151 148 153 151 161 151 146 150 158 163 169 169 169 168 170 170 168 170 169 168 169 170 167 164 162 162 163 173 167 173 175 175 176 177 178 178 180
157 153 153 157 156 158 158 160 154 154 154 156 153 153 153 155 153 153 152 150 150 150 150 148 146 148 145 147 154 152 154 156 164 157 160 164 173 165 161 156 160 160 153 159 157 157 166 167 154 157 152 152 152 152 154 152 153 154 148 151 157 158 154 157 160 164 167 167 171 174 174 174 175 171 171 171 171 171 170 170 168 163 164 165 173 172 174 175 176 177 177 177 179 180
155 157 155 153 152 160 157 156 161 154 153 152 155 153 153 152 154 152 150 150 150 152 151 149 148 150 150 151 150 150 151 156 158 155 161 157 165 174 163 153 156 161 156 158 165 165 159 160 162 157 163 154 158 152 149 154 150 149 146 150 152 163 162 162 164 164 167 169 171 175 175 176 176 173 173 173 173 171 172 173 172 167 167 167 171 173 175 175 176 177 177 179 179 180
154 155 154 154 152 153 154 155 156 157 153 152 150 152 152 149 149 149 149 150 158 152 150 150 150 150 152 151 148 148 150 153 154 155 155 157 164 176 163 157 155 164 156 161 172 156 154 154 168 160 163 154 154 156 151 148 144 151 149 156 162 166 168 164 167 169 167 171 172 172 173 172 175 174 176 175 175 172 172 174 174 171 169 168 170 174 174 176 177 177 178 179 179 179
153 158 158 155 153 152 154 152 155 156 156 155 151 150 149 148 150 151 150 149 150 151 153 153 151 152 152 151 148 149 149 151 158 159 160 160 161 173 165 164 160 164 157 173 156 164 154 154 157 163 157 159 158 151 146 144 151 155 161 164 166 165 168 166 168 167 171 171 174 177 176 178 177 176 176 177 175 175 174 174 176 173 173 170 171 175 175 176 177 179 179 179 179 178
153 157 154 153 152 151 149 150 156 155 155 151 150 152 152 150 150 152 153 150 151 150 151 154 154 154 154 152 149 150 150 150 152 162 158 169 162 170 172 160 174 172 164 166 166 158 153 154 152 155 153 157 151 144 143 154 161 158 165 163 167 167 172 166 169 176 177 175 177 177 179 177 180 177 177 177 176 176 176 176 176 174 174 174 174 176 176 177 178 179 179 178 178 179
152 152 151 152 152 152 149 152 151 152 152 151 151 153 154 152 151 153 150 150 150 154 154 154 155 153 150 150 150 151 150 148 150 152 160 156 156 164 174 176 166 162 163 162 168 164 162 163 155 154 153 152 149 147 149 153 159 162 164 168 168 172 173 175 174 178 179 179 180 180 180 179 181 179 178 178 178 177 177 178 176 175 175 177 176 176 177 178 179 179 178 178 178 179
152 152 152 152 150 148 149 150 149 150 150 150 153 153 154 155 154 154 150 152 152 153 155 157 151 150 152 150 151 153 150 152 149 153 154 158 164 163 165 168 174 167 162 153 156 155 157 156 155 156 157 153 157 154 157 162 165 167 169 170 173 175 176 173 177 179 179 180 180 180 180 181 180 181 178 178 178 177 177 177 178 176 175 175 176 178 178 179 179 179 178 178 178 178
157 157 156 151 154 148 148 149 147 147 148 149 149 152 154 154 156 154 152 153 154 152 154 157 152 153 154 151 152 154 154 152 151 151 153 160 162 169 165 168 172 174 161 152 154 151 151 151 153 160 160 157 158 162 164 166 171 174 172 174 173 177 177 177 179 179 180 180 180 181 181 181 181 181 181 179 178 177 178 177 176 177 176 176 177 179 179 179 179 179 178 178 178 178
156 157 153 152 150 152 150 151 148 146 148 150 152 151 153 153 155 157 154 153 155 153 155 157 157 155 153 151 152 154 156 152 153 152 151 154 164 167 165 157 156 164 176 171 157 154 156 157 160 162 162 164 163 167 171 172 173 175 174 176 177 179 179 179 179 180 179 178 179 180 181 181 181 181 181 181 180 178 178 177 177 177 178 178 179 179 179 179 179 179 178 178 178 178
159 155 156 152 152 156 151 152 149 150 148 149 152 152 152 154 155 157 157 154 157 156 158 154 155 152 153 151 152 154 155 154 154 150 150 154 158 154 153 146 142 152 164 177 164 158 159 162 165 164 170 168 168 173 173 176 177 178 178 179 179 179 179 179 178 179 175 177 178 179 179 180 182 182 181 181 180 178 178 178 177 178 177 179 179 179 179 179 179 179 179 179 178 178
160 160 157 152 153 151 151 153 152 149 150 151 151 154 155 154 155 156 155 157 157 156 154 153 156 153 151 151 154 154 157 157 153 149 142 143 147 145 142 144 149 156 159 174 161 163 165 163 164 168 170 171 174 175 176 178 178 178 179 179 179 179 179 178 176 175 174 178 178 179 181 180 182 182 182 182 181 181 181 180 180 178 179 179 179 179 179 179 179 179 179 179 179 178
155 153 151 153 150 151 150 152 153 150 151 152 154 153 154 156 155 155 159 156 156 155 154 151 155 151 151 152 155 154 153 153 152 142 143 146 147 145 148 153 155 158 162 165 169 167 163 164 166 172 174 174 176 177 178 178 178 179 179 178 177 178 177 176 173 173 177 176 178 180 180 180 182 182 182 182 181 181 181 181 180 180 180 180 179 179 179 179 179 179 179 179 179 179
151 149 149 149 149 151 153 154 150 150 153 156 156 154 154 156 157 157 157 159 156 156 153 151 151 150 149 151 152 151 145 142 155 155 150 155 149 149 147 154 158 162 158 163 172 160 161 171 175 177 177 177 178 178 178 177 178 178 178 176 174 173 173 171 172 173 174 174 177 179 179 180 182 180 180 182 181 181 181 181 180 180 180 180 179 179 179 179 179 179 179 179 179 179
152 149 148 149 151 153 153 155 151 150 152 155 155 158 155 158 156 158 158 156 155 153 151 150 151 150 149 149 149 145 141 145 149 154 159 153 154 153 153 150 155 159 160 163 175 178 178 178 178 178 178 178 178 178 177 177 178 178 177 173 169 171 170 170 171 171 172 174 175 179 179 179 179 179 179 180 181 181 181 181 180 180 180 180 179 179 179 179 179 179 179 179 179 179
149 147 148 149 150 152 153 156 152 152 152 153 155 155 157 155 157 160 156 154 152 151 150 153 150 147 145 142 142 148 151 154 155 158 160 163 161 160 157 158 160 162 159 159 163 171 174 170 172 178 178 178 177 177 177 177 177 178 175 170 169 169 169 170 171 171 171 173 174 176 177 179 178 179 176 176 181 181 181 180 180 180 180 179 179 179 179 179 179 179 179 179 179 179
147 147 149 150 149 149 153 154 156 154 154 153 155 156 159 156 158 157 156 155 154 153 154 152 149 143 142 144 147 149 149 150 155 159 159 161 164 161 162 162 164 164 164 165 168 166 176 175 176 176 177 177 177 177 176 174 169 175 177 171 169 169 169 169 170 171 171 171 173 174 176 176 177 177 175 175 181 180 180 180 180 180 179 179 179 179 179 179 179 178 178 178 178 178
147 148 150 152 153 151 153 154 156 155 153 153 156 156 157 157 161 158 156 152 152 157 153 151 145 142 146 148 148 141 145 150 155 157 156 157 161 166 162 164 166 165 164 163 167 171 177 177 176 176 176 176 175 173 174 173 168 169 177 173 169 169 169 169 170 170 170 171 171 172 174 175 176 177 174 177 181 180 180 180 180 179 179 179 179 179 179 179 179 178 178 178 178 178
147 147 149 151 151 153 153 153 156 155 156 154 155 156 158 161 160 157 154 154 158 153 152 147 139 143 147 150 148 142 149 153 155 157 157 158 158 159 167 161 166 163 166 169 168 170 176 177 176 176 175 173 171 166 172 174 171 168 173 177 173 171 171 170 169 169 172 171 174 175 172 173 174 176 175 179 180 180 180 180 180 179 179 179 179 179 179 179 179 178 178 178 178 178
148 150 151 149 151 152 155 154 156 157 154 153 154 155 156 157 161 155 153 155 157 153 147 140 142 145 146 143 150 152 150 150 150 151 153 152 154 159 163 170 167 169 168 170 171 170 177 177 176 176 175 171 165 166 171 170 172 171 169 176 175 171 169 169 170 173 176 176 176 177 174 173 174 174 173 178 180 180 180 180 180 180 179 179 179 179 179 179 179 178 178 178 179 178
149 151 150 149 151 152 154 156 159 155 152 152 154 157 159 158 158 155 158 157 152 149 140 143 144 142 139 146 150 152 150 144 149 152 156 158 164 166 169 167 168 170 168 166 167 171 177 177 176 177 176 173 170 166 168 170 169 171 169 175 176 176 174 172 171 176 178 177 177 176 171 173 174 172 176 178 179 180 180 180 180 179 179 179 179 179 179 179 179 179 179 179 178 178
149 150 153 150 150 151 152 155 154 154 154 154 155 157 159 160 159 156 158 158 154 145 145 146 143 140 146 147 147 148 153 154 156 158 159 162 160 163 167 168 171 165 166 166 168 172 177 177 176 177 176 173 171 166 167 168 170 167 168 173 175 177 178 178 178 179 178 178 177 171 171 172 173 176 179 179 176 177 178 180 180 179 179 179 179 179 179 179 179 179 179 179 178 177
153 151 152 151 151 151 152 154 159 153 153 153 154 156 158 160 162 157 154 150 153 150 149 144 141 146 148 151 151 153 157 159 157 166 162 162 163 165 163 168 170 172 167 168 170 172 177 177 178 177 175 174 171 167 167 168 167 167 171 168 169 175 177 175 176 177 175 178 176 171 170 172 175 177 176 175 176 177 180 180 179 179 179 179 179 179 179 179 179 179 179 179 178 177
