Climate/data/grids_germany_multi_annual_air_temp_mean_1981-2010_08.asc
NCOLS 654
NROWS 866
XLLCORNER 3280414.711633467
YLLCORNER 5237500.62890625
CELLSIZE 1000
NODATA_VALUE -999
[rows 656 to 696 of 866, columns 470 to 563 of 654]
169 167 168 171 170 170 167 165 165 162 165 165 165 170 167 164 169 165 167 158 163 163 166 167 163 165 164 163 164 162 161 165 168 169 162 165 162 156 150 153 160 162 164 161 163 162 158 147 150 150 147 132 130 133 143 148 160 154 160 158 154 141 128 146 141 133 138 -999 -999 -999 -999 -999 -999 -999 -999 -999 -999 -999 -999 -999 -999 -999 -999 -999 -999 -999 -999 -999 -999 -999 -999 -999 -999 -999
165 166 165 167 164 166 164 164 165 163 163 163 165 171 167 163 172 169 161 161 163 165 168 162 163 159 153 158 164 162 162 164 166 169 166 165 161 159 161 159 165 166 164 155 161 163 161 155 155 158 154 135 133 136 143 154 157 162 161 157 158 148 145 152 152 136 139 136 -999 -999 -999 -999 -999 -999 -999 -999 -999 -999 -999 -999 -999 -999 -999 -999 -999 -999 -999 -999 -999 -999 -999 -999 -999 -999
168 165 165 163 164 163 163 163 163 161 159 160 167 170 173 170 173 171 164 161 163 166 164 167 162 155 146 155 162 155 157 164 165 167 171 167 164 168 170 167 168 170 163 157 153 159 160 161 161 159 155 148 144 137 142 143 151 157 162 158 161 157 151 155 147 138 136 134 -999 -999 -999 -999 -999 -999 -999 -999 -999 -999 -999 -999 -999 -999 -999 -999 -999 -999 -999 -999 -999 -999 -999 -999 -999 -999
168 165 165 165 165 164 162 162 164 163 161 161 164 167 174 172 173 171 168 161 165 167 159 163 165 157 155 155 160 156 155 164 163 166 167 171 167 170 166 165 164 166 169 163 154 156 157 161 157 155 149 149 153 150 142 146 150 156 162 160 162 160 158 156 153 144 130 131 131 125 127 -999 -999 -999 -999 -999 -999 -999 -999 -999 -999 -999 -999 -999 -999 -999 -999 -999 -999 -999 -999 -999 -999 -999
167 166 166 165 164 163 164 162 163 162 161 163 165 170 173 174 174 171 169 161 164 168 160 157 166 163 151 153 156 155 161 161 160 168 167 170 167 166 162 164 160 162 169 166 164 163 163 158 149 151 161 158 159 154 147 145 154 154 161 155 157 155 152 154 153 144 140 139 128 130 134 -999 -999 -999 -999 -999 -999 -999 -999 -999 -999 -999 -999 -999 -999 -999 -999 -999 -999 -999 -999 -999 -999 -999
165 166 165 166 164 164 164 163 163 161 160 161 163 169 171 176 174 171 162 164 169 168 158 151 160 161 153 151 153 150 162 158 163 167 167 169 168 165 160 166 164 170 167 165 167 166 159 149 153 144 158 163 161 161 155 154 159 161 163 160 157 153 151 149 150 152 151 145 136 135 134 -999 -999 -999 -999 -999 -999 -999 -999 -999 -999 -999 -999 -999 -999 -999 -999 -999 -999 -999 -999 -999 -999 -999
165 163 163 163 164 163 163 164 164 162 161 160 160 167 170 172 176 166 159 161 166 167 163 151 150 157 157 144 145 150 161 157 165 166 162 164 166 166 162 161 168 169 166 164 165 161 161 160 162 151 154 161 163 162 156 159 156 160 163 160 161 161 159 157 157 157 152 143 146 135 133 -999 -999 -999 -999 -999 -999 -999 -999 -999 -999 -999 -999 -999 -999 -999 -999 -999 -999 -999 -999 -999 -999 -999
172 165 167 165 165 162 164 163 164 162 162 162 163 168 172 175 176 169 169 169 170 169 163 156 147 152 158 148 143 155 159 155 165 166 164 164 163 163 159 166 168 169 163 165 165 166 166 162 164 158 156 155 159 161 161 158 159 158 162 160 160 161 158 160 158 154 148 149 151 137 134 -999 -999 -999 -999 -999 -999 -999 -999 -999 -999 -999 -999 -999 -999 -999 -999 -999 -999 -999 -999 -999 -999 -999
175 171 172 163 163 164 163 163 161 161 162 162 167 166 173 175 177 172 170 172 172 168 166 160 156 145 155 152 137 146 156 153 163 166 159 165 155 154 160 166 166 169 167 164 160 164 167 165 166 164 159 152 159 160 163 162 160 162 161 162 160 158 161 159 159 157 153 153 151 149 137 133 -999 -999 -999 -999 -999 -999 -999 -999 -999 -999 -999 -999 -999 -999 -999 -999 -999 -999 -999 -999 -999 -999
177 172 171 167 167 164 163 163 161 159 163 164 168 170 172 177 177 173 170 172 171 166 159 163 159 149 153 149 143 145 149 157 161 165 160 164 158 154 161 165 167 168 168 165 161 159 161 164 165 164 162 159 160 158 163 162 162 159 155 160 158 157 159 162 161 159 156 148 145 145 143 144 134 -999 -999 -999 -999 -999 -999 -999 -999 -999 -999 -999 -999 -999 -999 -999 -999 -999 -999 -999 -999 -999
173 173 170 172 170 170 161 163 167 170 168 171 167 173 174 177 178 174 172 173 172 166 157 166 162 155 153 154 148 145 140 144 153 161 159 162 159 151 157 166 167 167 165 163 164 162 161 162 163 162 164 161 158 159 164 161 162 159 160 159 151 154 156 158 162 160 153 144 137 134 130 132 131 -999 -999 -999 -999 -999 -999 -999 -999 -999 -999 -999 -999 -999 -999 -999 -999 -999 -999 -999 -999 -999
171 170 173 175 171 170 164 167 169 170 172 172 171 176 178 179 173 177 172 174 172 167 162 166 171 168 157 155 155 150 152 146 137 143 151 150 152 156 151 161 165 166 161 162 159 160 157 159 163 164 166 161 161 162 165 162 162 158 155 156 154 150 154 153 156 159 152 140 134 135 124 123 127 -999 -999 -999 -999 -999 -999 -999 -999 132 131 -999 -999 132 -999 -999 -999 -999 -999 -999 -999 -999
177 178 177 176 177 176 174 172 175 167 171 175 175 171 174 178 178 174 175 174 174 172 169 166 172 171 160 164 162 152 152 156 148 137 143 148 153 157 153 160 166 165 166 164 157 155 155 155 159 164 164 163 164 166 165 164 161 158 152 150 155 152 151 150 159 158 152 146 145 143 129 132 140 131 128 127 125 -999 -999 -999 129 132 134 134 133 136 -999 -999 -999 -999 -999 -999 -999 -999
183 182 181 178 178 177 179 178 177 175 178 177 171 174 177 179 179 173 173 173 175 170 170 170 176 174 168 170 165 157 156 154 150 141 138 147 160 159 160 163 162 164 164 163 161 162 162 158 161 164 165 164 164 163 161 163 162 161 157 159 156 153 153 155 158 157 152 152 150 143 140 133 147 139 142 139 132 128 -999 -999 129 127 142 139 141 141 -999 -999 -999 -999 -999 -999 -999 -999
183 182 182 181 181 181 176 180 179 176 179 177 176 178 179 179 178 176 173 173 174 173 175 175 175 174 172 173 170 164 164 153 153 140 140 151 159 161 160 160 165 165 161 158 155 154 160 160 162 164 164 161 160 156 162 160 159 163 162 159 156 157 151 151 159 158 155 155 154 151 145 146 153 151 149 149 146 141 133 130 128 139 148 146 140 142 144 146 142 -999 -999 -999 -999 -999
183 182 182 182 182 182 182 182 181 180 180 176 177 178 180 178 180 180 174 177 170 175 177 177 170 170 174 172 168 168 156 150 148 141 140 147 156 159 156 158 161 164 161 153 154 147 157 162 163 162 165 162 158 155 159 158 163 165 164 161 158 155 153 146 153 158 156 156 155 154 153 151 155 154 154 150 149 143 135 132 135 131 144 152 149 146 146 150 144 -999 -999 -999 -999 -999
183 182 182 182 182 182 182 182 181 181 181 178 179 180 180 181 177 175 176 178 171 177 178 178 171 167 168 173 170 169 161 151 145 150 154 138 152 156 147 154 159 163 160 149 144 151 155 156 161 158 163 159 154 153 157 158 163 163 163 162 155 148 146 142 147 151 153 155 157 155 153 153 154 155 151 157 150 141 138 140 140 132 145 152 152 147 150 147 150 145 -999 -999 -999 -999
183 183 182 182 182 182 182 182 181 181 181 180 179 180 181 181 178 176 178 176 171 176 179 178 174 170 171 174 174 173 167 161 152 155 162 149 150 154 144 152 157 162 158 156 142 148 149 148 159 160 161 161 160 155 159 160 161 162 162 162 160 151 147 148 153 148 153 155 157 154 151 153 154 157 157 159 156 152 144 146 146 137 142 152 154 146 154 151 151 147 -999 -999 -999 -999
183 183 183 182 182 182 182 181 181 181 181 181 181 181 181 181 179 178 178 180 174 177 178 179 174 174 173 175 177 174 166 167 159 167 169 159 159 160 143 146 154 166 158 153 142 143 149 150 157 158 163 161 157 154 159 161 160 164 162 160 158 157 155 159 155 150 154 153 156 158 156 157 157 157 156 159 159 158 152 150 150 142 143 147 156 151 157 149 147 148 150 152 -999 -999
183 183 183 183 182 182 182 182 181 181 181 181 181 181 181 181 180 180 180 178 175 177 178 179 178 178 173 173 176 174 172 172 162 168 170 163 169 166 156 157 166 166 149 153 143 136 143 152 156 159 158 163 161 159 156 157 162 163 158 157 158 162 158 162 158 153 157 157 157 157 158 158 158 157 155 160 160 160 155 151 153 151 148 154 155 155 152 152 144 143 141 152 -999 -999
183 183 183 183 182 182 182 182 181 181 181 181 181 181 181 181 180 180 180 180 176 176 178 179 178 179 175 176 176 174 175 175 170 173 173 164 170 169 163 164 170 166 147 140 142 138 150 153 155 157 157 160 160 158 157 160 158 161 162 160 157 159 163 161 160 159 157 158 158 161 160 154 154 155 157 156 161 158 154 158 157 150 146 151 155 156 153 154 147 142 145 150 -999 -999
183 183 183 183 182 182 182 182 181 181 181 181 181 181 181 181 181 180 180 178 179 178 179 179 178 177 177 178 177 174 176 174 173 174 173 171 172 173 162 161 173 164 154 137 138 136 143 154 156 157 156 156 156 156 157 159 158 160 159 159 159 161 161 164 162 161 160 158 158 164 161 157 156 156 154 158 162 157 154 158 158 153 156 154 150 152 157 156 154 150 144 141 147 147
184 183 183 183 183 182 182 182 181 181 181 181 181 181 181 181 181 180 180 180 180 179 178 178 176 177 176 176 178 177 177 176 174 175 174 172 172 173 168 166 175 168 156 151 140 141 142 150 154 155 152 154 156 156 157 156 158 158 156 159 161 163 164 163 164 163 164 162 161 166 160 162 159 160 159 163 163 161 157 160 158 157 161 159 157 155 156 158 155 153 151 140 145 149
182 182 182 182 181 182 182 182 181 181 181 181 181 181 181 181 181 180 180 180 180 179 179 178 178 178 176 178 178 178 177 177 176 175 174 172 172 172 166 165 175 170 154 156 151 147 143 147 153 153 152 151 160 156 156 156 155 156 153 155 160 164 165 166 164 160 156 158 164 165 159 162 163 162 161 161 161 162 161 157 159 159 159 160 157 155 157 158 156 154 148 143 146 147
182 182 182 182 181 181 182 182 182 181 181 181 181 181 181 181 181 180 180 180 180 179 179 179 179 177 177 178 178 177 177 177 177 176 174 172 173 172 168 174 174 164 151 156 151 152 151 148 150 166 156 160 166 159 155 154 153 152 152 156 159 163 161 166 166 162 165 165 166 166 160 165 159 164 162 158 154 158 158 158 159 160 162 160 159 159 161 161 153 151 153 150 149 144
182 182 182 183 181 181 181 181 181 181 181 181 181 181 181 181 181 180 180 180 180 179 179 179 179 178 178 178 178 177 177 177 176 175 175 175 173 172 170 174 174 165 164 165 156 156 152 149 155 172 164 170 172 167 159 156 162 153 154 157 159 161 164 165 163 170 164 158 170 164 168 165 166 160 159 159 156 153 157 156 160 161 162 160 161 159 160 160 158 155 155 152 143 138
181 182 182 181 181 181 181 181 181 182 181 181 181 181 181 181 181 181 180 180 180 180 179 179 179 179 178 178 179 178 177 177 176 176 177 176 175 175 171 175 174 168 170 171 164 157 162 164 169 170 170 169 174 172 169 165 166 164 155 156 159 158 163 161 165 169 161 163 166 168 171 161 166 160 159 156 166 163 159 159 158 164 160 156 160 162 163 162 158 154 152 151 148 138
182 182 182 181 181 181 181 181 181 180 180 181 180 181 181 181 181 181 181 180 180 180 180 180 179 179 179 178 178 177 177 178 177 177 177 176 176 172 171 176 176 175 174 170 159 163 164 169 171 173 173 174 174 174 172 171 167 165 156 156 155 157 157 156 161 167 166 170 169 170 172 161 162 159 157 160 163 172 167 164 164 163 164 161 162 164 162 161 160 155 149 152 147 136
182 181 181 181 181 181 181 181 180 180 180 180 180 180 181 181 181 181 181 181 180 180 180 180 179 179 179 179 178 178 178 177 177 176 176 176 175 175 174 176 176 173 167 165 162 165 164 169 172 176 175 176 175 173 170 167 156 159 149 151 155 152 157 156 162 166 169 170 170 172 172 163 165 160 160 167 168 177 168 167 169 167 166 165 166 163 163 163 160 157 152 160 152 141
182 180 180 181 180 181 181 181 180 180 180 180 180 180 180 181 181 181 181 181 180 180 180 180 179 179 179 179 178 179 178 177 177 176 177 177 177 177 177 177 177 175 170 168 165 167 168 168 172 177 174 173 175 173 165 157 152 150 144 146 152 148 152 154 152 158 167 168 172 170 173 168 160 166 163 168 171 177 176 168 170 163 164 167 163 160 163 163 161 159 156 160 160 146
180 180 179 179 180 180 180 180 180 180 180 180 180 180 180 180 180 181 181 180 180 180 180 180 180 180 179 179 179 178 178 177 177 177 176 176 176 177 178 178 178 171 169 171 170 171 171 169 172 177 176 173 173 173 169 153 153 158 154 147 159 157 149 160 160 159 164 167 171 168 173 170 168 164 166 164 170 177 169 165 168 167 160 163 166 158 158 163 164 166 164 166 159 152
179 179 179 178 179 178 178 179 180 179 179 179 180 180 180 180 180 179 179 180 180 180 180 180 180 180 180 179 179 178 178 178 177 177 177 177 177 177 178 178 178 178 173 176 172 175 175 172 176 177 178 171 173 171 169 165 163 159 161 156 165 165 162 168 162 161 166 167 165 167 170 170 169 166 171 167 169 176 166 170 172 169 165 162 166 165 160 158 156 166 168 166 161 161
181 179 178 179 178 179 179 179 179 179 179 180 180 180 180 180 180 179 179 179 179 179 179 180 180 180 180 180 179 178 178 178 178 177 177 177 177 177 178 178 179 179 175 176 172 175 178 173 174 178 174 180 175 170 169 174 175 167 169 161 162 170 170 170 171 166 169 169 169 171 171 173 172 170 167 168 175 175 170 168 173 170 173 170 165 172 165 161 161 172 167 162 160 158
180 180 179 179 180 177 179 178 178 179 179 179 178 179 179 179 180 179 179 179 179 179 179 180 180 180 180 180 179 179 178 178 178 178 177 177 177 177 178 179 179 179 179 179 178 175 178 175 177 179 178 179 177 177 174 175 174 173 171 165 159 167 167 172 171 173 171 170 170 171 167 172 173 168 169 171 171 177 172 175 173 170 172 172 167 172 163 164 168 171 173 166 164 162
180 178 179 180 177 176 177 177 177 179 179 179 178 178 178 179 179 180 179 179 179 179 179 180 180 180 180 180 179 179 179 178 178 178 178 178 178 178 178 179 179 179 179 179 179 178 178 177 179 178 178 178 178 177 176 175 174 172 171 170 165 172 171 173 172 172 169 170 169 170 166 170 172 168 168 169 172 172 178 176 172 169 175 171 173 169 170 169 169 172 171 167 164 164
179 179 178 178 178 177 177 178 179 179 179 177 177 178 179 179 178 178 178 179 179 179 179 180 180 180 180 180 179 179 179 179 178 178 178 178 178 178 178 178 178 179 179 179 179 180 180 179 179 179 178 179 178 175 176 176 175 175 173 173 173 171 172 172 172 172 170 169 166 168 171 165 170 173 170 168 171 173 177 176 174 175 172 177 168 171 170 170 169 170 166 163 167 165
179 178 177 177 177 176 178 178 179 178 177 176 178 176 176 177 178 178 179 178 178 179 179 180 179 180 180 180 180 179 179 179 179 178 178 178 178 178 178 178 178 179 179 179 180 180 180 180 180 178 179 177 179 179 178 175 175 175 175 174 175 173 174 175 173 169 165 165 172 172 171 171 169 175 176 175 172 173 175 176 175 177 177 176 172 172 173 174 171 172 168 165 166 167
178 177 176 178 177 178 176 178 179 177 177 176 177 178 177 177 178 177 177 177 179 178 179 179 179 179 180 180 180 179 179 179 179 179 178 178 178 178 178 178 178 178 179 179 180 180 180 180 180 179 178 179 178 178 176 177 176 176 176 175 173 174 175 175 174 172 168 167 172 172 166 169 168 172 171 171 174 174 178 176 174 177 179 173 172 171 171 171 171 169 167 166 166 167
177 177 175 176 174 176 178 179 177 177 177 177 176 177 179 177 178 178 179 177 179 179 179 179 179 179 179 179 180 180 179 179 179 179 179 179 179 179 179 178 178 178 179 180 180 180 180 180 181 178 178 177 180 178 176 176 177 176 176 176 176 174 176 175 174 175 170 171 171 171 172 170 170 172 172 175 176 175 176 177 179 177 177 175 176 173 172 171 169 171 168 165 163 164
177 175 176 176 175 177 178 177 176 175 176 177 178 178 178 178 179 179 179 179 179 180 180 180 179 179 179 180 180 180 180 180 179 179 179 179 179 179 179 179 179 179 179 179 180 181 181 181 181 181 178 180 179 178 177 176 177 176 176 176 176 176 176 175 175 174 171 173 170 173 171 171 168 173 173 174 173 179 181 180 178 175 178 176 172 175 171 171 165 168 168 163 166 165
176 177 177 178 176 178 177 177 177 177 177 177 177 176 177 178 178 176 178 179 180 180 180 180 180 180 180 180 180 180 180 180 180 179 179 179 179 179 179 178 179 179 179 179 181 181 181 181 181 181 178 175 174 173 174 176 176 178 177 178 176 176 177 176 176 172 173 169 166 171 173 172 171 172 174 174 173 181 173 175 174 174 174 177 176 174 171 168 164 167 171 160 164 163
