Climate/data/grids_germany_multi_annual_precipitation_1981-2010_04.asc
NCOLS 654
NROWS 866
XLLCORNER 3280414.711633467
YLLCORNER 5237500.62890625
CELLSIZE 1000
NODATA_VALUE -999
[rows 424 to 476 of 866, columns 288 to 383 of 654]
46 48 52 51 55 53 65 56 54 52 48 50 44 49 51 44 54 47 53 57 57 57 55 53 50 47 46 45 45 44 44 42 40 40 40 40 42 40 40 42 42 40 38 37 37 37 37 41 38 40 45 46 45 43 44 43 42 43 42 41 41 41 40 40 40 39 38 35 36 37 37 38 39 36 37 36 36 36 35 36 35 37 38 39 37 37 37 38 39 40 43 44 44 48 45 46
47 46 50 50 52 56 57 50 51 57 49 47 42 45 51 42 53 52 52 51 56 56 57 54 52 49 47 47 46 45 42 41 39 40 40 39 39 39 38 37 37 36 37 37 38 37 39 40 42 44 42 42 42 44 44 45 44 44 42 42 42 41 40 40 40 40 37 36 36 35 36 35 36 36 36 35 35 35 35 35 36 37 37 38 39 38 39 39 40 40 41 42 42 42 43 43
44 48 46 50 51 56 58 51 51 49 47 43 50 51 42 46 47 52 47 54 55 55 55 54 53 51 49 48 47 45 42 41 39 39 39 38 39 39 37 38 37 37 37 39 40 38 40 43 43 43 43 43 42 41 42 44 44 42 41 40 40 40 40 40 40 38 38 37 37 37 36 35 36 38 38 38 37 36 36 36 36 36 37 36 37 38 37 38 39 39 41 42 42 41 42 41
46 45 45 44 47 48 50 51 48 51 41 49 50 49 48 45 45 43 53 47 52 55 57 55 54 53 51 48 47 45 42 42 40 40 38 38 38 37 38 38 39 38 39 39 40 41 42 43 45 43 43 44 43 42 40 41 42 41 39 39 39 38 37 40 39 38 38 38 39 38 39 39 38 36 37 37 36 36 36 35 36 36 37 36 37 38 37 38 39 38 39 39 40 40 41 41
49 45 43 43 42 43 42 44 43 49 41 50 46 49 56 52 50 55 45 54 54 55 55 56 53 54 52 49 47 45 42 40 41 41 40 40 39 39 37 36 37 40 39 38 38 39 40 43 42 40 41 42 44 43 39 37 41 41 37 38 37 37 36 38 38 38 39 39 39 39 37 37 36 37 37 37 37 37 36 36 36 36 38 37 37 37 38 38 38 39 39 41 41 42 42 43
50 44 44 43 43 43 43 42 42 44 42 41 40 47 51 57 52 54 53 47 49 55 55 55 56 54 51 49 47 44 42 40 40 40 39 38 38 39 37 37 36 37 38 39 38 38 40 40 40 39 38 40 42 42 42 40 36 38 39 38 38 38 39 39 39 36 37 38 37 36 36 39 38 37 39 39 39 39 37 36 36 36 37 37 37 37 38 37 38 38 39 40 41 42 43 44
47 45 47 47 43 43 43 42 41 42 41 41 41 42 47 49 56 50 53 55 55 57 57 56 54 53 52 49 47 44 42 43 40 41 41 40 38 39 37 38 40 39 36 38 38 38 37 38 38 37 38 39 39 39 40 39 39 38 37 38 38 39 38 38 38 38 38 37 37 36 37 37 37 37 36 37 39 36 36 36 36 36 36 37 37 37 38 38 37 37 37 38 40 41 42 43
46 45 45 47 46 43 44 46 42 42 43 48 47 41 44 46 48 58 55 52 51 52 56 57 57 56 51 51 48 44 44 42 42 41 40 39 39 38 38 38 38 36 36 36 37 38 38 38 37 40 40 39 39 38 37 39 38 38 37 37 39 39 38 40 39 38 37 37 36 36 36 38 38 38 38 36 36 35 36 36 36 36 36 37 38 37 37 38 37 37 37 37 38 38 39 41
47 46 48 47 47 47 46 44 45 49 52 48 43 43 49 57 57 57 51 51 54 55 56 56 56 55 54 53 48 45 43 41 40 41 41 39 39 39 38 38 37 37 36 36 36 36 36 39 42 41 42 40 39 37 39 37 36 38 38 37 36 38 38 37 36 36 38 38 38 36 36 35 38 35 36 36 36 35 36 36 35 37 38 38 38 38 37 38 38 37 37 37 37 38 38 39
49 45 48 48 49 49 46 46 49 51 50 50 43 42 49 52 52 55 55 54 52 57 54 56 54 60 57 55 49 45 44 42 41 40 39 39 39 40 39 38 38 37 37 36 36 35 37 39 41 41 41 40 40 40 39 37 38 39 38 38 37 36 36 36 36 35 36 36 37 35 35 35 35 36 36 36 36 36 36 36 36 37 39 39 40 38 38 38 37 37 37 37 37 37 38 38
47 46 49 48 50 55 53 50 48 50 50 51 47 42 41 48 47 47 50 56 57 57 55 51 49 52 59 51 50 47 45 44 44 40 39 38 41 39 40 40 39 38 38 38 37 36 36 39 40 39 41 42 41 40 40 40 39 40 40 38 37 36 36 36 37 36 36 36 37 37 37 36 38 38 37 37 36 38 39 38 39 38 40 42 42 41 40 38 38 39 39 38 39 39 38 38
47 49 48 47 51 56 59 56 51 52 52 49 49 44 42 42 47 45 48 53 48 54 53 55 49 52 58 55 52 49 46 47 44 44 41 41 41 41 40 41 39 38 39 38 38 37 37 38 38 39 40 42 43 42 41 39 40 38 38 36 36 36 36 36 37 36 37 37 39 39 38 37 38 37 38 38 38 39 40 38 40 39 40 42 41 40 41 41 39 38 38 39 38 39 38 38
48 54 51 49 52 54 55 52 54 54 51 48 48 43 42 42 41 41 39 46 46 47 54 54 53 49 57 57 55 50 48 47 47 45 43 42 41 42 42 40 39 39 39 38 39 40 38 38 38 38 39 42 42 42 41 40 40 38 36 36 36 36 37 37 36 37 38 39 39 38 38 38 38 38 37 38 38 39 38 39 39 39 41 42 42 42 42 41 42 41 40 39 39 38 39 39
50 50 56 53 53 57 57 57 54 52 50 50 51 53 47 42 44 47 40 43 44 50 51 50 51 47 54 59 55 52 52 51 48 46 45 44 43 43 42 42 41 39 39 39 39 40 38 37 38 37 38 39 40 37 40 38 39 37 38 38 37 37 38 37 38 38 38 38 38 38 38 38 38 37 37 37 38 38 38 39 39 40 41 40 42 42 42 41 42 42 41 41 40 39 40 40
45 49 49 51 49 50 61 58 64 63 61 51 48 53 51 47 48 43 49 41 40 41 42 51 50 49 54 59 58 57 55 53 53 49 47 45 44 42 43 41 41 41 41 39 40 40 39 38 38 37 37 37 38 40 40 41 40 41 41 41 39 38 37 37 37 37 38 38 38 40 40 39 38 37 37 37 37 38 39 40 39 39 40 40 41 42 42 42 42 42 41 41 40 39 40 41
50 52 57 50 51 49 51 56 58 61 60 50 52 60 59 50 46 46 55 52 49 47 46 52 49 52 55 53 59 58 56 56 54 53 50 48 46 46 45 44 44 42 41 42 42 40 39 39 38 39 38 38 37 38 40 41 43 43 44 43 42 40 38 38 38 38 39 39 39 41 39 39 38 37 37 37 38 38 38 39 40 39 39 39 40 40 40 41 40 39 40 41 40 39 40 42
50 53 56 58 58 52 49 50 52 56 57 59 57 57 55 55 47 53 55 54 43 46 44 46 42 47 46 49 57 59 59 59 57 55 53 51 49 47 46 45 45 43 44 42 42 40 41 40 39 40 38 38 38 40 40 41 42 42 42 42 42 41 38 38 38 38 39 40 39 39 39 40 39 39 38 38 38 38 39 39 39 39 38 39 39 38 39 39 39 38 40 40 40 40 40 41
47 50 61 57 57 58 54 53 51 51 52 54 54 51 56 53 47 57 53 50 52 45 47 42 42 43 49 52 55 57 59 60 59 58 57 54 51 51 50 48 46 45 44 42 42 43 43 42 40 40 40 38 39 38 39 40 41 41 41 41 40 38 38 38 38 38 38 38 39 39 39 38 40 39 38 38 37 38 39 39 39 39 39 39 39 39 39 39 39 39 40 40 40 39 40 40
48 51 51 55 57 54 56 56 56 52 48 51 49 52 54 55 48 55 55 54 51 48 43 42 42 43 45 54 52 53 60 61 62 61 59 56 53 52 52 50 49 48 45 44 45 44 42 42 41 40 40 39 40 40 42 43 42 42 42 43 41 40 39 38 39 39 38 39 39 39 39 38 38 38 39 39 39 39 38 39 38 39 40 40 40 41 40 39 40 41 41 40 40 41 41 41
49 46 53 54 57 53 54 54 55 54 54 51 49 52 52 54 53 54 53 52 44 49 48 45 46 45 45 48 55 57 51 59 59 59 59 58 55 54 52 52 51 50 49 47 46 46 44 44 42 42 41 42 42 45 49 51 45 43 41 41 40 40 39 39 40 40 38 38 38 38 39 39 39 40 39 39 39 41 40 39 40 39 40 39 41 42 41 42 43 43 42 43 43 43 42 42
51 48 54 51 55 51 51 54 55 56 56 56 51 50 46 47 50 48 52 44 44 51 48 49 48 48 45 48 48 50 51 60 61 60 58 58 57 54 52 51 51 52 51 51 48 47 47 45 44 45 45 43 44 47 51 52 52 45 43 41 41 41 41 40 39 38 37 38 38 38 39 40 40 40 39 40 40 42 41 40 40 39 40 40 41 43 43 45 45 45 44 44 43 43 42 42
50 52 48 53 49 55 54 55 54 54 54 56 56 55 51 46 44 44 44 48 51 54 52 53 52 53 49 48 48 53 57 55 55 57 60 56 54 54 52 50 49 49 50 51 50 48 48 46 45 47 45 42 44 46 50 51 52 52 45 43 42 42 41 40 39 41 39 39 39 39 40 40 39 40 39 40 40 41 41 42 41 40 40 39 41 45 47 47 47 46 46 45 44 43 43 43
52 53 49 49 51 56 56 50 54 49 56 56 56 54 53 52 46 44 44 45 47 53 54 52 54 53 52 52 50 52 53 58 59 53 53 57 56 52 50 49 49 47 49 50 51 50 49 49 47 44 43 44 44 44 47 48 51 51 52 49 46 45 45 44 42 41 41 39 39 39 39 39 40 42 40 40 42 43 42 40 39 40 41 40 41 42 46 49 50 49 48 47 47 46 45 44
56 51 51 51 52 59 49 49 46 51 53 53 57 54 51 49 45 43 46 45 51 52 51 53 53 53 50 48 50 52 55 57 55 53 50 50 51 50 49 49 48 48 47 47 49 51 49 48 45 45 45 44 45 44 44 46 46 48 49 51 50 50 50 49 46 45 43 41 39 39 38 39 40 40 41 40 40 41 42 40 40 39 40 41 41 41 42 43 48 52 54 52 50 49 47 45
53 53 50 50 53 53 48 46 47 44 47 51 51 56 55 50 46 44 43 46 45 50 48 50 52 53 51 51 49 48 50 51 55 55 52 49 49 48 48 48 49 50 48 46 46 45 46 45 45 45 43 44 44 43 43 45 45 45 47 49 49 48 49 47 47 46 45 43 44 41 40 40 39 39 41 40 40 41 40 40 41 40 40 41 40 40 43 43 45 48 52 52 49 48 46 44
52 55 53 55 56 50 49 47 48 46 45 47 46 51 52 58 54 48 49 48 47 47 50 49 52 52 53 51 50 49 48 49 51 54 54 50 49 48 48 47 49 49 49 47 46 45 45 43 44 43 43 43 44 44 45 44 43 44 45 47 49 47 46 46 45 45 45 46 44 41 40 40 40 41 40 40 40 42 41 40 41 40 40 40 40 41 41 42 45 44 46 47 45 45 44 41
58 54 55 55 54 51 51 49 45 43 43 43 42 45 45 45 44 44 44 52 49 51 52 48 49 51 52 51 51 50 49 48 51 52 54 51 49 48 48 46 47 48 48 46 45 44 44 42 42 42 43 43 44 44 44 45 43 44 45 46 47 48 46 46 45 44 45 45 43 43 40 40 41 40 40 40 40 42 41 41 41 41 41 41 42 42 43 44 43 44 45 43 43 42 42 41
55 55 53 50 48 47 50 47 43 44 42 44 41 45 43 44 43 46 45 48 50 52 49 47 49 50 52 49 48 48 48 49 52 53 53 52 51 49 47 45 44 45 45 45 45 44 47 44 42 42 45 44 45 44 46 44 43 44 44 45 46 46 46 45 45 44 44 43 43 41 41 42 41 41 41 40 41 41 42 41 43 44 44 43 43 44 43 43 43 43 44 45 43 42 41 42
50 54 51 53 53 46 46 44 42 43 49 48 44 47 48 48 49 50 54 47 45 48 51 46 48 49 53 51 49 48 47 48 50 52 52 51 48 47 45 46 46 46 44 44 45 47 47 46 44 43 42 44 45 44 45 44 44 43 43 44 45 45 45 45 45 44 43 43 43 43 44 44 44 41 42 41 41 41 43 43 43 44 44 44 45 45 43 43 44 45 45 45 44 43 42 43
50 48 47 53 49 46 41 41 45 48 47 43 45 47 48 51 49 50 52 50 48 48 46 47 46 46 48 48 51 50 50 48 49 48 47 48 51 51 50 51 48 48 45 44 45 47 50 48 45 45 43 44 44 44 45 44 44 44 43 44 43 44 45 45 44 44 44 43 43 44 45 45 43 44 42 42 42 41 44 44 44 45 46 45 46 45 44 44 45 45 45 45 44 45 45 45
51 51 48 47 49 45 43 39 40 42 47 44 45 47 49 51 54 53 55 53 47 52 48 54 48 51 48 51 51 54 56 55 54 51 51 50 51 51 52 53 52 49 45 47 48 48 50 53 49 49 44 44 44 44 45 45 45 45 45 44 45 45 44 45 45 44 44 44 44 45 45 45 44 42 46 45 42 44 45 44 45 46 47 47 47 48 48 47 47 48 48 47 47 47 47 47
49 48 46 45 43 42 39 37 39 42 47 47 44 50 45 50 51 53 55 55 51 55 53 53 52 52 54 50 50 50 52 54 56 56 59 52 50 50 52 53 53 50 48 48 49 49 50 51 51 47 45 45 45 45 45 44 44 44 44 45 45 45 46 46 45 45 45 45 46 45 45 45 42 45 48 48 48 46 45 44 47 46 47 47 48 49 50 50 49 50 50 50 50 48 48 48
50 48 45 44 44 41 40 39 40 44 47 49 49 46 44 50 49 57 56 57 57 55 54 54 58 59 53 58 51 51 54 50 51 53 51 53 49 50 50 51 50 49 48 47 47 48 48 49 49 47 46 45 45 44 44 43 43 43 44 44 45 45 46 46 46 46 45 45 46 45 45 42 45 46 48 49 48 48 49 47 47 48 48 50 51 50 51 52 51 50 50 49 49 49 49 47
47 45 43 43 42 41 41 40 40 42 44 45 47 49 49 49 50 48 53 53 52 55 56 56 62 57 58 54 54 53 55 53 54 51 50 51 49 49 49 48 48 48 48 49 49 49 49 48 48 45 45 44 45 47 45 43 43 44 44 44 44 45 46 45 45 45 45 45 44 44 44 41 46 48 48 48 50 50 52 51 51 51 52 52 43 54 54 54 55 53 52 50 49 50 49 47
47 44 44 43 42 42 43 42 43 42 44 45 46 48 51 54 50 52 51 53 53 53 57 56 62 57 57 60 59 56 61 59 54 56 56 48 53 52 50 50 48 50 48 49 48 47 46 46 44 46 46 46 47 46 47 50 49 49 44 44 45 45 45 45 45 44 44 44 42 43 43 40 42 46 47 47 47 49 52 52 51 52 53 53 53 56 54 54 55 53 55 53 52 47 48 45
46 46 47 44 42 42 46 42 42 43 44 46 46 45 49 52 51 53 53 57 55 54 54 56 58 61 60 64 59 61 61 64 62 58 56 52 54 55 52 52 52 51 51 51 50 49 50 47 46 46 47 48 48 48 48 49 48 49 45 46 46 46 46 45 45 44 43 42 43 42 41 41 43 46 45 46 48 50 52 52 53 51 51 52 54 54 55 54 55 52 50 52 48 49 46 49
48 49 46 43 44 46 48 45 44 45 46 47 48 49 46 46 48 50 55 58 56 54 58 56 58 55 64 68 63 61 62 59 63 63 61 58 57 59 54 53 53 52 51 50 50 50 49 49 48 49 49 51 50 49 49 48 46 46 46 46 46 45 46 44 44 42 43 44 43 41 44 45 45 46 45 46 47 48 52 54 54 52 53 52 51 55 54 57 53 49 49 49 49 55 55 55
51 51 47 45 47 48 51 49 45 47 50 47 51 46 47 46 47 48 53 61 57 57 58 55 60 71 75 72 66 67 62 74 64 62 60 56 58 59 57 56 54 52 51 51 51 51 50 50 50 50 50 51 51 50 49 47 47 47 46 46 45 45 44 44 42 44 44 43 42 42 44 45 44 44 45 46 46 48 50 52 56 56 55 53 51 49 50 52 51 49 50 51 49 49 51 56
56 49 45 45 50 49 48 48 49 49 52 50 50 50 50 48 46 48 51 54 57 57 58 58 59 71 71 61 79 76 74 66 73 67 62 61 63 61 60 58 57 53 53 53 53 51 52 51 53 50 50 51 51 50 49 49 48 48 48 50 47 45 45 44 44 44 44 43 43 42 41 42 44 44 44 45 45 46 49 52 52 56 49 49 50 50 49 49 50 51 51 48 51 53 53 52
48 45 45 46 44 47 51 51 53 49 54 55 54 51 50 48 48 48 51 53 53 55 57 59 65 71 72 65 69 72 76 75 70 70 65 64 66 64 62 64 59 59 55 56 55 53 54 53 53 55 53 53 54 52 51 51 50 49 48 47 47 46 44 44 44 43 43 42 41 41 43 43 43 43 43 44 45 45 47 49 51 52 50 48 49 50 50 52 50 47 48 50 51 54 54 55
47 45 47 47 50 50 51 51 52 48 50 50 48 50 49 48 49 48 50 53 53 53 60 61 70 66 75 72 77 77 78 77 76 66 74 71 68 65 63 67 66 60 61 57 55 56 56 55 55 55 55 54 54 52 55 57 52 50 49 47 46 46 46 44 44 45 44 42 42 41 41 43 44 44 45 45 45 46 46 48 51 51 54 54 52 51 49 52 52 50 50 49 50 51 55 55
48 44 51 52 55 51 51 50 46 47 49 45 48 49 48 50 49 50 50 51 53 56 58 62 74 70 76 75 73 73 79 76 75 78 73 79 72 70 73 67 62 64 62 58 58 57 56 57 55 57 56 55 55 54 57 59 55 54 51 49 47 49 46 49 46 43 46 42 41 41 41 43 45 46 46 45 47 46 46 47 49 51 51 52 52 52 48 47 47 49 50 50 52 52 52 53
48 45 54 58 52 48 53 50 48 48 50 48 45 50 47 49 51 50 49 49 52 53 54 58 65 69 76 73 77 80 84 71 78 75 82 78 81 68 79 77 67 64 60 62 61 62 58 58 57 58 57 55 55 54 57 59 58 57 56 54 53 50 50 49 46 45 44 43 42 40 42 44 45 46 46 45 46 45 46 47 48 50 53 54 53 50 51 53 50 52 49 49 48 49 51 51
48 51 53 56 49 46 50 50 45 47 48 44 46 49 47 52 48 48 49 49 49 52 54 55 62 59 76 69 72 74 81 80 79 80 94 84 74 78 79 81 76 71 71 68 63 61 62 61 59 59 56 56 55 56 56 59 59 58 57 58 57 56 55 51 51 47 45 45 43 42 43 44 45 47 45 44 44 46 47 48 49 49 51 49 48 49 53 52 52 51 52 50 51 50 52 52
46 51 51 52 47 47 47 52 44 46 44 46 45 43 49 52 50 49 51 50 48 49 51 57 58 58 61 65 72 73 79 81 83 85 84 79 85 76 81 81 69 72 68 63 64 63 69 65 61 60 59 57 58 57 58 56 59 60 58 59 57 56 54 51 53 55 51 45 43 43 45 45 45 47 46 46 45 45 46 48 49 49 49 48 46 51 55 54 53 53 53 51 51 54 52 48
49 45 46 50 45 46 45 45 44 43 45 47 43 44 47 48 46 52 48 53 47 47 49 54 55 58 59 62 69 78 79 74 78 79 80 82 78 80 79 78 73 74 71 70 71 73 68 65 61 65 61 60 59 59 60 60 61 60 62 62 61 62 58 56 51 52 52 46 46 46 46 46 46 45 48 47 47 46 47 48 49 47 48 50 48 50 52 54 54 55 54 54 53 52 53 52
50 45 49 45 48 52 53 48 52 53 44 43 46 45 45 45 49 48 48 48 54 48 48 49 53 56 60 58 64 65 80 70 73 75 75 81 86 78 75 81 75 74 74 71 71 72 69 69 65 68 66 64 62 61 64 62 61 62 63 63 63 60 60 59 53 54 53 56 48 48 49 49 48 46 49 49 49 50 50 51 50 49 46 47 45 47 49 52 52 51 51 53 51 53 53 52
47 47 49 49 52 53 54 48 53 52 47 47 47 47 46 45 44 43 43 43 48 48 50 49 50 52 54 58 59 67 75 73 66 82 82 72 75 77 71 76 79 80 77 78 78 74 71 76 69 76 69 66 65 64 64 63 62 63 62 62 60 58 60 58 56 55 55 48 58 54 50 50 49 48 49 50 51 52 52 53 53 52 51 48 44 46 48 50 49 52 52 54 52 52 52 53
48 50 48 52 52 52 53 53 48 56 53 51 50 50 48 48 47 45 44 44 44 45 46 47 50 52 54 61 56 60 63 65 60 75 76 69 72 75 71 79 82 82 77 74 74 74 76 77 80 78 78 77 71 71 65 64 63 64 62 62 63 60 61 59 58 57 51 49 50 51 56 51 49 48 49 52 52 54 52 53 50 49 47 45 47 46 47 51 51 53 54 54 53 50 48 55
49 50 50 60 59 52 53 56 48 56 58 62 60 57 51 48 49 46 45 43 46 44 45 47 48 49 51 51 54 58 56 53 57 71 75 69 73 77 77 79 83 77 75 79 78 74 73 72 78 80 83 77 74 71 69 67 66 64 63 63 62 63 61 58 59 57 53 52 58 56 58 57 50 50 50 51 51 52 49 48 47 47 46 47 49 49 50 50 51 53 53 53 54 55 50 47
53 53 50 56 61 55 55 58 54 51 52 54 58 63 52 50 49 47 47 47 48 47 44 45 47 49 48 50 53 57 52 51 61 66 69 60 70 80 72 81 85 85 85 81 76 71 72 75 79 81 80 74 78 68 84 75 73 65 64 63 64 65 63 61 60 53 52 60 60 63 62 59 54 50 51 49 51 50 50 49 53 50 52 48 51 54 55 50 47 47 49 46 56 48 48 48
50 50 51 63 68 59 51 54 58 56 51 53 62 61 55 54 49 49 48 49 50 49 48 44 45 44 49 51 50 57 50 56 61 65 63 59 64 65 76 86 85 84 88 82 76 74 75 73 82 86 88 84 84 77 79 78 72 68 66 66 66 64 61 59 56 52 54 57 63 58 55 57 58 52 51 53 51 49 53 54 55 55 50 48 50 47 47 46 45 42 47 44 47 46 47 49
52 52 53 58 63 59 54 59 60 59 56 53 53 54 59 53 50 53 52 53 52 51 49 44 44 46 46 51 52 48 54 57 57 62 60 62 58 72 72 80 78 81 84 84 73 77 73 81 79 86 78 72 72 78 72 80 82 71 67 65 62 62 61 60 56 53 58 58 64 57 56 53 52 52 53 53 50 52 51 55 54 51 50 49 46 46 46 45 46 43 44 43 44 42 44 50
