Climate/data/grids_germany_multi_annual_precipitation_1981-2010_08.asc
NCOLS 654
NROWS 866
XLLCORNER 3280414.711633467
YLLCORNER 5237500.62890625
CELLSIZE 1000
NODATA_VALUE -999
[rows 468 to 519 of 866, columns 0 to 95 of 654]
-999 -999 -999 -999 -999 -999 -999 -999 -999 -999 77 77 76 77 79 79 77 77 79 77 77 77 80 81 81 78 75 75 74 74 72 74 72 73 71 72 71 70 66 64 63 64 63 64 64 64 67 67 67 65 66 67 65 65 64 63 63 63 62 63 63 63 63 65 66 66 67 67 70 68 70 69 70 70 69 69 68 67 67 70 70 69 71 72 72 72 72 74 76 77 78 79 78 75 80 78
-999 -999 -999 -999 -999 -999 -999 77 79 78 81 80 78 77 77 74 77 79 79 77 77 76 80 81 80 77 81 76 73 73 73 75 78 74 71 71 70 68 66 64 64 62 61 63 65 64 65 67 67 66 65 65 65 64 65 63 63 63 63 63 63 63 63 64 65 65 68 67 69 70 71 68 69 70 69 68 68 67 68 69 69 69 70 71 71 72 72 72 74 75 77 76 74 76 76 79
-999 -999 -999 -999 -999 -999 74 80 80 83 82 78 73 72 73 74 74 77 78 77 75 75 78 74 77 82 78 75 75 76 78 76 80 79 79 71 70 68 65 65 64 62 63 64 65 64 64 66 65 65 65 64 65 63 64 63 64 63 63 63 63 62 63 63 64 63 67 66 68 68 71 69 67 67 67 67 67 67 67 67 67 68 70 69 71 72 72 71 72 73 74 76 76 77 77 77
-999 -999 -999 -999 -999 -999 -999 73 83 84 80 79 75 78 72 71 72 74 75 78 75 75 76 78 83 83 84 76 79 82 81 79 78 85 76 71 70 68 66 65 65 63 64 65 65 63 64 64 64 63 64 64 64 64 64 63 63 64 64 63 63 62 63 62 62 64 66 67 66 68 67 66 65 66 65 65 65 67 66 66 66 68 69 69 69 70 71 71 71 71 75 77 78 78 78 78
-999 -999 -999 -999 -999 -999 -999 -999 -999 83 79 79 77 76 73 70 73 74 75 78 80 76 77 77 88 84 86 80 79 81 81 80 80 85 75 73 70 68 66 65 64 64 65 66 65 64 63 64 63 63 63 64 62 63 63 64 64 63 63 63 63 63 62 63 62 64 66 68 68 69 69 69 65 65 66 66 65 65 65 67 66 67 68 69 69 69 70 70 70 70 72 76 78 78 76 74
-999 -999 -999 -999 -999 -999 -999 -999 -999 79 79 79 77 76 75 74 74 76 78 77 79 76 80 81 81 87 90 85 81 81 77 86 84 84 78 73 71 69 66 66 64 64 63 66 65 64 64 63 64 63 63 64 62 63 63 63 63 63 62 63 63 63 62 63 63 63 66 67 69 70 70 69 66 65 65 65 65 65 65 65 66 66 67 68 69 68 68 70 71 71 72 74 76 76 75 74
-999 -999 -999 -999 -999 -999 -999 -999 -999 83 85 80 77 75 76 76 75 78 78 79 81 79 82 81 81 86 85 85 83 81 75 83 87 86 76 75 70 69 68 67 64 64 64 66 65 64 64 63 63 63 63 61 62 63 63 64 63 63 62 62 63 62 62 62 63 63 64 66 67 69 70 71 66 65 64 64 64 64 65 65 65 65 65 67 67 69 68 69 70 70 71 72 73 74 75 75
-999 -999 -999 -999 -999 -999 -999 -999 -999 90 87 81 77 76 78 78 77 79 80 81 78 77 80 83 78 79 84 83 85 86 79 83 84 88 89 81 74 72 69 68 65 63 63 66 66 64 63 62 61 62 61 61 60 62 62 62 62 63 63 62 62 62 63 63 63 64 63 64 67 68 69 70 67 66 64 63 62 63 63 64 64 64 64 65 67 66 67 69 69 70 69 71 72 72 75 77
-999 -999 -999 -999 -999 -999 -999 -999 -999 -999 87 88 85 79 86 79 82 82 81 80 79 79 82 84 83 85 85 84 86 84 84 81 80 82 90 90 81 74 70 67 65 65 63 66 66 65 63 62 62 61 61 61 60 60 61 62 62 62 63 64 63 61 62 63 63 63 64 64 65 67 68 69 69 69 68 68 63 62 63 64 64 64 64 66 65 65 66 68 69 70 69 71 73 72 77 82
-999 -999 -999 -999 -999 -999 -999 -999 -999 -999 80 85 92 86 86 83 82 81 81 82 78 83 84 84 83 85 78 80 89 87 81 80 83 86 88 85 84 75 71 71 69 65 63 65 66 66 64 63 62 62 61 60 60 60 61 61 62 62 62 63 64 61 63 63 64 63 64 63 64 66 67 68 70 69 71 70 67 67 61 63 64 64 64 65 66 65 65 67 68 70 70 73 76 73 73 80
-999 -999 -999 -999 -999 -999 -999 -999 -999 -999 80 83 84 85 86 86 82 82 82 81 81 82 83 84 85 81 84 82 86 87 81 82 83 85 88 90 87 85 75 70 71 65 66 65 68 68 66 65 63 61 61 59 59 59 59 60 60 61 62 63 62 62 62 63 63 63 64 64 64 65 67 67 69 69 70 69 70 71 65 63 63 63 64 64 64 65 66 68 69 69 71 76 77 73 75 75
-999 -999 -999 -999 -999 -999 -999 -999 -999 -999 -999 -999 -999 -999 -999 -999 84 83 82 82 76 79 83 84 86 83 88 80 87 86 86 85 82 88 89 88 82 73 68 63 63 66 66 69 67 69 67 65 63 62 62 60 58 58 58 60 60 61 63 63 63 62 63 63 62 62 63 63 63 64 65 67 68 69 69 69 69 68 65 65 63 63 64 63 64 65 66 68 69 75 75 74 78 74 78 75
-999 -999 -999 -999 -999 -999 -999 -999 -999 -999 -999 -999 -999 -999 -999 -999 -999 82 80 84 83 84 85 87 81 89 86 87 88 88 93 84 89 88 87 89 85 76 65 68 70 71 71 70 69 69 68 65 64 63 60 60 58 57 58 60 60 60 62 63 63 63 62 63 62 62 62 63 63 63 65 66 66 67 69 69 69 69 69 65 65 64 65 64 64 65 66 67 68 71 75 79 78 76 78 80
-999 -999 -999 -999 -999 -999 -999 -999 -999 -999 -999 -999 -999 -999 -999 -999 -999 81 80 85 83 85 88 88 86 90 86 86 90 94 92 83 93 87 88 83 87 74 63 78 80 73 72 74 70 70 68 67 64 62 60 59 58 56 57 59 60 60 61 62 62 63 63 62 62 63 63 63 64 64 64 64 66 68 68 69 69 69 69 68 64 65 65 65 65 65 67 68 68 68 78 80 80 78 79 78
-999 -999 -999 -999 -999 -999 -999 -999 -999 -999 -999 -999 -999 -999 -999 -999 -999 -999 83 86 87 91 85 91 92 89 85 88 94 99 97 87 92 92 83 83 77 80 81 64 65 77 74 72 72 69 68 63 61 61 58 58 57 57 57 58 59 60 59 60 61 62 62 62 60 63 62 62 63 63 65 63 65 65 67 67 68 68 67 65 66 65 66 67 69 67 67 68 68 68 68 72 80 81 79 80
-999 -999 -999 -999 -999 -999 -999 -999 -999 -999 -999 -999 -999 -999 -999 -999 -999 -999 86 89 90 89 93 92 92 92 91 93 92 99 98 89 93 90 87 80 66 76 76 72 65 69 75 74 71 71 65 62 61 59 59 60 58 59 58 59 58 58 59 60 61 60 60 60 59 61 62 62 62 62 63 63 63 65 65 65 67 67 65 63 67 67 69 68 71 74 68 69 68 68 69 71 75 78 80 80
-999 -999 -999 -999 -999 -999 -999 -999 -999 -999 -999 -999 -999 -999 -999 -999 -999 -999 -999 90 94 92 100 97 93 97 99 97 99 101 95 92 91 83 86 78 76 68 69 72 61 70 72 75 71 70 65 62 62 64 61 61 59 59 59 58 59 59 60 60 61 60 60 60 59 60 62 62 62 62 62 63 63 64 64 65 67 67 65 64 66 66 69 67 73 74 75 69 70 68 67 69 83 81 82 87
-999 -999 -999 -999 -999 -999 -999 -999 -999 -999 -999 -999 -999 -999 -999 -999 -999 -999 -999 94 98 98 97 94 98 103 104 103 105 101 98 96 88 75 80 85 83 77 77 75 71 60 64 74 71 66 66 65 64 63 62 60 60 59 58 57 59 59 59 61 60 60 60 60 60 60 61 62 62 62 62 63 63 63 64 64 67 66 66 65 67 66 68 70 73 73 74 75 70 67 67 68 72 83 88 95
-999 -999 -999 -999 -999 -999 -999 -999 -999 -999 -999 -999 -999 -999 -999 -999 -999 -999 -999 -999 96 92 92 99 100 101 106 109 106 100 94 93 83 96 87 89 86 81 77 77 64 60 61 70 68 70 66 66 63 61 60 60 59 58 58 59 62 60 61 60 62 61 60 59 60 61 62 62 62 63 63 62 62 63 63 63 63 65 63 62 64 64 66 71 73 74 73 72 68 66 66 65 73 81 86 92
-999 -999 -999 -999 -999 -999 -999 -999 -999 -999 -999 -999 -999 -999 -999 -999 -999 -999 -999 -999 92 93 96 100 102 104 105 107 101 100 91 96 96 92 88 85 78 79 79 75 69 58 60 68 71 68 66 67 66 61 59 59 58 58 59 60 61 61 61 61 61 61 60 60 60 60 62 62 63 64 63 64 62 62 63 63 63 65 64 62 64 65 67 68 69 71 71 67 71 70 65 65 65 72 82 90
-999 -999 -999 -999 -999 -999 -999 -999 -999 -999 -999 -999 -999 -999 -999 -999 -999 -999 -999 -999 94 96 100 102 105 85 106 100 98 91 99 97 96 88 83 74 70 67 68 69 62 64 70 71 72 69 69 69 66 66 63 60 58 58 61 62 61 60 62 62 60 60 60 61 61 61 62 64 64 64 64 64 64 62 62 64 64 63 64 63 64 65 67 68 69 69 64 67 70 66 70 67 65 66 75 82
-999 -999 -999 -999 -999 -999 -999 -999 -999 -999 -999 -999 -999 -999 -999 -999 -999 -999 -999 -999 99 -999 -999 -999 -999 -999 105 100 95 95 97 97 95 91 82 71 70 69 70 61 65 63 66 69 70 70 67 70 66 63 63 63 59 58 62 62 62 63 61 62 61 62 61 61 62 62 63 63 64 64 64 64 64 63 63 63 64 62 63 62 64 64 66 67 68 66 67 68 70 71 66 70 68 65 69 71
-999 -999 -999 -999 -999 -999 -999 -999 -999 -999 -999 -999 -999 -999 -999 -999 -999 -999 -999 -999 -999 -999 -999 -999 -999 -999 102 96 97 97 95 97 95 82 73 69 68 79 81 79 69 72 69 67 74 73 67 72 68 67 62 61 58 61 62 63 61 62 60 67 64 64 62 62 62 63 63 63 64 64 65 65 64 64 64 64 64 64 63 64 64 66 67 67 66 66 67 67 68 66 65 72 67 65 68 73
-999 -999 -999 -999 -999 -999 -999 -999 -999 -999 -999 -999 -999 -999 -999 -999 -999 -999 -999 -999 -999 -999 -999 -999 -999 -999 97 96 93 96 98 91 79 77 75 68 78 86 83 81 80 77 67 75 74 71 71 70 66 65 63 66 63 63 64 63 62 63 63 70 70 69 67 62 62 65 64 63 65 65 66 66 65 65 65 65 65 64 64 64 66 67 68 68 67 68 71 68 67 65 69 72 69 64 66 69
-999 -999 -999 -999 -999 -999 -999 -999 -999 -999 -999 -999 -999 -999 -999 -999 -999 -999 -999 -999 -999 -999 -999 -999 -999 98 96 96 94 96 96 93 90 85 69 67 71 74 80 80 82 80 74 72 76 74 73 70 69 64 64 69 68 63 62 68 66 65 65 65 65 66 67 66 67 68 66 65 65 65 69 70 68 69 66 66 66 64 64 65 66 68 69 69 70 71 71 71 68 66 73 73 69 62 64 73
-999 -999 -999 -999 -999 -999 -999 -999 -999 -999 -999 -999 -999 -999 -999 -999 -999 -999 -999 -999 -999 -999 -999 103 97 96 96 95 94 92 92 91 88 79 68 67 79 73 65 70 76 80 82 79 79 75 69 67 64 63 65 64 66 67 65 68 63 66 66 65 65 63 62 63 65 70 68 66 65 66 73 75 75 70 69 66 69 65 66 67 66 66 68 68 69 72 73 73 70 69 73 68 69 61 65 76
-999 -999 -999 -999 -999 -999 -999 -999 -999 -999 -999 -999 -999 -999 -999 -999 -999 -999 -999 -999 -999 -999 -999 105 95 95 95 95 96 92 91 84 74 76 68 83 82 80 74 71 78 80 82 90 79 76 71 67 66 65 66 65 65 67 68 64 70 69 68 67 65 64 64 63 64 68 72 68 70 69 71 76 76 71 73 73 71 67 68 67 67 67 69 69 69 71 73 73 74 73 68 62 62 62 70 73
-999 -999 -999 -999 -999 -999 -999 -999 -999 -999 -999 -999 -999 -999 -999 -999 -999 -999 -999 -999 -999 106 101 94 97 96 93 92 92 91 89 75 76 68 83 82 84 77 75 70 69 68 77 75 81 74 73 67 67 64 64 66 66 65 66 65 72 71 70 70 70 67 64 65 66 67 68 70 75 73 71 75 74 74 76 77 73 69 68 68 68 68 68 70 71 70 70 69 71 72 69 73 67 61 64 76
-999 -999 -999 -999 -999 -999 -999 -999 -999 -999 -999 -999 -999 -999 -999 -999 -999 -999 -999 -999 102 102 97 93 93 96 85 88 92 90 74 88 83 75 79 77 82 81 80 73 71 71 68 70 78 79 72 69 65 66 75 70 70 65 64 70 73 76 75 71 68 68 70 74 73 68 74 77 76 72 73 77 77 80 80 75 73 71 70 69 69 69 68 70 73 72 70 70 66 69 70 67 70 67 63 69
-999 -999 -999 -999 -999 -999 -999 -999 -999 -999 -999 -999 -999 -999 -999 -999 -999 -999 -999 103 97 96 96 90 84 81 86 74 75 71 79 80 83 72 84 82 84 81 79 79 74 71 71 80 68 73 71 69 67 72 78 73 74 67 67 73 76 78 75 70 65 68 75 75 76 70 71 74 78 76 75 77 77 79 77 76 72 72 71 71 71 70 69 70 68 69 70 68 65 73 73 71 65 69 63 67
-999 -999 -999 -999 -999 -999 -999 -999 -999 -999 -999 -999 -999 -999 -999 -999 -999 -999 -999 98 94 93 92 88 94 86 85 90 80 82 89 80 87 79 85 84 80 81 81 79 70 63 78 80 69 71 70 70 68 73 69 77 72 68 69 71 70 67 75 72 67 67 70 74 77 79 75 73 74 74 72 74 77 78 74 79 76 76 74 74 73 71 73 70 69 66 65 64 62 67 68 68 71 72 65 67
-999 -999 -999 -999 -999 -999 -999 -999 -999 -999 -999 -999 -999 -999 -999 -999 -999 -999 -999 -999 95 95 94 87 93 90 90 81 85 83 88 85 85 85 84 84 80 80 76 67 73 67 71 74 69 65 67 69 72 76 75 69 65 68 72 69 68 66 69 77 66 74 76 74 79 78 77 76 72 73 67 74 75 77 72 75 77 74 75 73 73 74 75 74 67 65 70 69 66 65 63 63 61 63 63 65
-999 -999 -999 -999 -999 -999 -999 -999 -999 -999 -999 -999 -999 -999 -999 -999 -999 -999 -999 -999 95 95 94 91 87 92 88 88 89 89 84 85 85 83 86 81 77 77 76 74 67 67 71 74 68 65 69 74 74 71 74 68 69 66 74 72 66 70 77 74 73 77 81 84 82 84 79 76 77 75 71 73 78 76 76 72 78 80 74 74 72 74 73 75 65 62 61 60 60 60 61 62 62 67 63 64
-999 -999 -999 -999 -999 -999 -999 -999 -999 -999 -999 -999 -999 -999 -999 -999 -999 -999 -999 -999 -999 96 96 95 92 89 88 88 92 89 88 81 87 86 82 75 76 71 70 70 71 75 73 70 65 66 65 69 71 74 75 76 73 73 76 69 71 74 75 70 70 73 75 78 87 83 83 75 72 76 66 75 78 75 70 69 78 78 76 74 71 70 77 64 62 63 63 60 64 64 63 71 64 65 67 63
-999 -999 -999 -999 -999 -999 -999 -999 -999 -999 -999 -999 -999 -999 -999 -999 -999 -999 -999 -999 -999 -999 99 97 91 91 87 88 89 90 84 85 88 85 84 82 75 77 67 64 67 74 71 69 70 67 64 69 72 71 72 75 74 77 74 68 75 72 74 75 69 73 72 80 81 85 78 78 73 74 71 75 81 76 75 74 72 80 79 76 63 71 71 65 70 69 73 77 63 71 69 64 67 66 69 66
-999 -999 -999 -999 -999 -999 -999 -999 -999 -999 -999 -999 -999 -999 -999 -999 -999 -999 -999 -999 -999 -999 99 95 -999 -999 89 88 88 90 88 88 89 84 80 78 78 76 70 61 69 71 69 67 64 67 67 66 70 71 73 76 75 75 74 73 77 76 74 81 77 74 73 78 82 84 77 73 77 73 66 70 72 70 64 66 73 78 68 75 64 81 78 79 76 76 76 80 72 73 68 69 64 67 64 67
-999 -999 -999 -999 -999 -999 -999 -999 -999 -999 -999 -999 -999 -999 -999 -999 -999 -999 -999 -999 -999 -999 -999 -999 -999 -999 -999 87 89 91 91 88 88 78 76 73 74 74 69 69 71 70 71 65 63 65 68 67 69 72 70 75 77 79 75 76 79 79 79 78 69 71 71 74 80 81 79 82 75 70 78 72 69 74 78 74 64 63 62 67 70 90 79 83 79 75 79 75 77 74 72 69 63 64 66 69
-999 -999 -999 -999 -999 -999 -999 -999 -999 -999 -999 -999 -999 -999 -999 -999 -999 -999 -999 -999 -999 -999 -999 -999 -999 -999 -999 -999 -999 -999 85 79 74 80 80 78 74 66 63 67 74 72 71 68 68 67 69 71 72 73 72 73 77 75 79 80 80 74 74 74 75 79 77 78 82 78 78 78 83 76 74 78 80 80 77 81 74 82 92 84 76 89 91 81 86 76 83 81 76 71 71 68 68 67 65 65
-999 -999 -999 -999 -999 -999 -999 -999 -999 -999 -999 -999 -999 -999 -999 -999 -999 -999 -999 -999 -999 -999 -999 -999 -999 -999 -999 -999 -999 -999 -999 84 84 81 82 78 69 68 71 66 72 72 75 76 75 72 69 72 75 71 71 71 72 76 78 79 78 81 77 74 78 78 79 79 80 75 75 77 78 76 71 74 77 75 70 61 62 74 93 88 87 79 82 88 82 83 79 71 72 69 66 66 68 64 66 65
-999 -999 -999 -999 -999 -999 -999 -999 -999 -999 -999 -999 -999 -999 -999 -999 -999 -999 -999 -999 -999 -999 -999 -999 -999 -999 -999 -999 -999 -999 -999 80 80 78 69 71 63 73 70 71 66 73 76 77 78 76 74 75 74 72 71 74 75 76 75 80 80 78 76 81 79 81 78 76 76 74 74 69 71 70 67 63 75 73 62 73 73 75 75 80 82 75 85 75 82 79 80 73 74 70 65 66 62 59 58 59
-999 -999 -999 -999 -999 -999 -999 -999 -999 -999 -999 -999 -999 -999 -999 -999 -999 -999 -999 -999 -999 -999 -999 -999 -999 -999 -999 -999 -999 -999 -999 79 80 72 71 75 65 77 71 71 67 67 72 75 75 78 78 76 76 71 74 75 77 76 76 79 82 79 82 81 79 76 72 73 69 71 73 67 72 73 67 66 71 65 63 76 61 79 81 74 71 76 79 81 75 79 78 83 78 71 71 69 67 63 62 63
-999 -999 -999 -999 -999 -999 -999 -999 -999 -999 -999 -999 -999 -999 -999 -999 -999 -999 -999 -999 -999 -999 -999 -999 -999 -999 -999 -999 -999 -999 -999 -999 78 77 73 75 66 78 72 68 73 72 74 73 76 77 79 76 74 70 72 76 78 78 77 78 79 76 75 76 76 76 73 72 71 71 67 67 65 76 71 70 64 61 78 76 63 80 71 76 88 80 82 81 85 85 87 85 78 73 72 69 69 65 62 63
-999 -999 -999 -999 -999 -999 -999 -999 -999 -999 -999 -999 -999 -999 -999 -999 -999 -999 -999 -999 -999 -999 -999 -999 -999 -999 -999 -999 -999 -999 -999 -999 -999 79 77 71 79 79 78 73 76 75 77 77 76 79 77 73 72 72 74 75 76 79 77 74 78 75 75 75 76 76 76 69 67 68 66 65 69 57 68 70 74 58 68 75 71 78 77 83 86 76 78 74 89 88 85 80 72 69 66 64 62 59 59 58
-999 -999 -999 -999 -999 -999 -999 -999 -999 -999 -999 -999 -999 -999 -999 -999 -999 -999 -999 -999 -999 -999 -999 -999 -999 -999 -999 -999 -999 -999 -999 -999 -999 83 80 73 79 82 77 76 72 78 78 78 75 77 75 73 72 74 75 76 75 75 77 73 77 79 77 80 75 75 71 73 70 67 73 68 56 66 61 57 60 66 72 70 82 75 74 69 85 82 80 84 86 84 81 80 77 76 68 68 64 60 60 58
-999 -999 -999 -999 -999 -999 -999 -999 -999 -999 -999 -999 -999 -999 -999 -999 -999 -999 -999 -999 -999 -999 -999 -999 -999 -999 -999 -999 -999 -999 -999 -999 -999 83 77 77 82 79 76 81 80 74 76 78 75 75 73 75 75 75 75 76 74 73 72 73 76 74 77 76 74 70 73 67 65 59 60 55 71 68 60 67 61 72 77 71 69 82 79 69 77 76 77 81 85 76 79 74 76 68 65 70 64 66 59 56
-999 -999 -999 -999 -999 -999 -999 -999 -999 -999 -999 -999 -999 -999 -999 -999 -999 -999 -999 -999 -999 -999 -999 -999 -999 -999 -999 -999 -999 -999 -999 -999 -999 85 85 84 80 83 84 85 85 78 78 76 73 71 73 75 74 72 70 77 70 71 67 72 73 71 72 74 77 76 76 69 69 66 61 65 70 75 73 62 58 63 71 75 85 78 69 64 73 84 88 79 82 73 72 77 81 71 74 76 64 64 62 61
-999 -999 -999 -999 -999 -999 -999 -999 -999 -999 -999 -999 -999 -999 -999 -999 -999 -999 -999 -999 -999 -999 -999 -999 -999 -999 -999 -999 -999 -999 -999 -999 -999 85 78 82 81 84 82 82 82 79 78 76 76 74 75 76 72 73 71 68 71 73 66 63 69 66 67 70 74 75 75 72 81 60 65 71 68 73 70 71 57 67 67 82 75 69 75 75 83 84 77 75 78 71 67 76 73 75 75 68 64 63 61 65
-999 -999 -999 -999 -999 -999 -999 -999 -999 -999 -999 -999 -999 -999 -999 -999 -999 -999 -999 -999 -999 -999 -999 -999 -999 -999 -999 -999 -999 -999 -999 -999 89 81 81 84 82 83 84 79 84 78 79 78 77 74 73 76 71 69 68 73 69 66 64 59 63 63 61 64 66 69 71 68 65 53 62 68 73 76 72 65 55 61 67 68 76 75 62 69 76 75 73 68 76 69 69 69 70 75 77 75 73 67 66 63
-999 -999 -999 -999 -999 -999 -999 -999 -999 -999 -999 -999 -999 -999 -999 -999 -999 -999 -999 -999 -999 -999 -999 -999 -999 -999 -999 -999 -999 -999 -999 -999 85 81 78 83 83 85 81 81 85 83 76 77 73 74 75 78 75 73 68 70 69 65 67 65 60 60 60 62 64 69 67 63 57 56 58 71 69 67 60 61 69 64 74 67 69 70 67 76 75 71 67 63 73 71 70 65 66 75 74 78 73 68 65 60
-999 -999 -999 -999 -999 -999 -999 -999 -999 -999 -999 -999 -999 -999 -999 -999 -999 -999 -999 -999 -999 -999 -999 -999 -999 -999 -999 -999 -999 -999 -999 90 81 80 80 80 82 80 82 81 85 81 79 76 76 73 78 80 76 76 71 66 65 69 71 64 62 61 57 60 64 65 62 58 61 53 58 64 66 65 59 61 65 68 67 70 72 75 75 70 79 78 71 70 62 67 63 63 72 65 66 71 77 67 64 63
-999 -999 -999 -999 -999 -999 -999 -999 -999 -999 -999 -999 -999 -999 -999 -999 -999 -999 -999 -999 -999 -999 -999 -999 -999 -999 -999 -999 -999 -999 -999 -999 84 83 82 79 76 79 79 88 88 81 75 82 76 72 73 77 79 77 74 71 71 69 66 61 62 62 62 57 63 56 62 56 61 59 59 65 60 63 62 61 58 59 61 65 65 73 85 78 77 81 79 75 72 62 72 65 65 66 67 74 72 64 63 61
-999 -999 -999 -999 -999 -999 -999 -999 -999 -999 -999 -999 -999 -999 -999 -999 -999 -999 -999 -999 -999 -999 -999 -999 -999 -999 -999 -999 -999 -999 -999 -999 82 81 86 79 84 83 78 82 87 82 79 80 79 75 77 76 75 78 73 74 69 68 65 67 65 64 65 65 61 60 55 61 68 61 55 59 63 69 69 61 64 65 60 64 73 80 79 74 71 72 70 72 71 72 63 64 69 59 69 71 68 67 62 59
