Climate/data/grids_germany_multi_annual_precipitation_1981-2010_09.asc
NCOLS 654
NROWS 866
XLLCORNER 3280414.711633467
YLLCORNER 5237500.62890625
CELLSIZE 1000
NODATA_VALUE -999
[rows 357 to 407 of 866, columns 288 to 383 of 654]
74 68 79 80 77 72 72 69 72 78 76 79 77 80 87 96 98 117 104 124 108 117 118 120 116 124 125 112 111 110 104 102 105 109 109 113 108 109 99 103 100 105 103 93 82 72 81 79 83 76 76 65 65 61 55 55 55 61 58 55 53 50 46 45 46 45 45 48 49 51 50 52 46 49 47 48 45 45 45 45 47 47 46 45 45 44 47 45 45 46 45 45 45 45 45 45
64 70 80 82 78 82 76 76 74 74 80 78 83 81 85 91 107 110 121 112 105 111 113 117 116 115 115 107 109 110 100 107 103 103 106 116 112 110 105 110 106 105 106 102 94 91 88 89 86 74 70 68 59 65 66 63 53 72 55 62 55 55 54 49 44 45 45 49 46 48 49 48 46 46 46 47 46 47 46 44 44 44 45 45 45 46 47 46 45 44 45 45 45 45 45 46
63 63 72 80 77 74 74 76 75 81 85 84 91 80 81 91 95 115 109 107 119 121 119 122 121 119 115 113 110 109 111 106 106 113 116 109 118 113 109 115 112 113 120 113 101 101 101 94 89 72 69 64 68 69 73 75 67 67 71 62 63 62 53 48 44 45 46 48 49 49 49 46 47 47 46 46 46 46 44 46 46 46 45 46 46 46 47 47 47 46 45 45 45 45 45 45
64 63 65 67 79 83 76 71 72 77 83 88 78 79 84 91 103 94 116 112 120 118 112 114 118 119 116 112 112 113 113 119 118 119 114 110 123 127 118 120 115 123 137 125 115 109 107 93 89 87 80 81 81 75 75 70 71 70 73 69 67 61 61 49 46 45 48 50 49 49 47 46 46 47 47 48 46 46 47 47 46 44 44 46 46 46 47 47 47 46 46 45 47 45 45 45
75 66 63 71 77 76 72 68 71 73 84 89 78 79 88 90 88 93 101 117 113 112 117 116 118 119 122 115 114 114 116 112 121 122 124 121 118 134 131 126 127 133 150 156 130 126 110 103 95 93 86 74 82 77 73 76 75 75 74 70 69 65 55 55 51 49 49 49 51 48 46 45 47 48 50 50 47 47 48 46 46 46 46 45 45 45 47 47 47 46 45 44 47 45 45 45
71 68 72 59 63 66 68 67 68 72 75 79 86 79 78 82 91 91 106 109 115 113 121 119 120 122 122 123 119 123 119 120 125 126 135 143 136 133 133 133 136 136 149 153 133 128 108 121 111 95 89 81 81 77 77 79 78 75 73 73 67 61 64 55 58 55 49 49 48 46 42 44 47 45 46 48 48 51 49 47 46 46 46 45 46 46 46 47 47 47 47 45 44 45 46 46
71 68 66 59 62 61 64 67 71 69 76 84 84 77 77 81 85 94 109 118 115 118 121 124 120 121 125 128 128 124 134 132 127 140 149 149 138 130 134 134 138 138 142 133 137 126 122 114 115 101 87 78 78 78 78 76 76 73 71 69 69 67 67 61 60 53 52 51 50 44 43 46 45 45 45 46 45 47 47 46 46 46 49 49 47 46 46 46 46 46 46 46 44 44 46 46
63 65 60 61 64 63 68 72 69 70 78 79 81 75 77 78 82 89 103 115 119 116 120 118 119 122 118 126 116 122 131 132 141 146 152 147 139 128 131 133 129 130 122 128 115 115 122 108 99 97 84 80 80 79 76 72 72 71 71 71 70 68 67 65 56 55 50 50 49 48 46 47 46 46 47 46 45 45 47 46 47 46 46 46 47 47 48 48 47 47 48 45 44 45 45 46
62 62 61 60 63 70 73 77 73 71 79 84 75 74 75 78 84 95 102 111 110 115 118 121 124 123 118 118 117 118 122 144 146 141 141 142 137 131 131 135 128 125 120 114 110 106 109 98 95 89 79 76 75 74 74 74 72 69 68 66 63 68 67 64 59 54 51 50 47 47 47 44 44 46 46 47 46 48 47 47 47 48 48 47 47 47 47 48 48 48 45 45 45 44 46 45
61 62 61 62 65 76 79 76 68 74 78 85 74 74 85 77 86 89 97 99 103 110 109 110 117 112 115 110 112 126 134 141 146 130 136 140 139 129 124 131 127 121 129 134 116 110 101 93 90 83 78 75 70 70 72 73 70 67 66 66 64 60 62 62 60 57 51 53 52 50 49 45 47 48 47 49 48 48 49 49 49 48 48 48 46 46 47 47 47 47 47 47 47 46 46 46
68 64 63 62 64 72 69 70 70 73 85 88 74 75 82 78 81 84 90 98 99 113 112 107 107 105 110 124 125 119 141 153 141 135 132 137 137 135 117 122 119 120 114 118 115 110 103 91 86 80 72 72 71 67 68 69 66 65 65 67 64 62 52 59 57 58 59 55 55 62 54 55 61 56 53 51 53 51 50 49 49 49 48 48 49 51 50 49 47 47 47 47 47 46 47 48
69 66 62 62 61 63 70 70 75 79 82 80 74 76 83 78 77 81 87 94 98 99 96 98 101 100 106 110 124 133 144 141 127 129 123 129 131 142 124 127 120 118 112 110 107 102 96 88 85 83 78 73 72 69 69 65 65 67 66 64 62 58 63 58 50 56 59 59 60 54 49 65 64 61 56 59 57 52 50 51 51 53 53 52 52 51 52 49 50 49 48 47 47 47 47 49
63 63 59 67 64 72 79 74 76 80 84 80 74 79 82 85 86 81 85 90 90 92 101 100 113 108 112 121 113 129 131 129 133 123 125 124 129 126 128 108 118 116 111 108 101 100 93 91 89 85 79 75 72 66 70 68 65 57 59 62 57 60 64 58 55 50 53 49 50 58 64 65 65 64 66 64 58 58 53 56 52 56 56 56 53 52 53 51 49 49 47 48 49 47 50 50
66 63 61 64 65 68 73 70 74 77 74 75 74 78 82 82 82 84 79 81 90 93 106 110 116 118 120 126 127 113 124 117 130 131 115 128 128 129 115 112 116 113 108 102 100 97 93 87 82 78 77 73 69 70 68 65 59 55 60 62 61 61 63 59 60 61 52 52 53 61 64 64 65 65 64 61 61 60 56 54 58 57 57 57 56 55 52 52 49 49 49 51 51 51 51 51
59 61 59 63 63 68 72 71 71 75 81 76 75 81 78 75 81 81 77 73 83 93 103 116 123 121 120 119 116 111 118 129 113 125 117 113 122 124 126 110 114 113 110 108 100 95 89 84 82 81 76 73 77 70 66 64 66 58 59 64 65 64 64 62 62 63 61 53 56 59 61 64 68 65 62 63 58 60 56 55 56 58 57 58 55 57 57 52 50 47 51 54 54 54 56 53
58 59 58 58 60 62 66 67 66 72 73 67 73 78 76 77 80 79 77 83 81 89 99 111 107 116 119 111 120 113 112 110 125 126 119 114 114 125 124 110 110 113 106 102 99 98 86 81 83 78 71 75 76 71 70 66 68 63 60 64 64 67 64 67 64 60 59 54 60 56 57 61 65 68 65 64 60 59 59 59 58 58 58 58 56 56 56 55 53 54 55 57 56 54 54 54
58 63 64 63 59 60 61 62 62 65 68 70 68 70 71 78 85 76 77 82 82 83 93 97 102 101 115 114 120 108 131 126 110 125 132 115 123 115 125 111 114 112 106 102 99 95 86 82 82 78 77 75 74 72 66 69 68 68 64 63 63 65 67 64 63 56 55 60 58 59 58 60 61 60 62 64 62 60 58 58 59 58 56 56 54 56 48 48 52 55 57 54 53 53 53 52
59 69 63 59 60 62 61 62 62 63 64 70 71 74 73 73 80 76 76 81 82 81 88 94 95 99 116 108 97 123 121 134 133 134 132 125 123 110 121 117 96 108 103 104 100 99 89 88 86 79 76 79 75 69 63 68 71 72 69 64 61 62 66 65 63 62 59 55 56 58 60 61 56 56 61 61 61 58 54 56 56 59 52 49 54 48 50 54 53 56 55 56 56 56 56 55
58 69 65 61 68 68 66 61 61 63 68 75 73 77 72 73 75 80 85 79 81 79 82 87 98 98 96 91 100 104 119 121 122 117 118 109 120 117 117 96 111 108 101 106 101 97 93 90 89 83 76 77 76 70 69 69 75 76 71 69 68 66 66 68 64 63 59 58 59 57 58 59 58 56 58 57 59 55 54 52 54 56 59 58 57 53 58 58 56 54 54 53 56 56 56 55
59 68 64 63 65 61 62 62 62 63 67 68 70 72 69 76 78 76 81 79 77 77 79 83 90 94 102 107 109 106 126 109 106 111 113 112 103 111 102 113 105 106 99 100 94 93 97 94 90 85 80 79 74 73 73 73 78 77 73 73 70 71 67 65 69 64 61 58 59 59 57 59 56 55 53 57 57 56 50 57 58 54 56 58 58 58 57 53 52 52 53 57 56 53 53 52
63 62 62 63 63 64 66 63 62 63 63 66 66 68 70 75 75 74 76 75 79 78 78 79 84 86 94 98 99 114 107 115 102 103 108 101 112 99 119 119 109 106 103 92 88 87 92 91 89 87 84 78 79 77 77 77 77 72 70 73 72 71 69 67 66 65 63 62 58 59 57 56 56 54 54 55 55 54 53 53 57 57 54 55 58 55 54 53 53 53 52 51 51 54 53 54
64 65 63 70 67 65 68 65 63 63 64 64 66 66 68 68 70 73 73 75 80 78 83 80 80 83 85 88 100 97 107 112 97 99 102 115 100 99 118 107 108 111 110 102 89 90 89 88 91 88 85 82 83 79 77 77 69 71 72 72 72 74 71 69 67 64 63 61 58 56 57 58 58 57 54 53 55 53 54 54 55 55 56 55 53 53 52 50 50 52 55 54 54 56 52 54
66 64 64 71 69 66 68 69 67 65 63 64 64 69 68 68 68 70 73 75 77 79 74 78 79 80 83 86 83 91 95 100 89 109 94 104 105 113 114 108 99 93 107 96 87 92 95 84 97 90 88 88 86 84 82 79 77 65 74 71 72 70 69 74 69 66 64 64 61 60 57 55 54 56 56 55 54 55 57 58 58 55 56 54 53 53 53 54 54 52 54 53 54 53 53 56
60 65 67 70 74 70 66 65 65 69 65 64 63 64 68 73 70 69 70 72 75 75 76 78 77 78 80 79 86 86 86 90 88 85 85 106 103 102 113 97 94 97 101 94 82 95 88 92 86 78 82 87 83 78 76 74 74 72 65 72 73 73 73 74 71 67 66 65 61 64 59 57 58 55 55 57 58 56 55 56 58 56 55 55 53 52 54 53 54 52 54 56 56 54 53 55
67 62 63 68 70 75 67 68 65 67 70 65 67 64 63 70 74 74 73 73 73 74 75 75 76 76 75 81 76 76 78 80 82 87 92 97 99 112 105 92 88 88 92 91 80 88 87 84 78 74 87 89 83 85 72 78 65 71 77 75 73 72 72 75 69 69 66 65 63 64 56 61 58 59 58 59 58 59 58 58 57 55 53 52 54 51 48 49 52 52 52 53 53 52 57 55
68 65 68 68 71 72 71 67 67 67 65 67 65 65 64 64 65 68 68 75 75 71 74 74 74 74 77 76 82 79 80 86 89 88 92 98 101 103 91 91 87 83 84 79 76 85 85 92 78 75 84 76 85 82 69 77 74 81 79 75 75 76 73 73 68 67 69 66 67 63 62 62 61 61 61 60 61 59 58 56 55 53 51 49 52 51 52 52 53 54 55 55 54 51 52 51
65 68 69 67 67 68 71 68 65 65 63 67 65 64 64 62 64 64 70 72 73 77 78 73 73 77 74 78 79 81 78 83 80 80 86 94 85 86 81 84 76 76 74 76 75 75 78 80 82 75 74 75 78 79 79 68 74 70 71 77 77 74 73 74 68 67 66 63 63 65 63 61 63 62 61 59 57 58 58 56 57 54 54 50 52 55 53 55 55 53 52 52 51 50 55 56
73 68 68 72 71 68 68 64 67 65 67 70 66 62 62 62 65 64 67 69 72 73 70 70 77 76 72 73 77 77 81 81 81 80 81 86 81 86 76 73 73 74 72 72 73 71 71 74 74 71 68 73 69 72 79 67 78 78 80 75 77 73 76 68 67 59 63 63 61 64 64 62 64 62 60 59 58 54 52 56 56 53 54 54 53 50 53 52 54 52 49 53 55 54 56 55
82 81 69 80 71 71 71 70 68 66 64 65 64 63 63 64 64 69 63 65 68 67 65 71 72 77 75 78 80 80 76 79 85 83 84 78 77 79 76 74 71 70 67 69 72 71 71 72 71 67 56 63 66 66 66 67 68 76 76 70 75 73 70 70 65 61 67 59 64 65 70 64 63 62 58 59 58 57 57 54 52 52 55 55 56 55 53 52 51 51 51 54 56 54 54 53
78 80 81 82 74 72 72 68 65 65 63 63 65 63 64 63 63 67 68 61 62 63 65 69 71 71 69 71 71 74 72 75 79 80 81 75 73 74 73 72 67 69 67 66 68 73 75 70 76 68 63 62 64 63 62 63 63 63 63 62 69 73 70 70 65 66 63 58 64 66 65 61 63 62 61 59 57 55 51 49 54 54 50 52 52 53 49 51 51 54 52 54 56 56 55 54
74 73 77 79 71 67 68 67 64 65 62 62 61 62 61 64 61 67 69 64 64 61 63 67 64 67 68 68 68 74 70 69 73 74 77 76 70 70 72 70 70 66 63 67 69 65 72 71 65 65 61 66 67 58 60 60 58 59 59 58 63 69 64 65 63 64 60 55 64 63 62 64 60 61 59 58 58 54 56 55 50 54 54 54 52 52 52 54 50 56 54 53 55 53 53 53
70 74 72 75 73 70 73 68 69 65 61 60 60 60 60 62 60 63 67 69 69 66 60 59 60 62 64 64 63 63 66 69 73 74 73 72 72 67 67 67 70 66 65 63 64 64 65 67 63 62 63 60 58 59 58 56 54 54 57 57 56 57 60 65 63 65 56 59 59 58 64 63 58 59 61 57 57 60 54 56 54 52 54 52 54 51 53 54 55 55 56 53 53 52 53 54
65 73 74 76 67 69 72 68 67 66 65 65 62 61 63 60 59 60 63 67 70 69 61 66 66 65 65 62 69 65 73 71 73 73 72 69 68 65 63 62 64 65 62 65 66 62 60 61 64 62 67 60 64 56 55 56 59 56 57 59 56 57 55 58 54 59 59 65 58 63 63 61 62 63 61 60 58 58 58 55 54 55 53 54 55 53 55 57 55 54 54 52 52 53 52 54
70 70 72 74 71 68 65 64 65 67 67 63 61 61 62 60 60 60 59 65 68 64 64 66 68 63 64 63 65 70 70 68 74 69 68 67 67 64 64 64 61 61 62 64 60 59 61 65 63 64 63 63 57 59 52 54 54 57 58 56 57 55 53 53 54 54 56 53 56 64 62 58 62 60 61 59 61 60 60 59 58 54 51 52 55 58 59 58 56 53 50 50 51 50 48 50
64 66 71 78 80 69 66 62 62 65 65 61 59 63 61 59 59 59 61 63 67 64 65 64 66 61 70 63 65 63 64 63 69 66 66 63 63 65 63 61 62 63 59 60 58 59 59 61 59 57 59 59 56 54 51 53 54 56 57 53 56 54 56 59 54 51 52 55 53 58 60 56 62 63 62 61 61 60 59 58 58 56 52 52 54 53 55 55 53 52 51 50 47 47 51 49
71 78 74 78 81 68 70 68 65 68 68 64 66 63 61 59 57 58 63 63 64 68 69 68 61 69 65 67 69 75 64 65 67 66 63 64 63 62 61 59 60 60 57 57 56 57 56 57 53 56 56 55 52 52 49 47 48 50 50 56 53 51 56 59 56 51 53 53 56 51 61 63 61 61 61 60 60 56 62 58 58 58 56 56 52 49 50 53 52 51 51 49 47 47 49 49
76 73 77 81 71 69 69 66 63 67 67 63 66 63 60 59 58 58 59 59 64 64 68 72 68 65 71 71 73 68 65 68 68 66 64 65 63 61 61 59 60 60 56 57 57 56 58 52 50 50 51 52 54 51 48 47 50 47 48 51 54 53 56 53 57 56 51 51 51 52 56 60 55 53 54 56 56 51 55 55 54 50 50 49 47 49 52 52 50 50 46 49 47 48 47 47
69 75 73 67 65 70 70 66 63 66 66 65 69 63 61 62 60 58 57 58 58 59 59 62 63 69 69 72 78 75 69 69 64 67 66 61 59 59 59 58 58 58 56 54 57 54 52 52 51 48 50 50 51 48 48 49 49 47 49 47 48 50 49 52 55 56 51 49 51 53 51 49 53 50 51 51 53 56 52 53 50 49 49 49 46 50 48 50 49 50 49 46 48 47 45 46
69 64 62 67 70 71 65 65 64 64 64 67 59 59 58 64 62 58 60 57 59 61 59 61 65 69 69 74 74 65 66 64 63 64 66 59 66 60 61 61 59 58 58 55 56 53 54 54 51 52 52 50 49 49 48 46 46 46 48 48 46 47 47 47 50 51 56 54 49 50 56 56 58 56 57 56 55 53 51 50 51 50 46 47 49 52 52 50 47 47 45 45 46 45 45 44
60 61 62 63 63 64 65 63 63 64 68 66 66 60 61 61 60 58 60 57 65 61 64 58 59 69 62 71 66 68 68 65 63 60 64 60 62 63 61 64 61 60 59 58 55 56 54 54 53 52 53 50 49 48 46 46 46 46 45 46 46 46 46 44 47 48 49 51 47 50 53 55 51 50 50 47 51 50 47 46 46 47 50 52 51 49 48 49 46 45 45 45 46 47 47 45
60 63 65 63 64 62 67 64 64 64 66 70 62 62 62 60 60 59 60 62 60 62 66 62 67 64 67 71 80 72 82 64 63 60 58 57 62 64 62 60 64 58 55 59 59 57 57 55 55 54 52 53 50 49 47 46 46 46 45 45 46 45 45 44 44 45 47 50 48 47 50 50 48 47 46 46 45 45 45 46 48 51 48 48 48 47 45 45 43 43 45 47 46 46 46 46
66 69 67 68 67 62 64 65 63 69 70 70 66 65 65 63 61 60 59 59 56 59 63 61 77 75 74 69 75 79 70 64 60 59 60 58 57 56 57 62 59 57 56 54 55 56 58 57 57 56 54 57 53 48 47 45 45 47 45 45 45 44 44 44 44 44 46 47 50 46 46 47 46 45 45 45 43 42 43 43 43 45 44 45 45 45 45 45 44 43 43 44 46 47 46 46
61 66 66 72 67 63 65 63 62 62 72 70 66 70 71 65 63 60 58 56 56 59 56 68 75 79 74 71 73 75 68 63 62 58 60 60 61 63 58 56 59 58 58 54 52 52 53 53 53 52 56 54 51 48 50 47 47 46 45 45 45 44 44 45 45 45 45 44 44 46 47 44 44 44 43 42 43 43 43 44 43 43 47 46 46 45 45 44 44 43 43 43 43 44 46 44
65 70 68 67 73 65 62 65 66 63 64 69 68 64 64 72 63 59 58 63 56 60 55 60 63 78 74 72 68 71 75 68 62 62 69 65 59 62 62 57 56 53 53 52 52 52 51 52 50 50 51 52 53 51 53 50 52 50 49 46 46 45 44 45 45 45 43 44 44 44 44 44 44 44 43 42 42 42 43 45 47 47 49 49 46 45 45 43 43 42 43 43 43 43 44 45
71 72 70 66 64 65 63 66 67 67 65 67 75 66 67 68 63 63 64 64 59 66 59 58 59 71 71 64 74 71 73 64 63 62 61 58 62 75 74 73 58 58 57 54 56 55 51 53 54 50 50 50 48 51 53 53 55 54 51 49 51 48 46 45 45 45 45 44 44 44 45 45 44 44 43 42 42 41 41 43 45 46 49 47 46 45 44 43 43 42 43 43 43 44 44 44
76 72 70 63 62 65 66 68 69 66 68 69 70 74 73 74 72 68 65 66 57 61 63 64 59 70 65 67 71 72 70 66 68 74 64 72 76 74 75 67 66 58 55 54 54 54 59 54 51 52 51 50 50 48 51 53 57 55 54 53 50 52 51 48 45 45 45 46 44 44 44 45 44 52 45 47 53 44 42 42 41 44 44 45 44 44 44 42 43 43 43 42 43 43 43 43
71 74 71 65 64 64 68 69 67 69 71 69 68 69 66 70 72 72 68 68 61 61 67 69 62 58 66 69 74 72 62 61 61 62 63 64 68 62 65 66 66 58 55 53 56 60 58 54 53 53 51 51 49 48 50 53 57 56 55 56 55 54 51 53 52 47 48 49 47 50 50 51 52 54 57 56 56 51 56 44 45 45 46 47 46 45 44 43 43 44 43 43 43 42 43 43
73 77 70 68 65 67 68 72 66 65 67 69 68 69 62 66 66 68 68 70 71 70 69 69 65 68 59 61 68 67 60 59 58 59 64 63 59 58 57 57 55 55 56 60 65 69 66 62 67 57 65 55 51 50 50 49 52 55 54 55 51 55 55 55 50 51 54 52 50 49 52 51 53 52 52 51 54 54 53 50 51 48 47 46 46 45 44 43 43 43 44 42 42 42 44 44
70 74 73 64 65 68 70 71 66 63 65 69 72 69 64 63 64 66 67 69 68 72 67 64 64 64 60 61 57 58 59 60 60 59 60 58 57 59 60 57 61 63 68 71 70 69 68 64 66 63 63 56 52 60 50 50 49 50 55 53 57 56 54 55 55 54 55 52 49 49 48 50 48 48 47 52 51 51 51 55 55 53 50 48 45 45 44 42 43 43 43 42 42 42 42 44
75 69 69 66 66 67 66 63 63 71 68 67 68 68 65 64 68 65 62 65 69 72 68 61 62 64 63 60 57 57 58 60 62 58 61 68 66 62 60 74 73 73 72 69 69 68 65 61 60 60 60 58 61 62 59 54 53 50 49 51 52 53 55 54 57 54 54 52 52 52 53 50 46 43 47 48 51 50 48 48 46 52 50 50 46 45 45 42 43 43 44 42 42 43 42 43
71 64 66 67 66 67 68 64 68 68 67 67 65 60 60 63 63 63 64 67 66 66 65 62 62 63 65 62 60 56 57 59 56 61 64 66 64 62 69 73 72 70 66 68 63 58 63 59 54 57 59 64 65 63 63 60 60 58 52 54 49 51 54 55 49 56 59 52 52 51 49 46 46 43 46 49 49 52 50 50 48 47 46 46 47 47 45 43 42 42 43 43 43 43 42 43
