Climate/data/grids_germany_multi_annual_air_temp_mean_1981-2010_14.asc
NCOLS 654
NROWS 866
XLLCORNER 3280414.711633467
YLLCORNER 5237500.62890625
CELLSIZE 1000
NODATA_VALUE -999
[rows 656 to 696 of 866, columns 470 to 563 of 654]
166 163 164 168 167 167 164 162 162 159 162 162 162 167 164 161 166 162 164 155 160 161 164 165 161 163 162 160 162 160 159 163 166 166 159 162 159 153 146 150 157 159 161 158 160 158 154 143 146 145 142 126 124 128 139 143 157 150 157 155 151 137 124 142 137 129 134 -999 -999 -999 -999 -999 -999 -999 -999 -999 -999 -999 -999 -999 -999 -999 -999 -999 -999 -999 -999 -999 -999 -999 -999 -999 -999 -999
162 163 161 163 161 163 161 161 162 160 160 160 162 169 163 160 169 166 158 158 160 163 166 160 160 156 150 156 161 159 159 161 164 166 163 163 158 156 158 156 162 163 161 151 157 159 157 150 150 153 149 130 127 131 137 150 154 158 158 153 154 143 140 148 147 131 134 131 -999 -999 -999 -999 -999 -999 -999 -999 -999 -999 -999 -999 -999 -999 -999 -999 -999 -999 -999 -999 -999 -999 -999 -999 -999 -999
164 162 162 160 160 160 159 159 159 158 156 157 164 167 170 167 171 168 160 158 160 163 161 164 159 152 142 152 160 152 154 162 162 165 168 164 162 165 167 164 165 167 160 153 149 155 156 157 156 154 150 143 140 133 138 138 147 153 158 154 158 153 147 152 143 132 131 130 -999 -999 -999 -999 -999 -999 -999 -999 -999 -999 -999 -999 -999 -999 -999 -999 -999 -999 -999 -999 -999 -999 -999 -999 -999 -999
165 162 162 161 162 161 159 159 160 159 157 157 161 164 172 170 171 168 165 158 162 164 156 160 162 153 151 152 157 153 152 161 160 163 165 168 164 167 163 162 161 163 166 159 150 152 153 157 153 151 145 145 149 145 138 142 146 153 159 157 158 157 155 152 149 140 125 126 126 120 122 -999 -999 -999 -999 -999 -999 -999 -999 -999 -999 -999 -999 -999 -999 -999 -999 -999 -999 -999 -999 -999 -999 -999
163 163 163 162 161 159 160 158 159 158 157 159 162 168 170 171 172 168 166 158 161 165 157 154 163 160 147 149 153 152 158 158 157 165 165 168 164 163 159 160 156 159 166 163 160 159 159 154 145 147 157 155 156 151 144 141 150 150 158 152 153 151 148 150 149 140 136 135 124 126 129 -999 -999 -999 -999 -999 -999 -999 -999 -999 -999 -999 -999 -999 -999 -999 -999 -999 -999 -999 -999 -999 -999 -999
161 163 162 163 160 161 160 160 159 157 156 157 160 166 168 173 172 168 158 161 166 165 155 147 156 157 149 147 149 147 159 156 160 165 165 166 165 162 157 163 161 167 164 162 163 162 155 145 149 140 154 159 158 158 152 150 155 158 160 157 154 150 147 145 146 148 147 141 131 131 129 -999 -999 -999 -999 -999 -999 -999 -999 -999 -999 -999 -999 -999 -999 -999 -999 -999 -999 -999 -999 -999 -999 -999
162 160 160 160 161 160 160 160 160 158 157 156 156 164 167 170 174 163 156 158 163 164 160 147 145 154 154 140 141 147 158 154 163 164 158 161 163 163 159 157 165 166 163 160 162 158 158 157 158 147 151 158 160 159 153 156 152 158 161 157 158 158 156 154 154 153 148 139 142 131 129 -999 -999 -999 -999 -999 -999 -999 -999 -999 -999 -999 -999 -999 -999 -999 -999 -999 -999 -999 -999 -999 -999 -999
169 161 164 161 161 159 160 160 160 158 158 158 159 165 169 172 174 166 166 166 167 166 160 153 143 148 154 144 139 151 156 151 162 162 161 160 159 159 156 163 165 166 159 162 162 163 163 159 161 155 152 152 156 158 158 155 156 155 159 157 158 158 155 156 155 150 144 145 147 132 129 -999 -999 -999 -999 -999 -999 -999 -999 -999 -999 -999 -999 -999 -999 -999 -999 -999 -999 -999 -999 -999 -999 -999
171 168 169 159 159 160 160 160 157 157 158 158 164 163 170 173 174 169 167 169 169 165 163 157 153 140 151 148 132 142 153 149 159 163 155 161 151 150 157 163 163 166 164 161 157 161 164 162 163 161 155 148 155 157 160 159 157 160 160 160 158 155 158 156 156 153 149 149 147 145 133 128 -999 -999 -999 -999 -999 -999 -999 -999 -999 -999 -999 -999 -999 -999 -999 -999 -999 -999 -999 -999 -999 -999
174 169 168 164 163 160 159 159 158 155 159 160 164 167 169 174 174 170 167 169 168 163 155 160 155 145 149 145 139 141 145 153 157 161 156 160 155 150 157 162 164 165 165 162 158 156 158 161 162 161 159 156 157 155 160 159 160 157 153 157 155 154 156 159 158 156 152 144 141 141 139 140 129 -999 -999 -999 -999 -999 -999 -999 -999 -999 -999 -999 -999 -999 -999 -999 -999 -999 -999 -999 -999 -999
170 169 167 170 167 166 157 159 163 167 164 167 163 170 171 175 175 171 169 170 169 163 153 163 159 151 150 150 144 141 135 140 150 157 156 159 156 147 154 163 164 164 162 160 160 159 157 159 160 159 161 157 155 156 162 158 159 157 158 157 148 151 153 154 159 156 149 139 133 130 125 127 126 -999 -999 -999 -999 -999 -999 -999 -999 -999 -999 -999 -999 -999 -999 -999 -999 -999 -999 -999 -999 -999
168 167 170 172 167 166 160 163 166 167 169 169 167 173 175 176 171 174 169 171 169 164 159 163 168 165 153 152 152 146 148 142 133 139 147 146 148 152 147 158 162 163 158 159 156 157 154 156 160 161 163 158 158 159 163 160 160 156 152 154 151 147 151 149 153 156 148 135 130 130 118 117 122 -999 -999 -999 -999 -999 -999 -999 -999 127 126 -999 -999 127 -999 -999 -999 -999 -999 -999 -999 -999
174 175 174 173 174 173 171 169 172 164 168 173 172 167 171 175 176 171 172 171 171 170 166 163 169 168 156 160 159 148 148 152 144 133 139 144 149 154 149 157 163 162 163 161 154 151 152 152 156 161 161 160 161 163 162 161 159 156 149 147 152 148 148 146 156 155 148 142 141 138 124 127 135 126 122 121 119 -999 -999 -999 124 127 129 129 128 131 -999 -999 -999 -999 -999 -999 -999 -999
180 179 178 175 175 174 176 175 174 172 175 175 168 171 174 176 176 170 170 170 172 167 167 167 173 171 165 167 161 154 152 150 146 137 134 143 157 155 157 160 159 161 161 160 158 159 159 155 157 161 162 161 161 160 158 160 159 159 155 156 153 150 149 152 154 153 148 148 146 139 135 128 142 134 137 134 126 123 -999 -999 123 121 137 134 136 136 -999 -999 -999 -999 -999 -999 -999 -999
180 179 179 178 178 178 172 177 177 173 176 174 173 175 176 176 175 173 171 170 171 170 172 173 172 171 169 170 167 161 161 150 149 136 136 147 155 158 157 157 162 162 157 155 151 150 157 157 159 161 162 158 157 153 159 157 156 161 159 156 153 153 147 148 155 154 151 151 150 147 140 141 148 147 145 144 141 136 127 125 123 134 143 142 135 138 140 143 137 -999 -999 -999 -999 -999
180 179 179 179 179 179 178 178 178 178 178 173 174 175 177 175 177 177 171 174 167 172 174 174 167 167 171 169 165 165 152 145 144 137 136 143 153 156 153 155 158 161 158 149 151 144 154 159 160 159 162 159 155 151 156 155 159 162 162 158 155 152 150 143 149 155 152 152 151 151 149 147 151 150 149 145 144 138 129 126 130 125 139 148 144 141 141 145 139 -999 -999 -999 -999 -999
180 179 179 179 179 179 179 179 178 178 178 175 176 177 177 178 174 172 173 175 168 174 176 175 168 164 165 170 167 166 158 147 141 146 150 134 148 153 143 151 156 160 157 145 140 148 152 153 158 155 161 156 151 150 154 155 160 160 160 159 152 144 143 138 142 146 149 151 153 151 149 148 150 151 146 153 145 135 132 134 134 127 140 148 148 142 146 142 145 140 -999 -999 -999 -999
180 180 179 179 179 179 179 179 178 178 178 177 176 177 178 178 176 173 175 173 168 173 176 175 171 167 168 171 171 170 164 157 148 151 159 145 146 151 141 149 154 159 155 152 138 145 146 145 156 157 158 158 157 152 156 157 158 159 159 159 157 147 144 144 149 143 149 151 154 150 147 149 150 153 152 154 151 147 139 141 141 132 137 148 149 141 149 146 147 143 -999 -999 -999 -999
180 180 180 179 179 179 179 178 178 178 178 178 178 178 178 178 177 175 175 177 171 174 175 176 171 171 170 172 174 171 163 164 155 164 166 155 156 157 139 142 151 164 155 150 138 139 146 146 154 155 160 158 154 151 156 158 157 161 159 157 155 154 151 156 152 147 150 149 153 154 152 153 153 153 152 155 155 153 147 146 146 137 138 142 152 146 153 144 143 143 145 148 -999 -999
180 180 180 180 179 179 179 179 178 178 178 178 178 178 178 178 177 177 177 175 173 174 176 176 175 175 170 170 173 171 169 169 159 165 167 160 166 164 153 154 163 164 145 150 139 132 139 149 153 156 155 160 158 156 153 154 159 160 155 154 155 158 155 159 155 149 153 153 154 153 154 154 154 153 151 156 156 156 151 147 149 147 143 150 151 151 148 148 139 138 136 147 -999 -999
180 180 180 180 179 179 179 179 178 178 178 178 178 178 178 178 178 178 177 177 173 173 175 176 175 176 172 173 174 171 172 172 167 170 171 161 167 166 160 161 168 164 144 137 138 134 147 150 152 154 154 157 157 155 154 157 155 158 159 157 154 155 159 158 157 156 154 154 155 157 156 150 150 151 153 152 157 154 150 154 153 146 141 147 151 152 149 150 142 137 140 145 -999 -999
180 180 180 180 179 179 179 179 178 178 178 178 178 178 178 178 178 178 178 175 176 176 176 176 175 174 174 175 175 171 174 172 170 171 170 168 169 170 159 158 171 162 151 133 133 132 139 151 153 154 153 153 153 153 154 156 155 157 156 156 156 157 158 161 159 158 157 154 154 161 158 153 152 152 150 155 158 154 150 154 154 149 152 150 146 148 153 152 150 145 139 137 143 143
180 180 180 180 180 179 179 179 178 178 178 178 178 178 178 178 178 178 178 178 177 176 176 176 173 174 173 174 175 175 174 174 172 173 171 169 169 170 165 163 172 165 152 147 136 137 138 146 151 152 149 151 153 153 154 153 155 155 153 156 158 159 160 160 161 160 160 158 158 163 157 159 155 156 155 159 159 158 153 156 154 153 157 155 153 151 152 154 152 149 147 136 142 145
180 179 179 179 178 178 179 179 178 179 179 179 179 178 178 178 178 178 178 178 177 176 176 175 176 176 174 176 175 175 175 175 174 172 172 170 169 170 163 163 173 167 150 153 147 144 140 144 150 149 148 147 157 153 153 153 152 153 150 152 157 161 162 163 161 157 153 155 160 162 155 158 160 159 157 158 158 158 158 154 155 155 155 157 154 151 154 155 152 150 143 138 142 143
179 179 179 179 178 178 178 179 179 179 179 179 178 178 178 178 178 177 177 177 177 177 177 176 177 175 175 176 175 175 175 175 174 173 171 170 170 169 165 171 172 161 147 152 148 149 148 144 147 163 152 156 163 156 152 151 150 149 149 153 156 159 158 162 163 159 162 162 163 162 157 162 156 160 159 155 150 155 155 155 156 156 159 156 155 156 158 158 149 147 149 145 146 140
179 178 179 179 178 178 178 178 178 178 178 178 178 178 178 178 178 177 177 177 177 177 177 177 177 176 176 176 176 175 175 175 174 172 172 172 170 169 168 171 172 162 160 162 153 153 149 146 152 169 160 167 169 164 156 153 159 150 151 154 155 158 161 162 160 168 161 155 167 161 165 161 163 157 155 155 152 149 154 152 156 158 159 156 158 156 157 156 154 150 151 148 138 134
179 179 179 178 178 178 178 178 178 178 178 178 178 178 177 178 178 178 177 177 177 177 176 177 177 177 176 176 176 176 175 175 174 174 174 173 173 172 168 173 171 165 167 168 161 154 159 161 166 168 167 166 172 169 166 162 164 161 152 152 155 155 159 157 162 166 158 160 164 165 168 157 163 157 156 152 163 160 156 155 154 160 157 152 156 158 159 158 154 150 148 147 144 133
179 179 178 178 178 177 178 178 178 177 177 178 177 177 177 178 177 177 178 177 177 177 177 177 177 177 177 176 176 175 175 175 174 174 174 173 173 170 168 173 173 173 171 167 156 160 161 167 168 171 171 172 172 171 169 168 165 161 152 152 151 153 153 152 158 164 164 167 166 167 170 158 159 156 154 157 160 170 164 161 161 159 161 157 159 161 159 158 157 152 145 148 143 132
179 178 177 178 177 178 178 178 177 177 177 177 177 177 177 177 177 177 177 178 177 177 177 177 176 177 177 177 176 175 175 175 175 174 174 174 173 172 171 173 173 170 164 162 159 163 161 167 169 174 173 174 173 170 167 164 153 156 144 147 151 148 153 153 159 163 166 167 168 169 170 160 162 157 157 164 165 174 164 163 166 164 163 162 163 160 160 160 157 154 148 157 148 137
179 177 177 177 177 177 177 178 177 177 177 177 177 177 177 177 177 177 177 178 177 177 177 177 176 176 176 177 176 176 175 175 175 174 174 174 174 174 174 174 175 172 167 165 162 165 166 165 170 175 172 171 172 170 162 153 148 146 139 141 148 143 148 150 149 155 164 165 169 168 170 165 157 163 160 165 168 175 173 165 168 160 161 164 160 157 160 160 157 156 153 157 157 142
177 176 176 176 177 177 177 177 177 176 176 176 176 177 177 177 177 177 177 177 177 177 177 177 177 177 176 176 177 176 176 175 174 174 174 174 174 174 175 175 175 168 166 168 167 169 168 166 169 175 174 170 170 170 166 149 149 154 150 143 156 153 146 157 157 156 161 164 168 165 170 167 166 161 163 161 167 174 166 162 165 163 156 160 163 155 155 160 161 162 161 163 156 148
176 176 175 176 176 175 175 175 176 176 176 176 176 177 177 177 177 177 177 177 177 177 177 177 177 177 177 176 176 175 175 175 175 174 174 174 175 175 175 175 175 175 170 173 169 172 172 169 173 175 175 168 170 168 166 162 160 156 157 152 161 163 159 165 159 158 163 164 163 164 167 167 167 163 169 164 167 174 163 167 170 166 162 159 163 162 157 155 152 163 165 163 158 158
178 176 175 176 175 175 175 175 176 175 176 176 176 176 177 177 177 176 177 177 177 177 177 177 177 177 177 177 176 175 175 175 175 174 174 174 174 175 175 175 176 176 172 173 169 172 175 170 172 175 171 178 172 168 167 172 173 164 166 158 159 168 168 167 169 163 166 166 166 168 168 170 170 168 164 165 173 173 167 165 171 167 170 167 162 169 162 158 158 169 164 159 156 155
177 176 175 176 176 174 175 175 175 175 176 176 175 175 175 176 176 176 176 176 177 177 176 177 177 177 177 177 176 176 175 175 175 175 174 174 175 175 175 176 176 176 176 176 176 172 175 172 175 176 176 176 175 175 172 173 172 171 168 162 156 164 164 170 169 170 168 167 168 168 164 169 171 166 167 168 168 175 170 172 170 167 169 169 164 170 160 161 165 169 171 163 161 159
177 174 176 176 173 173 174 174 174 175 176 175 175 175 175 175 176 176 176 176 176 176 176 177 177 177 177 177 176 176 176 176 176 175 175 175 176 176 176 176 176 176 176 176 176 176 176 175 176 175 176 176 176 175 174 173 172 170 168 167 162 169 169 171 170 169 166 167 166 167 163 167 169 165 165 167 169 169 176 174 170 166 172 168 171 166 168 167 167 169 169 164 161 160
177 175 175 174 174 174 173 175 175 176 175 174 173 175 175 175 175 175 175 176 176 176 177 177 177 177 177 177 176 176 176 176 176 176 176 176 176 176 176 176 176 176 176 176 176 177 177 176 177 177 176 177 176 173 174 174 173 173 170 171 170 168 169 170 169 170 168 166 163 165 168 162 167 170 167 165 168 171 174 173 172 172 169 174 165 168 167 167 166 167 163 160 164 161
176 174 174 174 174 172 175 175 176 174 174 172 174 172 172 173 175 174 176 174 175 176 177 177 177 177 177 177 177 176 176 176 176 176 176 176 175 176 176 176 176 176 176 176 177 177 177 177 177 176 177 175 177 177 176 173 173 173 173 172 173 171 171 172 171 166 162 162 169 169 168 168 167 172 173 173 170 170 172 173 173 175 174 173 170 169 170 171 168 169 165 162 163 163
175 174 173 174 175 174 173 174 175 174 173 173 173 175 174 174 174 173 174 174 175 176 176 177 177 177 177 177 177 176 176 176 176 176 176 176 176 176 175 176 176 176 176 177 177 177 177 177 178 177 176 177 176 176 174 175 174 174 174 173 171 172 172 173 171 170 166 165 169 169 163 166 165 169 168 168 171 172 175 173 172 174 176 170 169 169 168 169 169 166 164 163 163 163
174 174 172 172 171 173 174 175 174 174 173 173 172 173 175 173 175 175 175 174 175 176 176 177 177 177 177 177 177 177 177 177 177 177 176 176 176 176 176 176 176 176 177 177 177 177 177 178 178 176 176 175 178 176 174 174 174 174 174 174 174 172 174 173 172 173 167 168 168 168 170 167 167 169 170 172 174 173 174 174 177 175 175 172 174 170 169 168 166 168 165 161 160 161
174 172 173 172 172 173 175 174 172 172 172 173 175 175 175 175 176 177 176 176 176 177 177 177 177 177 177 177 177 177 177 177 177 177 177 177 177 177 177 177 176 177 177 177 178 178 178 178 178 178 176 177 177 176 175 174 175 174 174 174 174 174 173 173 173 172 169 170 168 170 168 168 165 171 170 171 171 177 179 177 176 172 175 173 170 173 168 168 162 165 165 160 163 161
173 174 174 175 173 175 174 173 174 173 173 174 174 173 174 175 175 173 175 177 177 177 177 177 177 177 177 177 177 177 177 177 177 177 177 177 177 176 177 176 177 177 177 177 178 178 178 178 178 179 176 173 172 171 172 174 174 176 175 176 174 174 175 174 174 170 171 167 163 168 171 170 168 169 171 172 171 179 170 173 172 171 172 174 173 171 169 165 161 164 168 156 161 159
