Climate/data/grids_germany_multi_annual_precipitation_1981-2010_02.asc
NCOLS 654
NROWS 866
XLLCORNER 3280414.711633467
YLLCORNER 5237500.62890625
CELLSIZE 1000
NODATA_VALUE -999
[rows 510 to 560 of 866, columns 192 to 287 of 654]
47 49 46 43 44 45 43 42 43 43 41 41 42 43 42 43 43 43 45 45 43 43 42 43 41 46 43 45 45 42 46 51 50 52 58 64 67 71 70 76 79 79 88 86 89 100 100 94 90 88 89 91 90 88 87 85 82 79 78 76 72 72 70 68 67 67 67 65 61 64 63 62 58 58 57 56 54 56 58 56 53 54 53 56 59 60 66 74 75 80 82 73 77 85 81 92
48 47 46 42 44 43 42 41 40 41 39 41 41 41 43 46 44 44 43 43 42 42 42 43 45 46 44 44 44 44 51 52 51 56 60 63 59 66 72 74 76 78 79 86 93 95 91 91 92 89 94 89 86 86 85 88 84 82 80 75 74 71 68 64 64 64 65 62 62 62 64 64 62 61 59 56 63 58 54 61 56 57 57 62 65 66 72 68 74 68 77 74 77 78 81 89
50 50 47 45 45 42 41 39 38 39 40 43 43 44 44 45 43 42 42 42 41 41 42 42 44 43 44 44 44 48 45 48 54 51 53 58 59 64 70 72 74 77 86 89 88 90 88 89 87 87 88 89 87 86 86 87 85 82 79 75 74 74 73 73 72 70 62 62 62 62 63 64 67 66 61 57 60 65 57 56 62 61 55 57 58 59 59 61 66 72 76 74 75 77 82 87
53 57 49 44 44 42 38 40 40 40 43 44 46 45 44 43 42 41 43 42 42 41 42 43 43 44 43 44 44 44 44 50 51 56 54 59 63 64 68 68 71 76 80 83 86 87 85 87 87 85 85 85 88 85 83 86 84 84 81 78 76 76 75 73 71 69 68 66 62 62 63 63 64 67 65 62 59 62 62 55 55 60 58 62 58 66 66 73 76 79 86 76 80 83 91 91
54 59 52 45 41 41 40 38 39 42 42 44 46 46 44 42 42 41 42 41 40 41 42 45 44 43 42 43 46 43 46 51 58 56 60 56 63 64 66 69 72 74 74 78 83 83 82 83 84 84 82 83 83 84 82 84 84 82 78 74 76 78 77 72 70 65 65 66 63 62 60 62 61 60 64 61 65 64 60 60 60 64 60 61 67 64 66 62 67 73 80 86 84 80 96 98
54 52 49 45 43 41 40 41 40 41 42 45 49 47 43 42 41 40 41 41 40 41 41 43 43 42 42 41 43 44 51 56 53 54 57 59 60 61 63 68 72 71 73 78 80 79 80 80 81 83 82 80 79 81 84 87 83 85 80 77 79 79 74 69 68 67 64 63 62 61 60 62 60 60 66 67 68 66 61 61 62 59 61 66 71 67 73 69 76 75 75 85 88 94 102 108
57 50 47 44 43 42 41 41 40 42 46 48 48 47 45 42 41 41 41 40 41 41 42 42 44 42 41 43 42 45 46 52 54 56 54 56 60 61 64 69 72 68 72 77 76 79 77 78 77 81 80 80 80 79 83 88 84 82 80 76 72 77 74 72 72 67 65 63 64 66 63 61 59 60 65 67 69 68 67 64 66 62 68 72 81 75 71 69 82 83 80 91 98 101 95 102
59 48 47 45 43 43 43 42 42 40 48 47 46 46 43 41 41 40 40 41 41 42 42 42 46 42 43 42 42 44 50 56 56 54 54 58 59 59 64 66 67 70 73 76 77 79 75 76 77 80 81 81 79 78 81 85 84 79 81 78 72 77 78 73 68 68 67 65 63 67 64 66 63 63 62 65 67 69 69 63 67 63 72 78 81 78 78 85 85 91 90 105 102 98 92 88
54 48 47 46 46 45 43 43 42 43 45 45 45 45 43 41 41 41 41 41 40 41 43 46 45 44 43 42 49 50 51 56 57 55 57 60 57 59 60 65 67 72 77 76 70 76 75 71 74 76 80 79 79 77 80 81 80 77 81 78 72 75 74 72 71 72 68 68 67 67 67 66 67 68 69 65 69 72 72 66 72 71 67 73 71 76 85 89 96 97 96 91 93 90 87 97
50 50 47 47 48 46 45 44 47 42 43 43 45 45 42 41 41 41 40 41 39 41 44 47 46 42 42 47 47 51 55 53 53 55 56 57 60 60 66 68 68 71 71 72 69 72 70 71 71 73 75 75 75 73 78 78 78 77 72 73 73 77 77 78 74 70 70 73 74 71 71 68 68 71 72 70 75 75 71 67 74 77 70 73 75 78 83 88 96 93 93 97 95 92 84 80
54 50 48 47 49 44 44 43 44 44 45 43 44 43 42 42 42 41 41 39 40 43 44 47 46 44 44 47 52 53 56 54 57 58 57 54 59 65 65 66 66 66 70 68 69 69 69 72 70 71 72 74 73 71 74 75 75 75 75 68 74 74 77 77 73 73 73 77 76 75 75 72 73 73 73 76 78 76 70 68 74 74 68 68 69 71 74 87 88 83 90 92 94 90 81 74
49 51 52 49 45 45 46 48 45 44 43 44 44 42 43 42 42 41 40 40 41 43 48 48 45 46 47 48 52 54 53 56 59 53 57 62 63 62 64 64 68 68 67 69 69 70 68 71 68 69 69 71 75 72 72 72 75 74 76 70 71 75 73 70 69 73 74 73 65 72 73 73 70 70 73 74 78 78 70 71 77 70 67 69 71 77 74 76 81 89 82 86 93 87 84 77
49 47 49 48 46 48 49 52 47 44 45 44 45 42 42 41 42 42 41 41 43 44 46 49 46 44 48 48 48 51 57 52 50 54 61 63 63 65 64 65 64 65 68 67 72 67 69 70 68 68 69 70 72 69 71 71 74 73 74 72 64 70 70 71 65 66 68 65 74 73 67 67 69 72 77 77 76 78 71 71 76 68 68 76 82 79 85 91 82 88 76 83 88 85 79 74
56 50 54 53 51 51 49 47 45 43 43 42 41 43 42 41 42 41 41 41 42 47 47 44 45 46 46 48 53 55 53 51 59 58 62 58 63 62 65 63 65 66 65 65 70 70 70 72 68 66 69 71 72 69 64 68 72 73 72 72 68 70 73 68 64 63 66 63 65 65 68 69 73 74 77 77 75 70 67 69 65 67 76 76 80 80 86 85 76 78 72 83 79 90 81 69
55 56 57 57 56 54 49 49 44 44 43 42 41 41 43 42 42 41 41 42 43 48 44 44 45 47 51 51 47 47 50 59 54 53 53 57 60 62 62 66 64 63 62 64 67 68 69 70 66 63 69 72 70 69 65 68 70 72 71 75 68 71 72 69 63 64 66 63 63 63 67 67 73 79 78 73 71 64 63 68 77 76 70 76 76 82 83 81 82 74 71 71 81 90 92 77
56 58 63 64 62 54 52 46 44 43 43 42 42 41 42 42 41 42 43 42 42 46 43 45 48 52 52 47 46 49 53 53 56 58 59 65 57 62 65 66 63 62 62 68 70 71 68 72 64 66 67 69 71 69 61 67 72 68 70 70 63 73 69 64 64 73 72 65 67 66 64 70 74 79 68 64 62 61 62 73 76 79 81 80 83 85 82 74 79 72 74 78 76 81 87 85
55 61 65 72 62 53 50 46 44 44 44 42 42 41 42 41 40 41 41 40 42 44 44 45 49 53 49 46 47 50 51 53 58 54 61 58 59 66 64 64 62 61 65 71 72 72 68 65 60 67 67 69 68 69 64 65 71 65 70 70 63 65 64 65 71 74 74 68 74 64 71 68 72 77 67 73 74 71 71 73 75 76 78 82 82 80 78 78 77 67 69 72 80 91 81 76
55 63 70 67 58 51 48 46 45 43 43 43 43 43 43 41 40 41 43 41 43 43 43 50 51 52 49 46 47 52 52 52 53 57 54 57 57 60 63 63 63 63 65 70 74 73 70 65 61 62 67 69 70 64 61 67 70 62 64 64 61 62 65 68 69 71 75 76 76 68 66 67 69 74 68 67 75 77 77 73 71 78 82 78 72 71 70 67 67 69 80 83 85 90 76 68
62 65 69 62 59 51 48 46 45 46 44 43 42 43 43 41 39 41 43 44 44 43 47 49 50 48 46 47 56 52 52 52 53 53 56 54 60 59 67 63 58 65 67 71 74 75 76 67 60 63 71 71 66 60 62 66 62 64 60 60 62 65 73 68 69 73 78 78 76 73 69 71 70 70 65 66 69 76 71 69 70 69 72 70 74 82 81 75 76 78 77 81 87 86 73 67
63 67 61 57 53 48 45 45 44 45 45 44 43 41 40 41 39 40 43 44 45 46 48 46 47 48 45 48 49 50 51 51 53 51 54 53 59 63 58 57 63 67 70 73 74 76 76 73 62 61 66 72 67 62 66 64 60 63 65 65 64 69 72 71 78 78 77 78 79 76 74 72 73 69 61 72 71 73 71 71 65 72 71 69 74 77 78 73 72 75 75 73 75 82 75 71
66 61 58 53 52 49 47 46 45 45 44 44 42 40 41 40 39 41 44 43 46 47 45 45 46 45 45 48 46 47 48 49 50 51 55 53 52 55 58 67 68 69 70 74 73 75 76 75 68 61 69 74 68 62 61 61 67 63 72 70 71 73 76 76 79 80 75 74 74 78 69 72 77 70 65 71 73 73 67 67 67 69 75 74 72 69 81 71 70 73 71 70 71 78 69 68
61 57 55 52 51 50 46 46 45 46 43 42 41 40 40 40 42 43 43 44 46 44 45 43 44 44 45 46 46 49 53 54 51 51 51 53 57 66 58 66 65 68 69 74 71 75 76 73 69 61 67 72 68 62 63 66 72 75 68 73 76 78 81 80 77 74 78 75 74 75 72 75 74 68 66 67 72 68 64 66 74 76 79 76 73 72 70 69 66 69 69 70 62 66 66 62
66 57 53 53 51 48 47 46 45 45 43 41 41 43 44 42 43 42 41 44 46 43 43 44 44 44 44 47 51 53 51 55 60 52 52 54 54 54 63 64 67 68 74 70 75 75 72 70 72 61 65 72 68 62 65 66 68 74 75 80 79 81 80 81 78 77 80 78 72 74 69 72 73 73 68 70 69 69 64 70 76 79 80 73 70 73 68 67 66 67 69 62 63 63 67 69
63 58 54 50 51 48 45 45 45 46 43 42 42 43 44 44 42 38 43 42 44 42 43 44 44 45 48 48 51 50 50 56 55 53 56 56 57 62 64 65 59 67 74 73 74 74 72 67 67 61 61 64 62 64 66 64 65 70 77 81 83 82 78 81 76 75 72 73 74 69 68 73 75 64 66 61 60 62 65 69 73 78 77 74 70 67 65 67 65 67 68 60 59 62 68 65
58 56 53 51 51 48 46 45 47 44 42 42 44 44 45 43 42 43 41 42 41 42 45 46 46 48 48 49 49 49 53 53 54 54 54 56 58 59 60 58 62 63 65 76 73 74 72 66 60 59 58 59 62 69 66 73 71 67 75 77 83 77 71 72 73 77 74 70 73 78 68 68 64 67 65 65 68 67 70 72 74 75 72 72 69 66 67 66 63 64 65 66 59 63 64 65
58 56 54 51 51 51 47 46 47 44 43 44 46 48 45 45 43 41 41 41 42 43 44 45 47 47 48 49 48 51 52 51 51 54 55 53 54 57 53 61 65 66 68 73 76 76 70 63 59 63 61 62 67 72 68 76 73 77 74 74 79 72 76 76 78 80 82 76 71 75 71 66 72 69 73 69 70 67 68 69 71 69 70 70 67 67 65 63 65 66 66 68 65 58 64 63
57 58 55 51 52 52 50 48 46 45 43 44 48 47 46 45 43 43 41 44 46 45 45 47 47 46 47 48 50 52 50 52 57 51 53 55 53 53 57 59 60 62 66 70 71 67 67 60 60 61 60 62 68 70 75 76 78 77 80 78 78 71 74 84 83 81 79 80 75 72 66 72 74 72 75 72 67 65 66 71 71 70 64 64 62 66 63 67 67 68 64 64 67 60 62 61
56 57 55 52 52 51 49 49 46 46 44 45 46 47 45 44 42 43 42 46 46 46 46 46 46 46 47 48 52 51 49 49 55 53 54 52 55 56 61 63 66 66 67 68 66 64 67 60 65 64 65 67 61 66 66 73 77 82 86 80 81 75 75 81 85 86 80 78 76 77 73 64 69 74 72 72 68 70 70 65 72 72 69 66 63 64 64 64 65 67 67 65 64 61 57 59
57 57 53 53 51 50 50 50 50 47 45 46 48 47 46 44 42 43 43 45 45 47 47 47 46 45 45 46 49 49 48 49 54 53 53 52 54 56 63 66 71 67 67 69 61 65 61 63 66 65 73 67 64 74 79 73 76 79 83 78 79 76 72 77 83 84 84 83 82 75 67 70 71 69 68 74 72 73 72 71 73 72 67 62 64 65 60 62 64 63 65 66 66 64 63 58
58 58 56 51 52 50 49 50 50 46 46 45 46 45 46 44 44 49 45 47 46 46 47 46 48 45 44 45 48 45 47 50 51 51 52 55 54 55 63 65 67 73 70 63 62 70 69 62 66 71 70 78 74 69 69 81 83 86 83 81 79 75 70 79 86 86 88 87 81 77 72 63 70 72 74 73 77 75 75 74 72 75 70 55 63 62 61 63 63 63 63 62 62 60 60 60
58 57 53 51 50 51 48 48 49 46 45 45 45 45 44 44 47 47 49 45 45 45 46 46 46 45 47 48 48 45 49 49 49 50 52 53 53 54 58 62 64 65 63 61 64 70 67 63 63 69 72 75 83 81 80 74 85 88 82 80 84 75 72 72 76 85 86 84 81 76 73 64 64 68 72 77 74 72 72 71 71 73 67 60 63 58 59 61 62 59 59 59 58 57 57 57
56 56 53 52 49 49 48 47 48 46 47 46 45 45 44 45 47 47 48 47 46 45 45 45 46 46 47 46 47 48 47 48 52 53 52 51 52 54 58 60 63 63 62 66 72 76 69 62 71 67 73 77 84 90 89 86 81 88 90 84 77 76 80 79 75 85 83 77 85 73 67 64 68 73 70 77 76 66 72 68 65 66 60 61 56 60 58 60 59 57 57 55 55 55 52 58
55 54 51 51 49 48 47 47 48 46 49 48 47 46 45 48 49 47 46 45 46 45 44 46 46 47 47 46 47 47 47 52 54 50 51 52 52 54 58 60 62 62 63 65 70 79 66 64 70 81 78 76 86 92 93 92 90 91 88 89 84 77 84 81 79 80 83 80 77 75 75 73 64 71 68 73 77 65 67 70 68 68 65 62 62 60 61 61 58 60 58 58 53 52 52 58
54 53 50 50 48 48 48 50 47 49 49 49 49 49 49 51 47 47 45 44 44 44 43 45 46 46 46 46 47 47 47 48 49 49 51 52 53 56 61 63 62 63 66 69 71 77 67 67 74 83 88 91 91 94 96 93 94 92 93 88 84 83 87 88 85 85 81 78 73 75 74 69 68 63 72 76 74 72 60 64 66 67 62 59 60 58 57 56 57 57 57 54 53 51 55 57
52 51 50 49 50 50 50 51 49 49 52 50 50 48 48 50 47 44 44 44 44 45 45 45 45 46 47 47 47 47 48 48 49 49 52 53 54 56 60 63 63 62 63 71 73 69 75 73 69 76 79 79 88 94 96 95 93 89 95 93 92 87 89 89 91 86 78 76 74 71 74 76 75 65 67 70 74 71 66 56 64 64 59 58 58 57 55 53 55 55 54 53 50 53 58 58
52 50 49 49 47 49 52 52 53 52 51 49 47 45 46 47 45 45 44 45 44 45 45 45 46 46 47 46 47 47 48 51 52 51 51 54 54 56 59 61 63 65 68 76 81 70 76 78 71 76 76 79 81 82 87 93 99 94 93 92 91 92 91 84 91 87 88 81 76 72 69 68 70 69 65 64 75 72 68 63 60 59 56 55 57 55 53 52 54 53 53 48 52 56 56 56
49 48 48 48 47 50 51 50 48 46 45 45 45 44 44 44 44 44 45 44 45 45 45 45 46 46 46 46 46 47 49 55 55 57 53 53 53 56 58 62 64 69 73 83 77 77 81 78 76 78 88 79 85 96 88 90 101 100 100 96 97 99 96 96 94 89 86 82 74 75 76 76 75 66 64 77 74 65 57 63 61 57 55 51 56 52 52 53 56 52 47 57 51 56 52 47
47 47 48 49 48 48 50 48 46 46 45 45 45 44 44 45 45 45 45 45 45 45 45 47 47 47 47 47 48 48 50 52 55 57 54 54 55 56 58 61 66 67 73 75 75 84 85 85 85 81 90 91 91 88 96 98 100 102 101 98 99 99 95 95 91 89 82 84 85 80 81 81 81 72 66 77 76 72 63 61 62 58 55 55 55 54 50 53 53 49 52 50 51 52 50 45
48 47 48 48 47 48 49 48 47 46 45 45 45 45 45 45 45 45 45 45 45 46 46 47 47 47 47 47 48 48 53 58 55 61 56 55 56 57 60 67 67 70 72 73 71 71 77 82 79 87 88 96 97 99 96 102 97 97 104 102 97 93 96 93 93 93 87 80 88 89 84 85 76 72 66 72 76 73 68 59 59 57 58 56 54 48 48 47 47 47 49 47 54 46 46 45
48 47 47 46 47 48 48 46 46 46 46 46 46 46 46 45 46 45 46 46 46 46 47 48 48 48 47 47 48 49 52 56 58 59 58 56 57 58 65 67 72 68 73 74 71 70 73 77 76 75 85 88 98 95 101 100 103 101 96 98 95 87 96 94 98 91 90 86 90 83 83 84 77 81 69 74 76 71 68 61 52 55 55 55 52 51 57 47 47 47 46 47 46 46 46 49
46 46 46 46 47 47 46 46 46 46 46 46 46 46 46 46 46 46 49 47 48 47 47 47 48 49 49 49 50 50 51 56 59 59 58 58 59 62 67 70 66 71 71 69 70 69 70 73 73 85 86 92 97 96 98 103 101 98 96 95 89 97 101 100 100 96 89 93 92 91 87 84 78 78 71 69 77 67 64 56 61 63 56 53 55 57 61 55 48 47 48 46 45 46 47 54
45 45 46 46 46 46 46 46 46 46 46 46 48 48 48 48 47 49 48 50 50 47 47 48 48 49 49 50 51 51 53 54 59 57 56 58 67 67 71 65 71 71 72 71 70 67 71 71 76 87 90 90 97 96 93 101 97 97 101 95 85 94 91 100 100 98 100 97 92 89 85 87 78 79 69 71 73 72 69 55 59 64 61 57 57 67 57 53 49 53 55 50 50 54 51 55
45 45 45 46 47 48 48 48 48 47 47 48 49 49 49 49 49 49 49 49 49 48 47 48 48 49 49 51 51 51 52 53 52 55 57 57 65 63 61 70 71 74 71 70 67 69 71 73 84 79 90 95 95 96 94 96 93 98 96 95 86 92 98 94 98 93 93 96 93 88 87 80 78 76 70 65 75 75 66 58 54 64 62 63 61 59 57 55 54 53 56 54 57 55 55 55
45 45 46 46 47 50 51 51 50 48 48 48 49 49 49 49 49 49 49 49 49 48 48 48 48 48 51 51 51 51 52 53 53 53 56 60 66 78 67 73 74 73 69 72 69 67 74 82 80 89 89 96 96 94 91 89 97 93 96 90 83 84 90 94 98 94 90 94 92 88 90 85 84 82 73 63 73 72 56 58 60 63 63 61 58 57 62 56 56 57 54 55 55 56 55 56
44 45 46 46 47 50 50 50 49 49 50 51 51 49 49 50 50 49 49 49 49 49 49 48 49 49 50 51 52 52 52 52 53 55 60 68 77 69 72 69 69 72 68 66 68 67 73 83 89 89 92 92 92 92 95 96 88 98 91 96 85 92 85 89 94 89 91 89 93 84 81 85 80 80 69 63 59 65 62 58 61 61 62 59 55 60 63 55 54 54 52 53 53 54 53 54
44 44 46 47 47 47 50 49 49 50 51 52 51 51 51 50 50 50 49 49 50 51 50 50 49 51 51 51 51 52 52 53 53 55 62 68 68 74 73 61 65 66 71 65 65 69 71 72 82 80 94 92 90 93 95 94 96 97 99 91 92 85 84 82 88 91 91 81 88 84 78 82 75 75 65 63 56 59 55 61 64 62 60 57 54 58 61 55 51 52 52 55 54 54 52 52
45 44 47 46 47 48 50 49 50 50 52 51 51 51 51 51 50 50 50 50 50 51 50 49 50 51 51 52 52 52 52 53 53 55 57 66 74 66 67 61 61 62 62 63 71 73 78 83 80 85 91 95 88 93 96 95 91 90 97 95 91 88 78 81 79 87 92 83 81 78 72 72 68 68 62 58 56 66 67 64 62 61 59 56 55 58 58 56 54 50 56 54 54 53 54 50
45 45 46 47 47 49 50 50 50 50 52 52 52 52 51 51 51 50 51 51 51 51 50 51 51 51 50 52 52 52 52 52 53 54 63 69 65 62 63 69 64 63 70 71 71 73 74 87 87 93 89 94 86 95 96 99 95 92 93 98 95 89 84 76 76 82 85 90 86 82 85 81 83 71 63 74 65 55 58 64 62 60 58 55 56 58 55 55 54 53 55 54 53 51 52 53
45 45 46 47 48 50 50 50 50 50 51 52 52 52 51 51 51 51 51 51 51 51 52 51 50 50 51 51 51 52 51 52 52 53 59 60 66 60 58 66 67 65 66 69 71 71 73 76 77 93 96 90 96 95 99 96 93 94 88 90 85 80 82 79 76 77 92 87 91 94 92 87 82 69 62 75 72 66 53 61 60 59 57 54 54 58 54 51 55 55 53 53 52 50 52 50
45 45 47 47 49 49 50 51 51 51 52 52 51 51 51 51 52 51 51 51 51 52 52 50 50 51 50 51 51 50 51 51 51 51 56 58 64 58 64 63 61 61 68 71 72 69 72 71 86 83 94 98 93 103 94 96 93 92 82 92 84 86 86 85 79 73 85 79 88 90 86 82 74 65 64 71 70 67 64 53 56 57 56 54 52 53 56 55 54 55 54 50 53 54 52 50
45 46 47 48 49 49 50 51 51 53 54 52 51 51 52 52 52 51 51 51 51 52 52 51 50 50 50 51 51 51 51 51 51 51 59 59 59 59 61 57 60 59 64 66 68 66 67 77 78 78 87 94 101 99 91 87 93 93 86 87 86 91 82 85 91 87 72 81 85 80 82 74 66 77 72 68 67 66 55 57 55 53 51 51 55 56 55 52 54 55 51 50 54 54 51 49
