Climate/data/grids_germany_multi_annual_air_temp_mean_1981-2010_09.asc
NCOLS 654
NROWS 866
XLLCORNER 3280414.711633467
YLLCORNER 5237500.62890625
CELLSIZE 1000
NODATA_VALUE -999
[rows 533 to 573 of 866, columns 376 to 469 of 654]
133 132 132 132 131 125 125 127 131 131 132 125 127 132 129 130 122 116 123 118 114 118 118 122 120 118 117 115 118 115 115 115 114 115 116 113 115 118 118 119 117 115 118 119 119 120 118 121 119 121 121 123 122 122 123 120 119 118 119 119 119 118 117 117 117 116 115 116 115 114 -999 -999 -999 -999 -999 -999 -999 -999 115 118 119 120 -999 -999 -999 -999 -999 -999 -999 -999 -999 -999 -999 -999
134 128 126 131 126 126 124 128 129 132 133 128 130 126 127 130 128 123 121 115 118 121 120 119 117 117 113 116 119 120 115 115 114 113 115 115 117 118 118 119 118 116 118 119 120 119 119 120 120 120 121 121 121 122 123 119 119 117 118 117 118 117 117 116 114 116 117 116 115 114 -999 -999 -999 -999 -999 -999 -999 -999 115 116 118 -999 -999 -999 -999 -999 -999 -999 -999 -999 -999 -999 -999 -999
132 133 130 127 124 126 125 125 130 131 131 132 131 128 126 127 130 127 123 121 120 121 121 120 116 118 118 119 119 116 116 117 113 112 113 116 117 118 118 118 118 117 119 119 120 120 121 121 122 120 121 122 122 121 122 121 121 118 118 118 115 115 115 112 113 116 116 115 115 114 114 -999 -999 -999 -999 -999 -999 -999 112 114 114 -999 -999 -999 -999 -999 -999 -999 -999 -999 -999 -999 -999 -999
132 133 129 126 128 127 128 128 133 126 127 128 131 128 126 125 127 128 128 127 120 123 121 118 120 119 118 123 116 115 119 114 115 114 115 115 116 117 117 117 118 117 118 118 119 121 121 120 122 122 121 120 120 120 120 120 119 119 117 117 115 115 115 115 115 115 114 114 114 115 116 -999 -999 -999 -999 -999 -999 109 110 112 115 118 -999 -999 -999 -999 -999 -999 -999 -999 -999 -999 -999 -999
132 134 132 131 130 131 132 134 133 126 129 125 125 128 127 126 125 127 128 128 124 123 118 120 121 126 118 124 120 115 116 116 117 116 115 117 117 115 117 118 120 120 120 120 121 120 121 119 121 121 121 121 119 120 121 121 119 116 114 115 113 115 117 115 114 114 116 116 116 114 114 113 -999 -999 -999 -999 -999 -999 112 116 120 -999 -999 -999 -999 -999 -999 -999 -999 -999 -999 -999 -999 -999
135 134 132 131 132 132 133 133 133 132 131 128 127 130 129 125 124 126 127 128 129 120 122 122 124 127 122 122 120 118 118 119 117 118 116 116 117 115 118 118 117 119 120 121 120 120 121 120 120 119 120 119 118 119 118 120 118 115 110 110 112 115 117 116 116 117 117 117 117 116 115 113 -999 -999 -999 -999 -999 -999 -999 119 120 -999 -999 -999 -999 -999 -999 -999 -999 -999 -999 -999 -999 -999
135 135 130 132 134 134 133 131 130 125 126 130 125 125 125 130 124 125 127 128 130 125 125 126 124 118 122 125 120 121 118 117 118 119 117 116 115 116 117 117 117 118 119 120 120 120 121 118 119 120 116 116 114 115 114 119 119 112 112 111 116 117 118 118 118 118 118 117 118 116 117 117 116 -999 -999 -999 -999 -999 -999 -999 -999 -999 -999 -999 -999 -999 -999 -999 -999 -999 -999 -999 -999 -999
135 135 134 134 133 132 132 131 131 129 125 127 126 128 123 125 126 124 126 127 129 131 124 119 119 118 122 119 119 118 119 119 118 120 117 115 116 115 116 116 118 118 119 121 120 120 119 119 118 117 115 113 114 115 117 118 119 117 115 115 117 118 119 117 118 119 119 116 116 116 117 117 116 -999 -999 -999 -999 -999 -999 -999 -999 -999 -999 -999 -999 -999 -999 -999 -999 -999 -999 -999 -999 -999
135 135 134 133 129 130 131 129 130 128 126 129 123 124 126 128 126 129 124 125 127 131 131 128 119 119 122 119 116 121 121 121 120 120 118 118 117 118 118 116 118 118 116 117 119 120 118 122 114 111 111 110 114 117 118 119 118 118 118 118 116 118 119 119 121 118 119 118 117 117 117 117 -999 -999 -999 -999 -999 -999 -999 -999 -999 -999 -999 -999 -999 -999 -999 -999 -999 -999 -999 -999 -999 -999
135 132 132 127 128 129 130 128 127 123 127 125 126 123 124 126 129 127 126 125 125 127 131 130 127 121 124 120 119 120 121 122 121 120 117 119 118 117 117 117 116 118 118 119 119 119 117 112 109 105 109 112 116 117 117 117 117 118 119 118 117 118 120 121 119 120 118 118 118 118 117 117 -999 -999 -999 -999 -999 -999 -999 -999 -999 -999 -999 -999 -999 -999 -999 -999 -999 -999 -999 -999 -999 -999
134 132 131 129 127 128 128 129 129 128 125 129 131 127 126 127 126 125 128 125 125 125 129 131 129 122 125 121 119 121 121 123 120 118 119 117 116 119 117 118 116 116 118 119 118 118 114 108 108 108 108 112 116 114 117 118 119 120 119 120 119 120 120 120 121 121 121 120 119 120 120 118 118 -999 -999 -999 -999 -999 -999 -999 -999 -999 -999 -999 -999 -999 -999 -999 -999 -999 -999 -999 -999 -999
131 134 134 132 132 131 131 129 130 130 129 129 131 128 125 127 131 130 124 124 127 125 127 132 132 130 121 123 119 120 124 121 118 121 120 117 117 119 120 117 118 118 117 117 113 117 114 108 107 109 111 112 114 117 118 120 120 120 121 120 120 121 119 121 121 120 119 121 121 121 121 119 119 -999 -999 -999 -999 -999 -999 -999 -999 -999 -999 -999 -999 -999 -999 -999 -999 -999 -999 -999 -999 -999
132 133 134 134 133 132 133 133 132 129 128 131 130 129 126 126 129 131 127 126 124 125 125 126 130 132 130 125 120 122 122 121 120 120 118 117 114 119 121 120 119 119 117 118 115 115 111 107 111 110 114 116 117 118 119 119 121 119 120 120 120 121 120 119 120 120 120 119 119 119 122 123 120 -999 -999 -999 -999 -999 -999 -999 -999 -999 -999 -999 -999 -999 -999 -999 -999 -999 -999 -999 -999 -999
131 132 128 131 134 134 133 131 134 130 132 130 130 132 128 128 131 132 132 129 127 126 127 132 127 130 132 131 127 121 123 123 121 122 122 118 117 120 121 118 119 119 118 118 115 113 108 112 114 115 115 116 116 117 115 119 120 119 120 120 120 119 117 117 119 118 120 120 119 120 120 126 121 124 -999 -999 -999 -999 -999 -999 -999 -999 -999 -999 -999 -999 -999 -999 -999 -999 -999 -999 -999 -999
129 132 133 134 133 133 134 134 134 134 134 133 131 132 130 130 129 131 133 133 133 133 133 132 126 128 130 132 131 129 127 122 126 121 123 120 120 122 122 119 121 120 117 116 111 109 113 115 116 116 116 115 116 116 117 118 119 119 119 119 119 119 118 118 118 117 119 118 118 119 119 115 119 121 121 -999 -999 -999 -999 -999 -999 -999 -999 -999 -999 -999 -999 -999 -999 -999 -999 -999 -999 -999
131 131 130 132 133 132 133 132 131 133 134 134 133 133 133 132 132 133 133 131 128 126 125 132 127 127 128 131 131 131 127 123 121 125 122 119 121 122 122 122 122 118 116 116 114 114 114 115 116 116 115 117 116 117 117 118 118 119 119 118 119 118 119 116 117 117 118 119 119 120 120 118 120 122 123 124 124 -999 -999 -999 -999 -999 -999 -999 -999 -999 -999 -999 -999 -999 -999 -999 -999 -999
128 125 122 127 132 131 127 128 130 131 130 132 134 134 134 134 133 132 132 132 131 125 125 130 132 127 128 129 131 130 128 122 122 121 122 120 121 123 122 124 118 114 112 113 115 113 114 115 115 114 115 115 116 116 117 119 117 118 118 118 118 116 116 117 116 118 119 120 120 121 121 120 120 122 124 123 123 122 -999 -999 -999 -999 -999 -999 -999 -999 -999 -999 -999 -999 -999 -999 -999 -999
124 124 127 128 133 131 128 126 126 130 132 133 131 131 131 133 133 133 132 130 129 128 123 126 130 132 130 128 130 130 129 122 120 123 121 121 120 121 122 120 119 113 109 109 109 109 110 110 112 110 112 115 114 116 117 117 120 120 118 118 117 117 117 119 118 118 119 120 120 120 123 121 123 125 124 123 122 122 -999 -999 -999 -999 -999 -999 -999 -999 -999 -999 -999 -999 -999 -999 -999 -999
129 125 128 130 132 130 127 127 129 129 130 133 130 132 131 133 133 133 133 132 131 129 123 123 125 129 132 129 131 130 129 123 122 123 122 122 121 122 120 121 119 115 113 110 106 107 107 109 107 106 111 114 115 113 114 118 117 119 118 119 118 117 118 120 118 118 118 119 121 123 123 125 125 124 122 119 120 120 -999 -999 -999 -999 -999 -999 -999 -999 -999 -999 -999 -999 -999 -999 -999 -999
127 129 127 131 127 129 128 127 126 128 131 129 130 131 132 132 132 133 133 132 130 130 123 125 123 125 132 129 132 130 130 128 122 119 122 121 122 123 120 117 114 112 113 116 113 113 109 101 100 109 111 114 114 113 115 117 118 117 116 119 120 120 120 118 120 119 120 122 122 122 122 123 122 118 119 120 120 120 118 120 122 -999 -999 -999 -999 -999 -999 -999 -999 -999 -999 -999 -999 -999
126 125 130 126 125 125 123 122 122 129 130 129 129 129 131 129 131 131 133 132 132 131 125 131 131 130 131 125 129 131 130 130 124 122 122 122 126 121 118 115 115 118 114 112 113 114 111 101 97 108 113 113 114 116 116 116 116 114 116 120 119 120 118 121 121 119 121 121 123 123 123 120 119 121 121 121 120 119 118 120 120 123 -999 -999 -999 -999 -999 -999 -999 -999 -999 -999 -999 -999
127 125 127 125 125 128 124 124 124 124 128 129 129 131 132 132 131 132 131 132 131 131 130 128 131 132 125 126 125 129 131 130 129 129 128 127 121 122 122 120 113 109 110 112 107 105 111 107 103 105 112 111 115 118 117 116 115 118 120 121 122 121 120 121 121 122 122 123 122 123 123 123 122 122 122 122 121 120 118 122 123 123 123 125 -999 -999 -999 -999 -999 -999 -999 -999 -999 -999
125 130 126 132 125 126 125 123 124 122 122 126 130 130 131 133 132 131 129 132 131 131 129 129 124 132 127 124 124 127 129 130 130 130 129 123 120 117 117 113 110 108 111 108 100 100 106 109 107 100 107 113 114 119 118 116 118 119 121 118 120 122 121 119 121 123 123 123 124 123 123 120 120 121 120 120 119 119 119 122 121 125 124 123 -999 -999 -999 -999 -999 -999 -999 -999 -999 -999
125 126 129 126 125 126 125 125 124 124 123 126 131 128 131 132 129 127 130 132 132 131 131 129 131 131 131 131 129 124 127 130 130 130 127 123 123 124 116 112 111 108 111 109 106 102 105 105 109 106 106 115 118 120 120 120 121 120 118 119 120 119 119 119 121 122 121 122 118 120 120 118 120 120 119 118 120 121 118 122 124 126 123 122 123 124 -999 -999 -999 -999 -999 -999 -999 -999
126 128 126 125 125 125 125 125 125 125 124 126 126 125 130 130 128 130 133 132 133 132 131 130 130 131 130 131 130 128 126 127 129 129 129 126 125 121 117 111 108 110 111 114 111 109 106 110 110 110 106 111 118 119 120 120 117 117 116 118 118 116 118 120 121 121 123 122 118 117 118 116 120 121 121 121 121 122 123 123 125 126 123 121 121 122 124 125 122 119 -999 -999 -999 -999
126 128 125 124 125 125 125 125 126 125 124 124 125 127 130 128 131 132 133 131 131 133 132 132 131 129 130 130 131 127 124 127 128 128 129 127 122 121 116 111 107 110 117 111 112 112 111 111 110 114 113 113 116 115 118 117 115 111 108 116 119 116 119 122 122 121 121 121 118 117 117 118 120 121 121 122 121 120 123 124 125 125 123 121 121 123 123 124 124 122 -999 -999 -999 -999
126 126 126 126 125 125 126 126 126 126 125 124 124 128 124 128 129 130 131 128 131 130 132 132 131 129 129 127 130 131 129 125 127 128 128 127 124 123 113 109 105 111 117 118 114 110 112 114 115 114 115 115 112 110 114 114 119 109 109 116 114 117 116 122 124 122 119 117 119 116 119 120 119 120 121 123 123 121 123 124 125 123 123 121 121 122 122 123 124 123 122 118 118 117
126 126 127 126 126 126 125 126 127 126 125 125 124 126 123 123 127 127 126 127 129 131 131 132 130 125 127 128 128 130 129 124 125 127 127 127 124 116 112 110 104 113 118 113 110 110 113 115 117 116 115 116 118 116 116 114 109 106 113 116 116 119 122 123 121 121 120 120 119 121 121 121 120 120 120 124 123 124 124 125 125 123 123 122 120 122 121 122 123 122 121 120 119 115
125 126 127 127 127 126 127 126 126 125 125 123 123 124 123 125 122 127 128 130 131 129 130 132 132 130 127 127 127 129 131 128 124 125 126 125 123 116 114 108 106 116 112 113 106 110 113 116 117 116 116 117 119 118 115 115 113 111 115 116 120 121 122 122 119 120 119 118 119 122 121 122 121 120 120 123 123 124 125 123 122 122 122 122 120 118 121 120 122 120 121 120 116 112
127 127 128 127 128 127 128 126 126 125 124 123 122 124 125 122 123 127 130 130 128 127 128 130 132 131 129 129 127 129 130 130 128 129 123 124 124 122 120 122 112 117 111 107 108 107 110 112 115 117 119 118 118 119 118 116 117 115 115 115 119 121 122 121 117 119 116 116 119 120 117 121 123 119 122 123 124 124 124 123 124 121 120 119 121 120 116 121 119 116 119 119 113 -999
127 127 127 128 129 128 127 127 128 125 122 123 123 125 124 124 123 125 128 129 127 130 130 131 130 132 131 129 126 129 130 129 126 122 127 126 127 125 125 122 118 124 111 108 108 109 108 108 114 117 119 119 118 121 119 118 117 118 116 118 120 121 120 119 119 118 117 116 116 117 116 120 123 121 123 123 124 123 125 122 122 123 122 121 120 120 113 118 115 112 116 114 114 -999
127 127 127 128 130 128 128 127 129 125 123 123 123 125 126 124 122 121 126 127 129 130 128 128 130 131 132 131 130 130 130 130 129 127 126 124 124 126 125 123 119 122 117 115 110 116 112 113 108 111 118 121 120 119 121 120 117 119 118 120 119 120 120 116 117 114 115 112 115 118 122 122 123 123 123 123 123 123 123 120 121 121 121 121 119 119 116 114 118 113 113 114 114 113
128 128 128 128 128 129 127 129 128 126 123 123 123 127 123 127 124 125 127 125 127 127 127 127 129 129 130 131 131 130 130 130 126 125 124 122 123 126 126 126 125 120 117 111 110 109 116 116 112 113 116 119 119 120 120 119 119 120 121 119 118 120 118 115 113 113 112 114 120 122 121 123 123 123 124 124 124 123 123 124 123 121 122 122 121 120 118 118 118 117 117 117 113 115
128 128 127 128 128 129 129 130 128 127 125 125 124 127 123 127 124 125 126 126 128 127 127 126 127 128 131 131 131 131 131 132 129 126 123 120 121 126 123 125 125 125 123 120 118 113 112 119 118 120 120 117 120 120 122 122 121 122 122 119 117 119 117 114 110 111 113 117 118 121 123 124 123 125 124 125 124 123 123 123 123 124 124 123 123 121 121 120 121 121 120 118 118 117
129 129 127 127 129 129 130 130 129 127 126 125 126 127 130 125 127 124 126 128 127 128 128 129 128 131 130 132 132 131 129 131 131 129 124 121 123 122 124 122 122 121 121 122 123 122 118 121 118 122 120 118 118 118 118 121 123 123 121 120 116 115 113 107 107 115 115 118 120 122 122 124 125 126 125 126 125 125 124 123 123 123 123 123 123 123 122 122 122 122 120 119 119 119
128 130 128 129 128 129 130 131 130 129 127 130 127 127 129 130 130 129 128 128 127 127 128 128 130 129 129 132 132 131 129 129 131 130 128 124 124 122 122 123 121 122 123 123 124 124 122 121 122 123 123 121 116 117 119 120 123 120 121 116 114 110 106 107 111 113 119 120 119 122 123 125 125 125 125 125 125 126 125 124 124 123 124 122 122 123 123 123 123 123 122 121 121 118
129 128 129 128 128 129 130 130 131 130 127 130 125 130 131 131 127 126 123 126 127 126 128 128 130 129 128 131 131 126 128 128 127 129 131 128 126 125 123 123 120 122 122 124 124 124 125 123 123 123 123 124 123 119 121 119 121 124 120 117 114 107 108 103 119 120 121 120 121 123 125 125 126 126 126 125 126 126 126 125 125 125 124 123 121 122 122 124 123 122 122 121 119 120
128 129 129 130 129 129 130 130 131 130 130 128 125 128 132 130 127 128 129 128 128 128 127 128 128 129 128 128 128 130 130 129 129 124 127 130 129 128 126 125 125 123 122 124 125 125 125 125 125 125 124 125 124 124 124 119 119 123 119 116 113 109 108 112 118 119 121 124 123 123 125 125 126 126 126 126 126 127 126 127 125 125 125 123 124 124 122 123 122 122 120 119 118 119
127 128 129 130 128 129 130 130 130 130 131 131 128 125 130 129 130 125 128 128 127 127 124 127 129 129 128 127 128 129 130 129 128 126 128 131 129 129 127 127 126 124 124 125 125 125 125 125 125 125 126 125 125 125 125 117 117 124 122 120 116 113 110 119 122 122 123 125 124 125 126 126 126 126 126 126 127 127 126 126 126 126 124 124 125 124 123 123 122 121 119 116 118 116
127 127 128 130 128 128 128 129 129 130 131 132 131 131 127 125 126 125 126 127 126 125 126 127 128 127 126 125 124 125 126 129 128 127 128 130 128 128 128 128 127 126 126 126 127 126 126 124 125 124 125 125 125 125 124 122 117 120 124 123 119 116 114 118 122 124 125 125 125 125 126 126 125 125 125 126 126 126 126 126 125 124 125 124 124 124 124 122 121 119 118 116 113 114
127 128 128 130 128 128 129 128 128 129 130 131 132 130 128 125 130 129 126 126 127 122 125 127 126 123 124 125 125 125 127 128 128 125 128 129 129 129 128 128 125 127 127 126 126 126 126 125 126 126 125 126 126 124 123 122 116 116 119 125 121 117 118 119 122 125 126 125 124 126 121 125 125 125 126 127 126 126 126 126 126 125 125 125 124 125 123 122 121 118 117 111 112 113
