Climate/data/grids_germany_multi_annual_air_temp_mean_1981-2010_15.asc
NCOLS 654
NROWS 866
XLLCORNER 3280414.711633467
YLLCORNER 5237500.62890625
CELLSIZE 1000
NODATA_VALUE -999
[rows 510 to 560 of 866, columns 96 to 191 of 654]
99 102 103 96 97 94 106 106 97 94 95 98 99 103 105 106 103 102 103 101 100 95 100 94 94 95 94 94 94 96 94 92 91 91 92 90 90 91 92 92 93 92 92 90 89 89 90 91 91 89 91 92 94 95 97 99 97 95 94 93 92 92 92 91 92 94 93 91 88 96 94 94 95 94 92 91 92 88 89 91 88 91 91 93 93 93 92 92 90 88 87 88 89 90 92 93
99 96 97 96 98 94 103 106 106 98 98 104 103 103 106 105 105 105 105 105 104 100 105 97 95 96 93 95 98 92 92 89 90 89 90 90 89 92 93 93 91 92 93 93 91 90 90 91 91 92 92 93 94 97 97 98 97 95 95 94 94 94 93 94 94 95 94 91 91 95 95 91 95 96 94 93 93 93 93 91 92 91 91 91 95 92 92 91 88 87 89 89 90 93 92 95
94 96 93 95 97 93 94 97 98 106 106 106 106 104 105 106 106 106 106 106 106 104 106 100 100 98 101 96 93 96 92 90 88 87 86 88 87 91 91 91 93 92 92 91 90 91 93 93 91 93 92 93 93 95 96 97 97 95 95 94 94 95 90 93 95 95 94 93 94 94 96 94 92 94 92 92 93 96 93 93 92 90 89 91 94 93 91 92 91 88 91 91 91 91 91 93
88 93 92 95 94 93 97 99 101 104 105 106 106 106 106 106 107 106 107 107 107 107 106 100 97 96 95 94 98 94 92 92 88 86 83 85 87 90 91 92 93 91 92 93 92 92 93 92 91 93 95 93 93 95 97 99 96 95 94 95 95 95 94 93 94 95 92 91 94 94 96 93 93 94 91 90 92 92 95 92 91 91 87 87 92 94 92 90 89 88 88 88 89 89 88 91
94 94 92 93 92 94 99 100 101 103 104 105 105 107 106 107 107 107 108 107 107 107 106 101 101 99 98 98 96 95 95 89 86 83 80 82 84 89 91 92 92 94 91 94 93 91 91 91 94 94 95 93 92 95 98 100 96 97 96 96 97 96 96 94 97 94 92 91 93 93 96 95 94 94 93 91 89 90 93 94 91 90 87 86 90 91 92 92 92 91 90 86 85 89 90 88
94 94 87 95 97 98 99 99 99 101 104 107 105 106 107 107 107 107 108 108 109 108 107 101 100 101 100 95 97 98 95 90 83 80 80 84 86 88 89 89 90 93 93 94 89 88 89 90 91 94 95 97 98 96 97 100 97 96 96 98 97 97 95 96 95 96 93 92 94 94 97 93 95 92 92 92 90 92 94 96 93 90 89 88 87 88 89 92 92 92 90 88 86 86 86 88
94 92 85 90 96 100 101 101 100 101 104 106 104 105 107 107 107 107 107 108 108 108 109 106 101 101 102 100 98 96 92 88 88 87 86 83 84 88 89 90 90 88 89 92 90 90 90 90 91 91 92 93 95 98 99 100 98 97 96 100 100 100 96 98 96 97 96 96 95 94 97 91 94 91 89 88 91 91 95 91 96 90 89 89 87 86 88 89 88 89 89 91 89 87 85 84
93 92 95 97 99 101 102 103 103 103 105 105 102 103 106 107 107 107 107 107 108 108 108 108 107 105 104 100 98 101 96 91 94 87 87 85 86 89 89 90 86 87 89 91 91 92 90 91 91 93 94 95 95 96 99 100 99 97 98 100 99 100 97 99 96 98 99 99 96 97 98 93 91 91 90 90 92 90 91 90 95 93 88 87 86 85 87 91 91 90 86 86 84 83 89 88
94 95 96 98 99 101 101 101 103 104 105 103 101 103 103 106 107 107 108 108 108 108 108 108 107 104 103 99 99 94 92 97 91 89 88 90 90 87 87 89 88 87 89 91 94 91 90 88 90 92 95 95 95 97 98 100 101 99 98 100 100 98 97 97 100 97 97 97 98 100 97 98 92 92 91 91 94 89 92 94 92 89 91 88 86 88 86 88 87 87 88 86 84 87 87 91
95 96 98 98 100 101 97 99 103 102 104 103 100 103 100 102 106 102 103 105 107 108 108 108 108 107 102 100 98 95 93 92 94 95 94 92 87 83 85 88 86 90 91 94 97 92 92 88 88 93 94 95 101 99 100 101 101 101 99 98 99 100 97 97 97 97 98 96 94 94 94 93 92 92 90 89 88 90 91 91 93 92 90 93 90 90 90 89 85 83 84 87 88 86 89 91
97 97 99 99 100 101 100 99 103 99 100 103 100 100 100 104 103 101 104 106 107 107 108 107 108 104 101 103 98 95 92 91 90 93 94 94 84 83 86 86 88 89 91 97 93 86 88 92 92 92 95 98 100 97 101 100 100 98 98 96 96 98 97 96 97 96 96 93 93 94 92 92 91 91 89 91 90 89 93 93 96 92 91 92 90 91 91 87 84 84 87 90 89 91 91 92
99 100 100 101 100 101 98 101 99 97 98 100 99 99 101 100 101 102 104 104 107 108 108 108 108 103 101 100 95 93 93 90 92 98 91 86 84 84 87 85 86 88 90 97 89 87 89 92 93 93 96 98 100 100 100 99 98 98 98 96 97 98 98 95 95 95 95 94 95 93 94 93 92 92 92 89 89 88 88 91 93 92 90 89 91 89 86 88 87 86 89 86 92 90 90 91
99 99 98 99 100 100 98 101 101 99 99 99 98 100 100 100 101 102 102 102 104 109 109 108 109 105 102 99 95 93 95 92 95 93 88 88 90 85 83 86 85 89 92 98 89 89 91 94 93 95 96 98 98 97 98 99 97 97 97 97 97 97 97 99 99 97 96 97 96 95 92 93 92 89 90 86 86 88 92 92 92 90 91 90 88 88 88 86 85 88 89 89 89 94 92 94
97 96 97 98 99 99 99 99 98 98 95 93 95 98 96 99 100 101 102 104 109 106 105 109 107 102 100 96 93 92 95 94 98 94 87 97 88 86 87 85 90 93 95 91 92 90 94 100 100 94 96 95 96 96 97 100 97 97 96 95 95 93 97 100 97 99 98 96 95 95 93 92 94 89 85 86 87 86 88 92 90 93 90 89 90 89 87 86 86 88 91 90 91 94 95 92
97 96 95 98 98 98 100 96 96 96 93 93 94 93 98 98 100 99 102 105 109 105 108 109 107 102 96 95 97 105 101 99 95 88 89 99 90 89 90 86 86 88 99 89 92 94 98 95 95 100 98 93 92 97 97 99 100 97 92 94 95 96 97 97 99 95 96 98 96 95 95 94 93 88 87 86 85 86 87 94 89 90 91 91 88 87 88 88 89 89 91 92 93 88 93 92
98 96 97 98 98 98 97 96 95 94 94 94 96 95 98 104 96 100 102 105 109 107 105 109 105 99 96 94 105 98 98 102 103 102 98 96 87 89 92 88 87 95 92 90 95 99 96 95 96 94 94 92 92 93 96 96 99 95 97 96 97 95 95 97 99 98 95 96 98 96 97 94 95 93 89 84 86 87 90 93 93 88 90 91 90 88 88 90 91 91 92 92 93 90 89 91
92 94 96 97 98 98 99 95 95 95 96 97 99 98 105 107 99 101 106 107 100 101 104 109 106 98 98 96 102 99 93 91 99 100 102 101 90 94 94 92 92 98 92 97 92 97 95 101 94 94 92 91 89 92 95 95 98 100 97 95 96 94 97 96 98 99 97 94 96 98 95 93 91 92 87 83 85 87 88 86 86 87 86 89 88 88 87 88 89 90 92 93 91 89 89 92
92 92 96 98 98 98 98 96 96 96 97 96 98 105 103 101 107 107 102 96 96 92 104 109 106 106 107 104 99 95 92 93 96 96 92 90 100 101 99 95 98 98 96 92 94 98 93 97 96 97 93 93 90 89 94 97 97 99 97 96 95 93 95 96 97 96 98 95 94 96 96 94 94 92 91 87 83 86 85 86 86 90 87 84 87 85 88 90 90 92 92 90 91 89 90 91
94 95 97 98 98 97 97 97 99 96 98 100 104 101 100 100 100 101 99 98 95 94 95 108 108 103 98 103 102 99 92 90 93 90 91 94 97 100 92 96 102 95 98 91 90 92 91 95 97 92 93 92 89 89 93 97 96 98 95 95 93 93 95 96 95 93 93 98 94 93 97 95 92 95 94 91 88 84 84 86 87 85 87 89 87 85 88 90 91 91 90 89 89 88 88 88
92 95 97 99 98 97 100 101 100 99 101 102 102 102 104 104 99 96 101 98 97 95 98 103 108 106 100 101 95 92 95 94 87 91 89 91 94 94 98 91 95 93 93 91 89 88 90 91 94 92 93 89 88 86 92 95 98 96 94 94 93 92 93 94 92 93 92 94 95 93 96 96 94 91 91 93 89 86 87 82 84 83 88 86 88 87 86 88 89 89 90 90 91 91 89 87
92 96 98 99 99 101 102 102 102 102 102 102 102 106 98 96 96 94 99 98 94 92 96 101 104 107 102 98 95 97 96 91 91 88 88 89 91 93 98 91 91 93 94 92 97 91 91 89 92 92 90 88 88 90 93 95 97 97 94 92 92 90 91 91 91 92 92 96 94 92 97 97 95 94 92 90 90 90 88 82 84 84 81 77 79 87 83 86 89 88 90 91 91 91 88 85
93 95 98 99 101 100 102 102 100 97 97 98 98 107 95 92 93 92 93 92 94 99 100 100 103 107 107 103 98 95 98 94 93 87 89 90 90 95 96 92 91 93 94 94 89 95 90 89 91 90 91 92 89 90 93 95 99 95 97 91 90 89 88 90 90 91 94 96 98 92 96 97 96 93 91 89 88 86 86 81 81 80 81 79 83 86 83 85 87 89 89 90 90 91 91 88
92 93 97 98 99 100 101 98 96 96 97 98 99 102 95 97 92 91 90 89 92 96 99 103 104 103 105 105 95 91 92 90 88 89 91 91 91 92 93 94 92 93 95 96 92 90 93 91 94 92 92 91 89 91 91 94 99 92 93 96 94 92 88 90 90 93 95 94 94 95 95 96 97 95 91 92 92 88 86 86 80 82 84 83 81 79 83 81 87 87 87 87 87 85 88 87
95 93 95 97 99 99 99 96 96 96 96 99 107 101 91 91 94 96 88 90 90 92 98 98 98 99 99 106 100 99 96 90 88 89 91 93 94 88 93 91 92 90 93 92 93 89 88 90 86 91 91 92 90 88 94 95 97 95 92 92 92 92 93 91 89 90 91 93 93 97 94 94 95 96 95 90 90 87 90 87 85 77 79 84 84 78 80 79 85 84 80 81 86 88 87 88
93 97 96 98 98 99 97 96 96 99 97 97 104 104 97 93 90 89 90 95 96 96 106 107 106 108 106 106 93 91 95 91 89 90 92 93 94 96 94 94 92 90 90 90 92 92 90 86 87 90 89 90 92 90 90 93 99 94 92 92 94 91 91 89 88 87 90 91 92 94 96 93 95 94 95 95 91 92 91 92 85 78 84 78 79 78 76 77 79 82 79 82 90 92 93 94
93 94 99 98 99 97 95 96 97 99 97 97 106 90 98 94 93 89 93 93 103 103 106 98 98 100 101 95 95 95 89 87 88 91 94 95 95 94 97 94 92 93 91 88 91 91 87 87 88 88 88 89 91 92 90 91 95 95 96 95 92 90 89 89 91 89 90 90 92 93 96 93 93 93 94 93 88 88 89 85 86 79 80 75 73 73 74 74 76 81 84 88 93 95 96 98
96 96 97 101 99 97 95 95 96 99 105 102 106 97 95 90 91 89 91 99 93 95 105 105 106 95 94 93 91 89 86 89 88 90 93 91 92 93 95 97 94 91 90 90 89 93 89 86 86 87 90 90 88 91 91 94 98 94 93 94 92 92 92 92 90 89 88 90 95 91 94 93 92 90 94 93 89 86 88 87 86 84 76 76 70 67 74 76 81 82 88 92 94 96 97 98
95 99 98 98 99 97 95 96 98 104 97 99 100 95 98 95 91 92 91 94 92 93 97 101 98 102 93 91 91 92 90 93 89 90 90 91 93 94 96 95 96 92 92 89 89 89 91 89 85 87 86 86 88 90 93 97 96 96 93 91 95 94 90 92 88 89 87 89 94 88 94 94 91 89 92 94 91 89 87 87 86 83 77 73 66 70 77 84 87 83 89 93 94 96 97 99
97 97 95 97 103 98 95 96 103 97 97 96 100 96 94 93 94 92 91 90 89 89 93 96 98 105 100 94 90 95 95 94 90 89 90 91 93 95 92 94 96 93 90 89 90 87 89 86 83 84 85 89 90 88 93 92 90 92 92 92 92 92 88 87 87 88 87 92 91 91 93 94 94 93 90 91 91 89 89 88 84 78 77 72 68 74 77 75 79 89 91 94 94 96 98 99
97 101 96 95 102 96 101 105 96 102 100 97 96 103 95 93 92 92 93 90 89 87 90 88 99 103 105 91 91 93 97 98 94 90 92 91 93 93 90 92 93 92 91 92 89 88 88 84 83 83 86 88 87 87 95 90 88 90 93 90 90 93 90 92 92 90 87 87 87 90 92 94 92 90 88 90 91 91 88 85 85 80 76 75 75 75 69 77 85 89 91 93 96 97 98 99
98 97 101 105 97 95 104 101 94 102 104 96 93 95 95 94 95 95 93 91 91 88 85 87 91 97 99 94 93 95 96 98 94 93 92 90 90 91 91 90 94 93 92 90 89 88 90 88 85 82 84 88 85 89 94 94 90 90 93 93 89 89 91 88 90 88 84 90 90 90 91 93 90 89 86 89 89 91 87 88 85 87 82 80 78 84 78 83 87 91 92 94 96 98 99 99
99 95 105 97 105 103 100 92 98 96 96 97 95 96 99 98 96 93 91 90 89 87 86 83 87 94 98 98 94 94 95 94 95 95 91 92 88 90 89 90 91 91 93 92 89 89 90 89 87 83 84 86 87 87 90 88 95 93 92 93 92 89 89 87 89 88 85 85 84 88 88 92 90 88 87 84 89 92 90 88 88 85 80 80 80 87 85 87 91 93 95 95 97 99 100 100
105 105 102 96 95 95 94 97 92 94 94 97 94 94 95 94 90 95 89 91 87 87 86 85 87 96 102 105 98 96 101 94 96 96 95 90 91 92 89 89 90 89 90 93 89 90 87 86 84 82 82 83 84 88 90 89 92 89 89 90 91 88 86 86 85 87 86 87 86 84 85 90 91 90 84 83 85 91 89 89 88 82 85 87 90 88 89 93 95 95 97 97 98 100 101 101
95 104 101 91 92 98 98 93 91 94 95 97 92 93 93 90 90 91 90 90 86 87 85 83 84 94 95 95 104 105 104 94 101 95 94 94 94 94 90 90 87 91 91 91 89 87 87 86 84 86 86 82 83 82 88 89 94 93 87 88 87 86 87 84 87 88 86 89 87 83 88 88 90 92 88 87 89 93 95 86 87 91 90 92 92 91 88 93 98 97 99 98 100 100 101 103
102 93 97 94 93 97 99 95 92 94 92 102 97 91 89 90 89 88 88 87 86 95 84 82 84 86 92 92 94 97 98 102 101 99 99 98 91 91 92 89 86 87 89 90 87 85 84 82 87 87 88 86 82 82 83 84 88 94 89 86 85 85 87 87 87 89 89 87 85 83 84 81 84 92 93 91 92 89 92 88 84 93 94 92 93 94 91 94 98 99 99 100 100 101 102 103
97 93 100 97 95 92 100 92 91 91 92 95 94 92 90 92 89 89 89 87 86 85 85 86 89 90 92 97 94 95 103 103 102 96 94 94 93 90 92 90 86 87 88 90 86 84 84 86 87 88 87 84 83 85 84 89 90 90 88 89 87 86 87 88 89 90 89 87 84 79 81 85 89 93 93 93 92 92 95 92 91 94 95 93 95 94 94 96 99 100 101 102 101 101 103 104
97 96 100 96 94 93 95 96 93 91 91 93 95 92 92 91 91 93 91 89 87 90 87 86 93 93 97 95 95 98 95 95 103 97 96 93 91 99 91 88 86 86 86 91 87 86 87 90 86 91 89 84 83 86 85 86 88 91 89 88 87 88 90 90 90 87 86 87 83 81 84 84 85 87 90 93 94 96 93 95 94 92 96 95 96 95 99 99 100 101 102 102 103 103 104 105
102 97 94 93 100 95 93 92 95 95 92 90 92 91 91 90 91 90 87 89 88 86 85 85 86 89 89 88 89 89 91 95 96 100 94 96 93 91 90 87 86 89 89 86 87 84 92 87 86 94 84 88 88 89 88 84 89 88 89 89 86 92 90 89 87 86 82 85 82 87 88 91 85 92 93 93 92 91 98 94 97 88 94 97 98 98 98 100 101 101 103 102 103 104 105 105
102 98 95 94 92 95 92 93 93 93 90 90 90 90 90 88 89 90 87 87 90 87 87 84 87 87 85 91 91 88 92 94 97 99 95 93 91 90 90 88 87 87 91 86 85 86 92 92 87 92 86 93 88 87 85 84 87 88 87 88 90 88 86 87 85 87 85 88 89 93 93 94 92 91 95 96 93 93 91 89 93 99 92 96 98 99 100 100 101 102 103 103 104 104 105 106
93 93 93 92 93 96 97 92 91 91 91 91 88 87 87 87 86 87 85 86 89 88 87 85 86 86 90 90 89 96 97 96 102 95 93 93 91 89 88 87 87 88 94 91 88 88 90 89 90 97 93 88 86 84 86 83 84 83 86 84 85 84 82 84 90 89 90 94 94 94 96 94 93 91 95 97 94 94 94 89 92 98 96 95 97 100 101 102 102 102 103 104 105 105 106 106
93 92 95 93 93 93 92 97 92 95 92 90 90 89 89 87 85 86 85 87 88 86 84 83 82 83 85 86 90 93 97 97 105 97 91 90 91 91 89 92 88 89 91 96 89 90 92 96 96 95 92 88 90 91 89 84 82 86 88 88 81 78 81 86 90 93 96 97 96 95 96 97 95 95 95 95 97 94 95 91 91 96 100 95 99 101 102 102 103 103 104 105 105 105 106 106
91 95 93 96 95 95 90 93 91 91 90 93 92 90 89 88 87 85 85 85 86 85 83 82 82 83 88 91 97 92 95 100 99 104 96 93 90 89 87 92 87 88 93 96 88 97 97 87 88 90 87 90 86 85 87 86 84 88 85 92 85 81 84 90 93 97 97 97 96 98 98 96 97 97 96 97 98 96 94 91 91 92 100 96 100 102 102 103 103 104 104 105 105 105 105 105
89 92 90 92 92 93 90 89 89 90 88 88 88 89 88 88 88 86 86 86 86 85 83 84 82 84 89 88 89 90 96 92 94 97 104 97 94 90 93 93 88 92 91 91 98 98 89 90 86 86 86 87 88 86 87 87 83 85 90 90 86 89 91 94 95 96 99 101 101 100 101 98 98 99 99 98 98 98 96 92 93 94 100 99 101 102 103 104 104 104 105 105 105 105 105 105
90 89 88 93 91 91 94 89 88 87 90 88 88 87 89 87 86 86 86 88 87 85 84 86 86 86 86 86 86 90 92 89 95 92 97 104 95 88 89 94 90 91 97 97 92 93 94 90 94 88 91 86 84 88 84 83 81 85 86 93 92 93 94 93 95 97 98 101 101 101 102 99 100 100 100 98 100 100 100 95 95 96 99 101 102 103 103 103 104 104 105 105 105 105 105 105
89 89 88 88 88 89 91 91 88 87 86 88 87 85 85 85 85 86 92 88 86 86 86 86 88 87 85 84 86 88 89 89 89 90 96 104 94 90 88 95 90 93 102 90 88 88 98 92 95 88 87 89 85 83 80 85 84 89 93 96 98 94 95 97 96 98 98 99 99 99 101 100 101 101 101 99 99 101 101 99 98 97 99 102 102 103 103 104 104 105 105 105 105 105 105 105
92 90 88 87 89 88 89 91 90 90 87 86 85 84 86 87 86 85 86 87 88 88 87 88 88 86 85 85 85 86 92 92 93 93 94 103 96 96 92 95 90 103 90 95 88 88 90 94 90 91 90 85 81 80 85 88 92 95 96 95 97 95 97 96 98 98 101 103 102 104 102 101 102 102 101 101 100 100 102 100 100 98 99 102 103 103 104 104 104 104 105 104 104 104 105 104
89 88 87 87 85 86 90 90 89 87 86 87 87 86 86 87 88 86 87 86 87 89 89 89 89 88 85 86 86 86 87 95 92 100 95 100 101 92 104 101 96 97 97 92 88 88 87 88 86 89 85 80 79 87 92 90 96 94 97 96 100 95 98 102 103 101 102 103 104 103 104 103 102 102 102 102 102 102 102 101 101 101 102 103 103 104 104 104 104 104 104 104 104 104 104 104
87 88 88 87 85 87 87 87 87 87 87 88 89 88 87 89 86 86 86 89 89 89 90 88 86 86 86 87 86 85 86 87 93 90 90 96 104 104 97 94 95 94 98 96 95 95 88 87 87 86 83 82 83 87 91 93 95 97 98 100 101 102 102 103 104 104 104 105 105 104 105 104 103 103 103 102 102 103 102 101 101 103 103 103 103 104 104 104 104 104 104 104 105 104 104 104
87 87 86 85 85 86 85 85 85 86 88 88 89 90 89 89 86 88 89 88 90 92 88 87 88 86 87 88 86 87 85 88 89 92 96 96 97 98 104 98 94 87 90 89 89 89 89 89 89 86 90 87 90 93 95 97 98 99 101 102 103 101 103 104 105 105 105 105 105 105 105 105 103 103 103 103 102 102 103 102 102 102 103 104 104 104 104 104 104 104 104 104 104 104 104 104
90 87 89 85 85 85 83 84 84 85 85 87 89 89 91 89 87 88 89 89 90 92 89 89 90 88 87 88 88 86 86 87 88 93 95 100 97 99 102 104 94 87 88 85 85 85 86 92 91 90 90 93 95 96 99 102 100 102 101 103 104 104 104 105 105 105 105 105 105 105 105 105 105 104 103 102 103 103 103 103 102 102 103 104 104 104 104 104 104 104 105 105 105 104 105 105
88 87 86 87 86 86 84 83 84 86 87 87 88 89 90 92 89 88 90 90 91 93 93 90 89 87 87 88 90 87 88 88 87 89 96 98 97 91 90 95 105 101 89 87 89 89 92 93 93 94 94 97 100 101 101 103 102 103 104 105 105 105 105 105 104 104 104 105 105 105 105 105 105 105 104 103 103 103 103 103 104 104 104 104 104 104 104 104 104 104 105 105 105 105 105 104
