Climate/data/grids_germany_multi_annual_air_temp_mean_1981-2010_09.asc
NCOLS 654
NROWS 866
XLLCORNER 3280414.711633467
YLLCORNER 5237500.62890625
CELLSIZE 1000
NODATA_VALUE -999
[rows 410 to 450 of 866, columns 94 to 187 of 654]
139 139 141 138 138 140 137 138 137 136 139 137 138 139 139 138 137 141 142 142 140 138 138 137 141 142 140 137 141 141 141 137 137 135 129 131 129 130 131 130 128 129 130 125 128 127 133 132 130 128 128 127 127 128 133 127 126 122 123 129 127 127 124 124 123 124 127 131 129 124 124 122 126 126 126 123 124 127 123 125 125 128 120 123 128 127 128 123 128 119 119 118 117 118
139 138 138 139 137 139 136 137 137 135 137 138 136 139 138 141 141 143 141 143 138 138 138 138 139 142 140 136 140 135 140 136 131 134 130 131 126 131 130 124 126 123 127 121 120 124 129 133 130 128 126 126 129 129 131 130 124 121 123 126 124 123 121 120 119 120 122 130 131 129 128 124 128 128 128 127 129 125 122 126 125 125 129 130 127 126 126 127 125 127 127 126 122 116
138 134 136 137 136 138 137 138 139 137 138 139 139 140 141 142 141 136 136 135 142 142 138 138 138 138 141 141 136 129 140 132 130 135 132 129 124 124 127 125 126 131 124 120 126 128 127 133 129 126 127 124 127 129 128 132 126 127 122 120 120 120 120 121 124 127 126 127 130 129 129 129 130 130 129 128 126 129 128 129 127 126 124 123 126 122 123 126 128 129 128 127 119 117
138 134 136 136 134 136 136 136 137 139 141 140 141 141 139 137 134 133 135 141 138 138 142 134 134 131 135 136 128 135 140 139 125 128 128 125 123 128 125 125 128 127 123 128 126 128 131 134 130 131 127 129 129 126 124 131 125 123 123 124 122 118 121 125 122 119 126 128 127 125 129 129 128 125 127 127 126 123 123 125 122 120 120 122 127 126 126 121 125 124 122 116 123 123
138 138 137 134 134 136 136 136 138 137 141 141 136 133 133 138 136 135 134 132 132 135 140 133 130 133 132 129 130 130 137 140 126 132 128 127 126 128 124 125 125 125 127 131 131 133 132 134 129 129 128 130 129 122 123 127 129 126 127 124 125 124 123 125 127 127 128 127 124 127 127 125 123 122 131 124 128 122 116 120 119 125 122 126 126 124 123 119 118 119 115 110 122 123
135 134 135 132 132 135 137 136 135 138 139 133 132 132 135 134 133 134 130 134 134 135 139 131 129 135 139 132 130 127 135 138 126 126 125 126 124 126 122 123 123 123 128 129 133 130 132 132 128 128 125 128 128 127 128 129 129 127 129 128 123 121 124 121 123 127 124 124 122 125 124 126 125 119 123 121 126 124 125 126 121 120 120 122 124 123 122 120 108 124 124 113 122 117
135 133 134 135 136 136 134 136 135 135 138 130 132 135 136 136 130 130 129 130 133 134 140 135 133 135 137 129 125 126 136 139 141 132 129 125 124 128 123 125 123 127 129 133 133 130 130 132 130 126 124 128 128 126 129 126 129 126 124 124 126 125 124 122 119 118 122 121 120 120 113 123 123 120 125 121 125 117 123 125 121 121 122 124 122 116 119 120 114 122 125 120 120 113
133 136 138 137 137 137 138 137 135 135 139 136 137 131 136 132 128 129 127 127 130 130 136 136 135 130 133 132 127 123 127 139 136 136 134 133 130 132 128 122 125 123 128 133 133 130 131 131 130 129 129 130 129 127 127 126 125 129 128 120 119 120 123 114 121 118 122 122 112 112 119 123 118 123 121 122 122 122 122 121 120 118 113 123 124 111 115 122 112 124 122 120 118 118
136 138 137 139 140 138 137 135 133 136 134 133 136 134 134 129 131 129 128 129 130 129 139 134 128 127 128 132 127 126 128 135 132 138 132 129 131 131 128 121 128 130 132 133 131 131 131 127 128 126 126 128 130 126 127 123 123 123 126 126 121 123 122 117 121 119 123 127 124 116 117 118 119 124 123 122 123 122 122 115 116 116 107 122 120 112 114 116 117 123 122 121 116 118
139 139 139 138 137 134 131 132 131 137 137 131 132 138 132 133 129 128 130 135 132 137 138 136 134 134 129 130 129 129 125 131 132 135 135 135 132 128 125 126 128 132 131 133 127 128 126 127 125 127 124 126 129 127 124 124 124 125 124 123 115 120 120 115 118 116 116 124 125 122 121 118 119 123 123 123 120 116 122 113 109 112 117 124 122 110 119 113 113 123 121 120 111 114
138 137 139 137 132 137 133 134 132 133 133 132 131 135 136 130 130 128 131 134 133 133 139 135 132 131 133 126 128 125 124 125 130 132 138 137 137 127 127 128 127 127 128 128 130 129 127 128 123 122 125 126 125 122 124 120 120 120 125 124 122 118 118 118 113 115 120 121 123 124 123 119 118 122 124 115 112 113 121 121 113 112 112 122 120 115 117 112 115 123 117 121 113 108
132 137 139 134 136 139 134 135 132 132 132 132 131 130 132 133 133 130 130 130 134 131 138 133 132 130 128 129 126 127 127 130 132 133 133 135 138 137 134 129 132 127 125 127 127 126 125 125 122 125 124 123 126 120 121 117 115 118 124 120 117 118 115 114 111 111 113 122 124 124 121 119 121 122 122 115 114 120 116 120 119 115 121 118 119 111 119 118 118 119 109 113 113 105
134 135 133 134 134 133 137 137 134 133 130 131 130 130 133 133 132 130 128 130 132 132 133 129 128 130 127 129 131 133 133 133 134 129 131 132 135 131 138 137 134 137 137 125 125 124 126 124 122 122 124 122 124 123 119 117 114 120 122 116 117 117 111 116 117 120 122 124 122 123 118 124 124 119 119 122 119 115 114 119 118 116 118 114 119 111 116 115 122 120 111 112 118 114
133 135 137 132 137 134 137 137 134 133 130 131 130 130 135 129 128 128 127 129 130 132 137 132 132 131 128 129 129 130 129 134 133 129 129 129 130 133 133 137 129 132 137 136 130 126 123 126 125 122 123 120 121 122 121 113 115 119 117 113 116 119 121 123 123 122 121 124 120 125 125 123 121 118 121 113 122 121 116 117 115 121 118 116 119 116 118 118 122 117 109 110 114 115
133 134 135 134 136 134 133 134 133 133 129 130 130 130 133 130 130 129 128 130 132 130 131 136 135 131 132 133 129 129 129 130 130 127 130 134 133 127 131 135 133 129 133 138 131 128 130 128 130 127 121 119 117 118 120 117 113 117 113 116 118 120 117 113 116 123 119 124 118 121 124 117 116 119 115 119 117 115 113 111 116 110 115 115 116 115 113 116 120 119 112 111 113 110
133 135 133 132 134 132 134 138 135 131 130 129 129 131 132 129 133 128 129 128 129 129 132 129 130 132 130 129 127 130 129 129 131 131 130 128 135 134 131 127 126 127 129 132 136 137 137 136 132 128 126 121 129 129 127 123 116 117 116 120 118 120 115 118 121 118 120 123 118 119 124 123 122 117 115 118 120 113 118 109 117 110 108 113 113 109 108 109 117 118 111 108 113 111
135 134 133 133 133 133 133 135 132 133 131 131 128 129 131 128 131 129 126 126 130 127 130 134 129 132 130 129 130 129 128 130 128 128 131 129 133 130 123 128 124 124 120 124 125 128 132 122 134 134 135 135 133 132 128 126 123 117 118 116 115 119 120 119 121 121 122 122 121 120 124 124 121 120 120 112 119 114 114 110 116 108 108 114 107 105 116 119 112 116 109 112 110 109
139 134 133 132 131 133 137 133 133 133 130 131 130 128 129 128 129 130 130 126 127 131 133 134 131 134 131 132 130 130 129 127 125 127 130 127 132 129 125 122 125 125 123 118 124 126 131 132 125 125 126 123 131 128 119 116 121 117 124 121 122 124 120 119 117 119 122 119 121 121 123 123 122 120 121 117 116 110 114 110 113 113 109 106 105 111 111 117 110 114 112 106 111 114
137 135 133 132 132 132 135 133 130 130 130 130 129 129 127 129 130 131 130 129 128 130 130 130 128 128 135 130 131 130 131 125 128 129 129 128 132 125 124 127 126 125 123 128 131 133 136 131 129 127 118 125 129 131 120 124 124 120 123 122 125 124 116 117 114 119 120 121 121 121 124 123 122 122 116 115 113 112 110 108 106 108 102 107 105 109 113 113 114 109 112 111 110 111
130 132 132 132 133 132 135 134 131 130 132 129 130 128 128 128 130 132 129 127 128 128 129 129 131 130 130 131 131 130 130 130 127 128 126 132 126 127 126 129 131 133 133 132 132 130 132 124 120 125 127 120 129 130 130 124 127 124 127 128 126 119 117 115 118 118 122 117 118 120 122 123 117 123 122 115 117 117 116 113 109 108 110 114 111 115 108 107 108 112 109 112 111 111
133 132 132 130 132 133 134 134 134 132 129 129 132 131 131 132 129 130 128 128 128 127 129 132 132 133 132 129 130 127 127 125 125 129 128 129 127 125 127 127 129 126 126 123 123 130 128 126 121 120 127 123 128 132 132 129 129 127 127 123 122 122 120 121 122 116 121 116 118 121 122 124 123 121 121 123 123 121 116 119 112 115 115 110 110 110 115 112 104 110 103 109 113 110
133 135 133 133 131 132 134 134 132 131 130 132 132 132 130 129 130 128 128 128 128 127 129 129 130 132 132 132 132 126 124 124 129 126 123 126 125 126 125 129 128 128 123 129 128 129 129 123 119 123 123 123 129 131 129 129 129 126 124 120 121 120 123 124 123 119 118 116 122 124 123 125 125 124 119 123 120 118 121 120 117 116 108 115 116 110 112 108 110 102 107 109 114 111
137 136 136 132 133 134 132 132 133 134 131 132 131 131 131 130 130 130 128 127 127 127 128 133 129 131 133 128 127 127 125 123 123 128 127 122 123 120 124 123 127 123 127 130 131 127 127 124 119 122 126 130 129 133 129 128 125 123 126 120 126 124 123 126 125 122 119 119 121 122 123 124 124 123 122 120 118 122 120 120 120 117 113 116 116 116 110 116 110 105 105 109 111 118
137 133 133 132 132 132 133 132 135 135 133 132 133 132 130 132 131 130 130 130 129 129 129 129 127 130 129 130 127 126 122 123 122 125 125 124 119 123 125 125 128 127 124 124 125 127 122 124 127 128 127 130 129 129 131 128 125 127 126 124 128 126 125 121 118 119 117 117 120 122 121 123 121 120 120 122 121 123 123 121 118 116 114 121 118 113 117 110 108 108 114 113 112 114
133 134 133 132 131 133 132 131 133 135 132 133 133 132 131 133 130 130 130 129 130 132 132 131 130 130 128 126 132 127 127 125 124 126 122 124 123 121 114 118 119 117 120 125 129 122 127 128 126 128 130 129 131 126 127 129 129 129 131 129 127 124 126 124 117 117 118 113 115 117 114 115 120 120 121 124 123 121 113 117 119 120 117 115 112 115 109 110 114 111 111 115 116 115
133 135 135 133 134 132 135 132 132 134 135 133 132 133 133 131 132 132 128 129 130 132 130 128 129 130 129 127 129 130 130 126 123 123 121 117 118 116 119 118 119 119 125 124 123 123 126 128 129 130 130 130 133 127 129 129 132 131 122 124 122 124 123 120 117 119 120 115 117 118 119 123 116 119 126 125 124 121 122 118 117 117 118 118 116 111 108 112 116 108 108 113 115 120
135 135 133 133 135 133 135 134 133 134 135 133 133 132 133 134 134 130 131 130 131 131 128 126 124 128 131 128 129 128 127 124 121 121 119 120 122 119 120 121 125 124 124 128 125 130 127 130 131 130 131 132 124 127 129 128 131 131 129 123 121 122 115 119 117 122 115 114 116 121 126 126 126 126 122 122 120 117 116 113 113 109 114 109 107 108 115 117 110 110 109 114 115 112
139 136 136 135 135 133 136 133 132 132 133 132 135 135 134 134 133 132 131 133 131 130 131 129 125 126 128 126 129 126 125 126 119 119 122 124 123 121 124 125 124 126 128 125 130 126 132 131 132 132 131 125 125 129 128 128 128 126 130 130 129 119 123 123 120 126 119 126 124 123 121 123 123 122 125 122 118 110 110 118 112 113 107 107 108 110 110 114 112 114 113 108 106 108
136 135 137 138 135 134 137 135 134 135 133 132 133 133 132 132 131 130 133 133 132 131 129 129 127 127 126 127 126 126 126 125 122 121 123 125 127 124 125 126 129 129 127 130 127 127 132 133 131 125 125 128 128 129 126 125 129 126 129 125 128 124 124 126 124 128 128 128 116 124 121 116 120 123 114 123 121 119 115 117 117 115 107 110 110 117 114 119 116 110 109 108 105 106
135 135 136 136 135 137 137 133 134 132 131 131 132 131 130 129 131 129 130 127 129 130 128 129 129 127 127 124 124 125 125 124 123 124 126 123 126 126 125 126 124 127 127 128 128 128 131 131 129 124 126 126 129 127 125 126 127 126 127 120 129 129 127 123 127 119 121 116 114 114 121 115 111 117 116 112 122 119 118 120 111 110 110 115 113 118 118 117 110 114 108 109 108 111
136 137 139 138 138 137 134 134 133 132 132 134 133 131 128 130 130 129 129 127 128 129 130 127 127 127 127 126 126 127 125 124 122 122 122 124 124 127 126 124 126 127 127 130 130 131 131 127 123 124 126 128 127 122 122 121 123 128 122 127 127 120 122 124 123 123 125 117 112 110 115 108 111 111 111 111 111 114 111 116 108 109 114 117 110 118 120 113 113 115 110 116 110 109
139 139 139 140 135 134 133 133 133 133 132 135 132 132 132 132 132 130 129 130 127 127 130 128 129 126 125 127 130 130 128 128 126 123 124 126 127 125 129 127 128 127 130 131 129 131 131 128 126 119 121 123 122 124 125 127 124 126 120 124 126 126 126 126 124 126 123 122 120 111 108 112 114 117 115 115 117 115 109 108 111 113 115 118 114 121 116 114 117 112 113 118 113 111
139 141 137 137 137 136 135 136 134 133 136 135 134 132 132 131 135 131 132 128 128 130 130 130 129 128 125 126 130 129 127 129 127 123 123 128 127 131 129 130 127 131 131 129 127 132 128 125 126 119 121 122 126 123 124 123 120 122 115 121 124 124 126 127 123 125 121 123 122 113 112 108 116 117 117 118 117 113 117 114 111 113 116 117 119 117 118 116 111 113 118 115 117 111
139 138 135 135 137 137 138 134 137 133 133 133 134 133 135 131 130 129 131 131 132 132 133 129 128 128 128 130 127 130 129 129 129 128 126 127 127 127 125 128 130 130 130 129 132 132 127 124 123 121 124 123 123 123 123 116 119 119 123 126 126 126 124 124 123 124 121 116 115 111 113 113 115 116 120 119 119 117 116 113 115 118 116 117 122 118 118 114 113 113 121 117 120 117
139 137 136 139 138 134 136 137 133 133 133 133 133 135 132 133 131 132 131 130 132 132 130 130 126 130 128 126 127 134 132 130 131 130 124 124 128 125 127 128 127 125 129 129 131 132 126 126 123 122 119 120 119 120 119 118 123 126 126 119 122 125 120 126 122 117 116 112 114 111 113 116 113 115 118 122 116 118 120 114 121 121 119 122 117 115 113 112 114 113 114 117 117 116
137 136 135 136 136 137 138 135 134 131 132 133 137 133 136 132 135 133 132 132 131 130 131 129 131 131 134 129 131 131 129 133 130 128 125 126 124 125 126 125 126 127 127 129 130 127 127 128 122 120 123 121 118 119 116 122 125 121 120 123 124 123 116 123 122 121 115 113 116 116 114 119 111 116 117 122 118 118 120 117 121 118 121 121 117 116 112 116 114 114 118 121 115 117
137 136 139 137 137 137 136 135 134 134 134 137 132 132 134 133 136 131 129 132 131 126 130 133 132 129 132 131 132 136 133 127 127 130 133 133 127 129 128 127 128 127 130 131 127 127 127 125 124 125 121 120 119 122 122 124 120 114 123 121 123 120 122 121 117 121 120 114 116 116 116 120 121 121 122 118 123 122 123 122 120 118 122 119 118 116 114 116 119 117 118 116 116 119
137 136 138 140 139 137 138 137 135 136 133 137 129 130 128 131 131 129 137 133 131 131 132 132 132 134 133 132 136 132 130 132 132 135 134 128 128 128 127 130 131 130 129 133 130 129 129 127 127 125 120 121 122 122 124 123 123 121 125 119 118 120 115 121 118 121 119 118 115 116 117 121 121 121 120 117 116 115 122 122 123 122 123 117 120 113 118 118 121 121 118 122 116 119
140 138 137 137 140 138 137 137 137 135 136 134 132 129 130 137 137 131 130 135 129 133 132 131 134 138 135 133 135 132 136 137 138 133 131 128 127 127 130 131 131 129 131 131 132 128 125 124 124 124 122 121 121 122 126 125 119 120 119 124 121 117 118 117 117 122 122 115 114 117 117 118 117 116 115 116 115 120 121 121 122 123 123 120 123 118 121 121 119 122 123 123 119 122
139 138 140 138 140 137 137 138 135 135 135 135 131 131 132 138 133 134 133 134 135 134 131 134 137 137 137 134 137 137 127 136 134 132 133 132 127 129 128 126 128 131 130 130 130 126 126 126 129 123 123 122 124 128 126 117 119 120 122 122 119 123 123 119 118 116 118 113 112 115 116 118 118 119 117 117 115 119 120 120 119 121 120 123 124 123 126 124 125 119 122 125 119 123
141 139 138 141 139 135 135 136 133 136 134 132 132 134 136 138 134 134 136 133 132 132 130 132 137 138 139 139 138 138 132 132 131 130 130 128 128 125 127 129 130 131 127 129 130 127 126 127 125 127 125 127 129 129 128 125 126 124 123 121 119 123 121 125 119 122 117 114 113 115 115 118 115 122 118 118 118 118 120 120 118 119 118 118 121 125 126 121 122 126 120 125 120 113
