Climate/data/grids_germany_multi_annual_precipitation_1981-2010_15.asc
NCOLS 654
NROWS 866
XLLCORNER 3280414.711633467
YLLCORNER 5237500.62890625
CELLSIZE 1000
NODATA_VALUE -999
[rows 82 to 122 of 866, columns 376 to 469 of 654]
-999 -999 -999 -999 -999 -999 -999 -999 -999 -999 -999 -999 -999 -999 -999 -999 -999 -999 -999 -999 -999 -999 -999 -999 -999 -999 -999 -999 -999 -999 -999 -999 -999 -999 -999 -999 -999 -999 -999 -999 -999 -999 -999 -999 -999 -999 -999 -999 -999 -999 -999 -999 -999 -999 -999 -999 -999 168 170 168 168 167 167 -999 -999 169 170 170 169 169 172 169 172 172 172 172 172 171 171 170 171 171 172 172 174 173 175 174 172 174 173 174 173 171
-999 -999 -999 -999 -999 -999 -999 -999 -999 -999 -999 -999 -999 -999 -999 -999 -999 -999 -999 -999 -999 -999 -999 -999 -999 -999 -999 -999 -999 -999 -999 -999 -999 -999 -999 -999 -999 -999 -999 -999 -999 -999 -999 -999 -999 -999 -999 -999 -999 -999 -999 -999 -999 -999 -999 169 169 168 167 168 168 168 167 -999 -999 -999 169 169 169 173 171 172 171 172 172 170 170 171 171 169 168 168 168 169 169 171 173 173 172 169 172 172 170 170
-999 -999 -999 -999 -999 -999 -999 -999 -999 -999 -999 -999 -999 -999 -999 -999 -999 -999 -999 -999 -999 -999 -999 -999 -999 -999 -999 -999 -999 -999 -999 -999 -999 -999 -999 -999 -999 -999 -999 -999 -999 -999 -999 -999 -999 -999 -999 -999 -999 -999 -999 -999 -999 -999 167 170 169 168 167 168 168 167 167 168 167 -999 -999 -999 -999 169 167 168 170 170 171 170 170 169 171 168 169 169 169 169 169 168 171 172 171 171 171 170 170 170
-999 -999 -999 -999 -999 -999 -999 -999 -999 -999 -999 -999 -999 -999 -999 -999 -999 -999 -999 -999 -999 -999 -999 -999 -999 -999 -999 -999 -999 -999 -999 -999 -999 -999 -999 -999 -999 -999 -999 -999 -999 -999 -999 -999 -999 -999 -999 -999 -999 -999 -999 -999 -999 167 168 169 169 168 167 168 168 167 167 167 167 167 167 -999 -999 168 167 167 168 170 170 170 170 170 169 169 171 171 170 170 169 169 169 169 171 170 170 170 170 170
-999 -999 -999 -999 -999 -999 -999 -999 -999 -999 -999 -999 -999 -999 -999 -999 -999 -999 -999 -999 -999 -999 -999 -999 -999 -999 -999 -999 -999 -999 -999 -999 -999 -999 -999 -999 -999 -999 -999 -999 -999 -999 -999 -999 -999 -999 -999 -999 -999 -999 -999 -999 167 167 167 167 167 167 166 164 164 165 165 165 165 170 170 167 170 170 170 168 169 165 166 168 168 167 167 168 168 171 170 170 169 170 171 170 168 167 168 168 166 167
-999 -999 -999 -999 -999 -999 -999 -999 -999 -999 -999 -999 -999 -999 -999 -999 -999 -999 -999 -999 -999 -999 -999 -999 -999 -999 -999 -999 -999 -999 -999 -999 -999 -999 -999 -999 -999 -999 -999 -999 -999 -999 -999 -999 -999 -999 -999 -999 -999 -999 -999 167 166 167 170 170 166 166 164 165 164 164 166 169 169 169 170 170 170 170 168 167 167 169 163 164 166 169 167 168 170 170 170 169 170 170 169 169 168 166 166 166 166 166
-999 -999 -999 -999 -999 -999 -999 -999 -999 -999 -999 -999 -999 -999 -999 -999 -999 -999 -999 -999 -999 -999 -999 -999 -999 -999 -999 -999 -999 -999 -999 -999 -999 -999 -999 -999 -999 -999 -999 -999 -999 -999 -999 -999 -999 -999 -999 -999 -999 -999 164 167 166 169 166 165 165 164 164 164 164 163 167 167 167 165 170 167 170 170 167 167 166 166 165 162 165 166 168 166 168 170 169 170 170 169 169 168 168 166 170 168 166 166
-999 -999 -999 -999 -999 -999 -999 -999 -999 -999 -999 -999 -999 -999 -999 -999 -999 -999 -999 -999 -999 -999 -999 -999 -999 -999 -999 -999 -999 -999 -999 -999 -999 -999 -999 -999 -999 -999 -999 -999 -999 -999 -999 -999 -999 -999 -999 -999 -999 -999 164 164 166 169 166 165 164 164 163 161 163 164 167 167 166 163 168 169 169 169 166 166 166 166 164 163 162 166 168 169 170 170 171 168 170 170 169 168 169 168 167 168 168 167
-999 -999 -999 -999 -999 -999 -999 -999 -999 -999 -999 -999 -999 -999 -999 -999 -999 -999 -999 -999 -999 -999 -999 -999 -999 -999 -999 -999 -999 -999 -999 -999 -999 -999 -999 -999 -999 -999 -999 -999 -999 -999 -999 -999 -999 -999 -999 -999 -999 161 161 164 162 165 165 164 167 166 164 164 164 167 166 166 166 167 167 168 168 167 166 169 168 164 164 165 162 165 165 169 169 170 171 171 170 169 168 169 167 167 168 167 165 167
-999 -999 -999 -999 -999 -999 -999 -999 -999 -999 -999 -999 -999 -999 -999 -999 -999 -999 -999 -999 -999 -999 -999 -999 -999 -999 -999 -999 -999 -999 -999 -999 -999 -999 -999 -999 -999 -999 -999 -999 -999 -999 -999 -999 -999 -999 -999 -999 -999 158 161 159 159 165 165 167 167 166 164 164 167 165 165 165 167 167 167 165 166 167 166 169 169 168 163 165 162 162 166 169 169 169 171 170 169 169 168 167 167 167 167 168 168 168
-999 -999 -999 -999 -999 -999 -999 -999 -999 -999 -999 -999 -999 -999 -999 -999 -999 -999 -999 -999 -999 -999 -999 -999 -999 -999 -999 -999 -999 -999 -999 -999 -999 -999 -999 -999 -999 -999 -999 -999 -999 -999 -999 -999 -999 -999 -999 -999 158 157 161 159 162 162 165 167 167 166 165 166 166 166 166 169 167 166 166 165 166 169 168 169 169 168 168 168 165 162 168 169 169 170 168 169 168 169 167 164 164 164 166 167 168 168
-999 -999 -999 -999 -999 -999 -999 -999 -999 -999 -999 -999 -999 -999 -999 -999 -999 -999 -999 -999 -999 -999 -999 -999 -999 -999 -999 -999 -999 -999 -999 -999 -999 -999 -999 -999 -999 -999 -999 -999 -999 -999 -999 -999 -999 -999 -999 -999 -999 158 157 160 162 162 165 164 167 164 165 166 169 165 168 168 170 170 168 168 168 169 167 169 170 170 167 167 167 163 164 168 170 170 168 170 169 168 166 164 164 164 166 166 165 165
-999 -999 -999 -999 -999 -999 -999 -999 -999 -999 -999 -999 -999 -999 -999 -999 -999 -999 -999 -999 -999 -999 -999 -999 -999 -999 -999 -999 -999 -999 -999 -999 -999 -999 -999 -999 -999 -999 -999 -999 162 160 160 154 154 155 156 -999 -999 158 158 160 162 162 162 164 164 162 164 164 167 169 168 169 172 168 168 168 168 167 167 172 171 171 172 171 168 162 164 165 167 169 169 167 168 169 164 164 164 164 164 164 164 164
-999 -999 -999 -999 -999 -999 -999 -999 -999 -999 -999 -999 -999 -999 -999 -999 -999 -999 -999 -999 -999 -999 -999 -999 -999 -999 -999 -999 -999 -999 -999 -999 -999 -999 -999 -999 -999 163 162 161 162 162 157 157 157 157 -999 -999 156 156 158 161 160 159 162 162 161 163 166 165 165 167 170 170 169 168 168 166 166 167 169 172 171 170 172 170 170 170 162 163 163 167 168 167 169 167 165 164 164 164 164 161 161 162
-999 -999 -999 -999 -999 -999 -999 -999 -999 -999 -999 -999 -999 -999 -999 -999 -999 -999 -999 -999 -999 -999 -999 -999 -999 -999 -999 -999 -999 -999 -999 -999 -999 -999 160 163 163 163 163 161 161 162 159 157 157 157 -999 156 156 157 157 158 160 159 161 162 161 163 166 166 166 168 170 170 170 170 170 168 168 169 169 171 169 171 169 170 170 169 166 162 163 163 163 164 165 165 166 165 164 164 163 161 161 162
-999 -999 -999 -999 -999 -999 -999 -999 -999 -999 -999 -999 -999 -999 -999 -999 -999 -999 -999 -999 -999 -999 -999 -999 156 156 -999 -999 -999 -999 -999 160 162 162 162 164 163 163 163 162 161 159 159 159 157 -999 158 156 157 157 160 160 161 161 159 160 162 164 164 166 168 168 169 167 170 169 169 170 169 169 169 169 171 171 169 168 168 168 166 165 162 163 164 162 162 165 165 164 164 162 163 162 158 161
-999 -999 -999 -999 -999 -999 -999 -999 -999 -999 -999 -999 -999 -999 -999 -999 -999 -999 156 156 161 161 156 157 159 158 163 160 161 162 159 162 162 163 163 163 163 163 164 164 163 164 161 159 159 -999 158 157 157 159 160 159 161 160 161 162 162 163 163 163 166 166 168 168 168 169 169 169 170 169 169 168 166 168 169 168 168 165 168 168 162 164 163 164 165 163 166 164 163 162 161 160 156 158
-999 -999 -999 -999 -999 -999 -999 -999 -999 -999 -999 -999 -999 -999 -999 -999 -999 155 157 163 161 164 160 157 158 160 160 160 163 162 165 163 162 162 166 163 163 162 162 164 161 160 160 159 158 -999 157 157 156 160 158 158 158 159 159 161 163 164 165 165 164 166 165 166 166 169 167 167 166 166 169 168 166 168 166 167 166 168 167 169 165 163 164 164 164 164 162 163 163 161 160 159 155 158
-999 -999 -999 -999 -999 -999 -999 -999 -999 -999 -999 -999 -999 -999 -999 -999 155 158 164 170 163 164 166 162 166 163 164 163 159 159 163 165 165 164 167 163 163 163 161 164 165 165 160 159 158 -999 158 157 157 160 159 158 158 158 162 162 163 165 164 164 164 164 166 167 166 166 166 169 169 169 168 168 167 165 167 167 167 168 169 165 167 165 167 165 166 165 162 159 160 158 155 154 155 155
-999 -999 -999 -999 -999 -999 -999 -999 -999 -999 -999 -999 -999 -999 -999 155 158 159 162 166 173 173 176 174 180 170 167 162 162 161 162 167 165 170 169 167 163 163 163 163 164 164 162 162 163 -999 158 157 157 160 160 159 158 161 160 161 163 161 163 163 166 164 164 164 166 166 164 166 169 169 170 170 168 167 166 166 167 168 167 168 168 165 162 166 168 164 160 159 159 157 154 158 158 158
-999 -999 -999 -999 -999 -999 -999 -999 -999 -999 -999 -999 -999 -999 -999 158 157 158 162 167 171 174 174 174 179 177 168 167 166 167 170 165 168 169 172 167 161 161 159 158 161 162 161 162 161 161 -999 160 160 158 157 159 161 160 161 159 161 162 160 162 162 162 162 164 165 164 164 166 165 166 166 166 168 168 168 166 163 167 165 164 162 164 167 167 166 162 158 157 159 158 156 155 155 155
-999 -999 -999 -999 -999 -999 -999 -999 -999 -999 -999 -999 -999 151 149 153 155 158 162 167 167 172 175 173 166 171 172 168 167 167 168 168 166 168 170 167 161 162 161 161 161 163 164 163 164 161 160 158 159 159 156 158 161 160 160 159 160 158 158 158 158 161 160 160 160 161 164 166 164 167 167 170 167 168 166 166 166 159 161 160 166 167 168 167 164 162 159 156 153 157 155 158 154 158
-999 -999 -999 -999 -999 -999 -999 -999 -999 -999 155 154 152 -999 -999 151 155 159 160 164 167 165 167 166 163 166 171 168 168 168 169 175 175 170 170 165 165 161 159 161 161 165 164 164 164 164 160 159 160 159 158 161 161 162 162 160 162 161 161 159 158 158 160 159 159 161 165 164 167 165 167 171 168 167 168 161 159 162 164 163 163 163 165 162 162 162 160 153 153 156 156 156 154 153
-999 -999 -999 -999 -999 -999 -999 -999 -999 -999 155 152 -999 -999 -999 153 156 156 161 162 164 165 163 165 161 166 169 170 172 173 174 176 176 173 171 171 167 165 164 165 164 164 166 166 167 166 163 163 160 159 158 162 162 163 163 164 163 161 159 158 158 155 155 156 157 161 161 164 167 166 170 169 170 168 160 164 166 165 165 164 165 164 163 162 160 160 155 153 153 153 153 153 153 153
-999 -999 -999 -999 -999 -999 -999 -999 -999 154 153 -999 -999 -999 -999 153 157 160 162 164 163 163 162 162 163 164 167 170 171 174 173 175 176 173 174 174 171 167 164 166 166 167 167 167 167 166 163 163 159 160 160 155 155 157 161 165 162 158 156 156 156 156 155 156 159 160 163 164 168 167 170 167 169 160 164 167 165 164 164 163 163 162 162 160 157 157 153 153 152 156 156 156 153 152
-999 -999 -999 -999 -999 -999 -999 -999 -999 155 -999 -999 -999 154 154 155 161 161 161 161 163 162 160 162 161 161 164 171 171 173 175 178 175 174 174 175 174 170 165 165 165 167 167 166 167 167 165 163 160 160 158 154 159 159 160 158 162 161 157 158 157 158 156 158 161 161 164 164 164 166 171 167 164 161 160 167 165 165 165 162 160 159 158 157 157 157 155 152 152 152 155 154 155 155
-999 -999 -999 -999 -999 -999 -999 -999 -999 155 -999 -999 154 154 154 158 161 161 162 159 159 159 162 163 161 161 160 172 172 172 173 177 173 173 174 174 174 171 168 165 165 168 166 166 167 167 165 163 164 164 155 155 160 162 164 162 162 162 157 158 156 157 158 159 159 159 162 163 164 164 171 167 160 164 166 167 167 166 164 161 160 160 159 155 155 155 155 154 152 152 151 154 154 155
-999 -999 -999 -999 -999 -999 -999 -999 -999 -999 -999 -999 -999 -999 154 159 158 162 163 163 159 159 162 161 161 161 162 163 162 170 173 171 170 173 171 173 174 173 173 168 165 165 164 166 167 167 166 163 160 157 157 160 159 161 160 161 162 159 158 157 158 157 157 160 162 163 162 164 164 164 165 164 164 166 165 164 165 164 162 161 161 157 155 154 154 154 152 153 154 150 151 151 155 155
-999 -999 -999 -999 -999 -999 -999 -999 -999 -999 -999 -999 -999 153 157 161 162 162 163 159 161 162 162 162 162 164 163 165 164 164 169 170 170 166 171 170 169 168 168 168 160 163 166 167 166 166 167 166 159 155 161 160 160 160 161 162 162 161 161 158 158 161 156 159 163 164 164 163 164 164 165 161 164 163 162 162 162 160 159 157 157 156 154 151 152 155 155 155 153 151 150 148 148 148
-999 -999 -999 -999 -999 -999 -999 148 -999 153 -999 -999 152 156 161 162 163 163 163 160 162 162 162 162 165 164 165 167 168 166 165 169 170 166 165 168 166 166 167 166 160 164 165 167 165 163 164 162 155 155 157 159 162 163 160 161 162 161 157 157 161 161 159 159 161 160 162 162 158 162 160 160 161 165 162 161 158 159 159 155 154 155 154 153 153 151 153 153 150 150 150 147 147 147
-999 -999 -999 -999 153 149 149 -999 -999 -999 153 155 158 163 163 163 165 163 163 159 162 162 163 162 166 167 166 168 168 165 167 171 169 165 165 166 165 165 164 164 160 164 163 163 163 164 163 162 155 158 157 159 159 163 161 160 162 158 159 161 158 158 157 158 159 159 162 158 158 158 158 161 161 162 162 161 159 157 153 155 155 154 154 153 151 150 154 150 150 151 147 150 146 146
-999 -999 148 153 153 153 152 -999 -999 155 153 156 159 160 161 162 165 163 162 162 162 163 166 166 167 172 173 169 169 169 172 168 170 165 167 162 163 162 164 162 159 160 162 164 163 164 165 162 155 157 157 156 159 162 162 158 158 158 157 157 158 156 157 157 159 159 159 159 158 158 159 160 160 158 157 157 157 153 152 155 153 151 151 151 151 151 150 147 151 150 147 150 150 150
-999 151 153 153 150 154 150 -999 151 154 155 159 160 160 162 162 162 165 162 161 165 165 166 169 169 169 172 170 170 172 169 168 169 162 163 163 163 163 163 163 164 160 160 164 163 162 163 159 156 162 162 161 161 160 160 157 159 157 160 156 158 156 157 156 159 159 155 155 158 158 161 157 154 157 157 152 151 154 152 151 151 150 151 149 150 149 150 149 149 146 143 148 147 147
-999 149 153 150 150 153 -999 149 151 151 158 159 159 159 160 160 162 164 164 162 165 167 168 169 170 172 172 172 170 174 172 167 167 161 158 159 159 163 163 159 162 156 159 160 161 162 163 160 156 156 159 161 160 160 162 160 157 156 158 160 159 159 156 156 156 154 153 153 156 156 154 153 154 156 156 155 153 154 150 150 150 149 148 149 148 148 148 147 147 147 147 146 146 147
149 152 149 -999 153 153 -999 -999 151 154 154 159 159 159 159 162 162 162 163 165 167 167 169 172 172 175 173 173 173 172 167 167 166 166 157 159 162 162 162 159 159 156 159 159 161 159 163 163 160 157 159 161 161 162 158 159 159 157 160 160 158 158 155 155 151 151 151 155 157 159 157 154 157 155 155 155 153 154 150 150 150 150 150 148 148 148 149 147 148 147 146 147 147 146
152 149 151 -999 149 152 -999 154 151 155 155 155 156 157 157 161 166 168 163 164 165 170 169 172 172 175 175 174 173 171 170 166 164 161 161 159 159 159 158 160 160 155 160 154 162 163 164 162 158 158 162 162 161 162 161 160 157 161 155 158 162 158 155 155 152 152 155 159 159 157 157 155 157 158 155 158 155 154 150 150 150 150 151 151 151 152 151 149 150 149 149 148 147 148
147 149 148 -999 150 -999 -999 151 152 152 154 155 154 157 158 160 160 166 166 166 166 168 172 173 173 175 177 175 173 167 166 166 165 160 157 156 158 158 159 159 159 160 158 159 156 160 165 164 160 163 162 162 160 159 158 156 155 153 156 157 156 157 154 156 151 150 154 156 154 157 155 154 154 156 156 158 154 151 151 150 151 150 151 149 152 149 149 150 149 150 153 151 149 147
147 -999 -999 -999 150 -999 151 151 153 156 154 155 154 156 159 160 160 164 166 164 167 167 168 171 175 176 174 172 165 165 166 162 159 159 156 157 155 156 157 154 153 157 157 157 159 160 166 160 164 163 165 161 160 159 157 158 154 153 156 157 156 154 152 149 149 153 154 155 157 156 154 154 154 157 157 157 157 153 153 150 149 150 149 148 148 149 148 148 148 149 150 150 150 145
-999 -999 -999 -999 -999 -999 -999 153 153 156 157 156 156 156 157 160 160 161 166 167 167 170 172 176 175 175 173 168 165 165 162 164 159 155 156 156 156 157 156 153 157 157 157 161 162 160 161 159 163 166 164 161 159 159 159 154 156 156 156 154 153 153 149 148 151 151 153 154 154 154 153 153 154 157 157 158 157 154 152 153 152 149 148 149 148 149 148 148 148 148 148 149 149 147
-999 -999 -999 -999 -999 -999 153 152 156 156 158 157 156 156 157 160 160 169 169 168 167 170 174 173 175 174 168 165 165 164 159 159 159 154 153 154 156 157 157 157 157 159 160 163 161 162 160 158 162 168 166 161 159 158 155 154 157 154 154 154 153 153 149 148 151 151 154 155 156 153 153 154 156 157 157 156 154 151 152 150 151 148 147 151 149 149 149 149 148 149 149 149 148 149
-999 -999 -999 -999 -999 -999 153 157 155 157 159 157 159 158 158 159 161 170 170 169 170 169 174 173 173 172 170 165 165 164 160 157 155 153 153 153 153 154 157 156 158 157 160 161 159 159 159 158 166 165 163 158 156 153 153 155 155 154 153 154 153 152 149 148 149 152 152 155 154 154 154 156 156 156 157 152 151 153 149 150 150 147 145 146 146 146 149 147 148 151 151 149 150 149
