Climate/data/grids_germany_multi_annual_precipitation_1981-2010_16.asc
NCOLS 654
NROWS 866
XLLCORNER 3280414.711633467
YLLCORNER 5237500.62890625
CELLSIZE 1000
NODATA_VALUE -999
[rows 168 to 209 of 866, columns 94 to 187 of 654]
-999 -999 198 197 199 197 197 197 196 199 196 196 195 198 199 199 199 199 199 199 197 195 196 195 193 192 190 190 191 194 194 193 196 199 199 198 200 200 200 200 200 200 200 197 200 198 196 198 197 191 191 191 193 194 191 194 198 201 202 202 205 206 206 206 207 207 207 207 204 201 200 -999 -999 -999 -999 177 183 182 183 184 181 178 178 178 177 176 176 178 179 181 180 178 175 172
-999 -999 199 199 196 198 197 197 195 196 199 195 197 199 195 197 198 199 199 197 196 195 196 194 193 190 190 187 189 190 193 193 195 197 199 197 197 199 200 199 199 200 200 200 199 198 198 195 195 194 194 193 190 193 194 196 201 202 202 205 207 206 206 206 208 207 207 207 205 203 200 -999 -999 -999 -999 -999 180 181 182 183 181 180 177 178 176 174 177 177 179 181 179 177 177 173
200 200 197 199 197 196 196 194 195 194 194 196 194 196 197 196 195 193 196 196 197 195 196 194 193 190 191 189 191 190 193 193 196 197 197 197 197 197 199 199 198 198 198 199 199 198 197 198 196 195 194 193 190 191 192 195 199 203 206 209 211 210 209 209 208 207 207 207 206 201 -999 -999 -999 -999 191 178 179 180 181 181 181 179 179 178 178 178 178 180 180 180 181 179 177 174
-999 200 200 198 197 195 195 192 193 191 191 191 191 191 194 191 191 192 193 196 196 195 195 195 193 193 192 191 191 193 194 194 195 197 197 197 197 198 196 197 197 197 197 198 199 198 198 198 196 197 197 195 191 193 196 198 202 206 208 211 211 211 214 210 209 208 209 208 204 205 -999 -999 -999 -999 -999 -999 -999 -999 -999 -999 181 181 181 181 180 182 183 183 182 181 183 182 180 174
202 200 200 200 197 195 195 192 192 191 193 190 190 191 191 194 190 193 193 193 196 195 195 195 194 193 193 193 193 194 194 193 195 197 196 197 197 196 196 196 197 197 197 197 197 198 198 198 196 198 198 198 194 197 197 197 202 207 208 208 211 210 214 209 209 207 207 -999 -999 -999 -999 -999 -999 -999 -999 -999 -999 -999 -999 -999 183 184 184 184 183 185 184 182 182 184 183 182 180 174
202 200 200 198 196 195 195 192 191 190 190 189 188 190 190 191 194 192 196 196 195 195 195 195 195 194 193 192 193 193 193 196 195 196 196 196 196 196 196 196 196 197 197 197 197 198 198 198 199 198 198 200 197 197 197 202 204 207 208 208 210 210 209 -999 -999 -999 -999 -999 -999 -999 -999 -999 -999 -999 -999 -999 -999 -999 -999 -999 183 183 183 184 184 184 185 185 186 184 183 183 182 -999
201 200 197 196 195 194 193 191 191 189 188 187 188 190 188 189 189 194 195 196 196 197 197 197 197 196 196 196 196 196 195 195 195 196 196 195 196 196 196 196 196 196 197 197 196 197 198 198 200 200 204 201 203 203 205 206 207 209 209 209 209 209 -999 209 -999 -999 -999 -999 -999 -999 -999 -999 -999 -999 -999 -999 -999 -999 -999 -999 185 185 185 185 186 185 185 187 187 186 185 184 182 179
198 197 196 195 193 194 190 190 189 186 185 186 186 186 186 186 189 191 195 195 196 201 197 197 201 199 198 197 196 196 197 196 195 194 195 195 196 196 196 196 196 196 196 196 196 198 198 198 198 201 203 203 206 208 209 209 208 207 207 208 209 209 208 -999 -999 -999 -999 -999 -999 -999 -999 -999 -999 -999 -999 -999 -999 -999 -999 -999 185 187 187 185 186 187 188 188 188 187 187 185 182 179
197 196 195 194 194 191 190 190 187 185 185 185 185 186 186 186 187 191 195 195 198 197 201 201 201 198 198 197 197 197 196 197 196 194 195 195 195 199 196 196 196 196 196 196 197 198 198 198 203 203 203 203 208 211 211 211 209 207 207 207 207 208 208 208 -999 -999 -999 -999 -999 -999 -999 -999 -999 -999 -999 -999 -999 -999 -999 -999 187 187 187 187 185 187 188 188 187 186 185 185 184 179
195 195 194 194 192 191 190 190 186 185 185 185 183 185 186 186 187 191 195 192 199 201 201 204 201 198 198 198 196 197 196 196 195 194 195 195 195 196 196 196 196 196 196 197 198 198 198 199 204 203 203 209 213 211 212 211 209 208 207 207 207 207 207 207 -999 -999 -999 -999 -999 -999 -999 -999 -999 -999 -999 -999 -999 -999 -999 -999 186 187 187 187 186 185 187 186 186 185 185 185 184 180
195 194 193 192 192 191 189 187 186 184 183 182 182 183 184 185 187 189 191 195 196 200 203 204 204 198 197 198 197 195 197 196 195 194 194 194 195 195 196 197 196 196 197 198 198 198 198 201 204 204 207 211 210 212 215 215 209 208 207 209 206 206 206 206 206 -999 -999 -999 -999 -999 -999 -999 -999 -999 -999 -999 -999 -999 -999 -999 185 185 186 187 186 187 186 185 185 185 185 184 183 181
194 193 191 191 190 189 187 187 185 182 182 182 182 182 183 183 187 189 190 192 195 200 201 203 201 198 198 198 196 197 196 194 195 192 193 194 194 195 195 195 197 198 198 198 200 199 199 196 204 206 207 209 209 211 214 210 208 206 206 206 206 205 205 205 206 207 207 207 208 -999 -999 -999 -999 -999 -999 -999 -999 -999 -999 184 184 185 185 185 186 186 187 187 186 185 185 184 182 181
194 191 191 191 191 187 187 187 186 182 182 182 182 183 183 183 188 190 190 191 194 196 200 200 200 198 198 197 195 195 195 195 191 192 193 193 193 195 195 195 198 198 198 198 198 199 199 201 204 207 207 207 208 212 212 209 206 206 206 206 205 205 205 205 207 206 206 206 206 209 -999 -999 -999 -999 -999 -999 -999 -999 -999 185 185 185 185 185 186 187 187 187 187 184 184 183 183 181
192 191 191 191 191 187 187 187 186 181 181 182 182 183 183 184 187 189 190 191 193 196 199 199 198 198 198 197 196 195 195 191 190 191 192 189 191 194 195 195 198 198 198 199 199 200 200 201 204 204 207 209 209 212 212 213 209 209 205 205 205 205 208 205 210 206 209 206 207 207 209 -999 -999 -999 -999 -999 -999 -999 -999 185 185 185 185 185 186 186 187 187 185 184 183 183 182 181
191 191 192 191 190 190 189 188 186 186 185 183 181 183 185 187 187 189 189 192 192 192 193 195 198 198 197 196 193 191 188 190 188 187 188 186 190 190 193 194 197 199 197 198 198 198 201 201 201 204 205 209 210 209 210 210 209 210 210 205 208 205 208 208 206 206 209 207 207 207 207 208 -999 -999 -999 -999 -999 -999 188 187 185 185 185 185 185 185 185 185 185 184 187 182 183 182
191 192 192 191 192 193 192 191 188 187 188 186 187 186 187 187 187 189 189 190 192 192 192 192 195 195 192 194 189 188 188 188 183 181 179 182 184 188 188 192 197 197 197 199 197 197 197 198 201 201 202 206 206 208 208 210 210 208 208 204 208 204 203 210 206 210 210 206 208 206 207 207 -999 -999 -999 -999 -999 188 188 188 185 185 185 185 185 185 185 185 185 184 187 183 182 183
191 192 192 192 193 193 192 192 191 188 188 188 187 187 187 187 189 189 189 189 190 192 192 192 192 191 195 190 188 185 188 187 181 178 178 179 182 187 188 188 194 194 197 198 200 197 197 198 202 202 202 202 206 208 208 208 205 208 207 207 206 203 203 207 207 210 210 206 208 207 207 208 206 -999 -999 -999 188 188 188 188 186 185 185 185 185 185 185 185 184 182 185 182 183 183
191 192 192 190 193 193 193 192 190 188 187 187 188 187 187 187 188 189 189 189 189 191 192 190 191 191 190 188 186 188 187 181 178 175 177 176 178 182 186 188 189 193 198 199 199 197 198 199 203 203 206 206 205 206 207 207 206 205 207 205 205 205 208 206 208 211 210 211 209 206 207 207 205 202 196 191 189 188 188 188 187 185 185 185 185 185 185 184 184 182 182 182 183 183
191 190 191 191 193 194 196 194 190 190 189 188 188 189 189 188 190 189 189 189 189 189 189 190 191 190 188 187 189 188 183 179 175 170 169 172 174 180 183 187 190 195 196 198 199 201 201 202 202 203 203 204 202 204 204 204 205 204 203 203 204 204 206 207 208 208 210 211 208 205 208 204 203 200 195 192 192 189 188 188 187 186 186 185 184 184 183 183 182 183 183 184 186 186
190 189 189 190 191 194 200 196 191 190 189 189 188 189 189 189 189 189 189 189 189 189 189 189 189 188 188 191 188 186 184 179 175 167 165 168 173 179 183 185 188 195 196 197 200 200 200 200 203 203 202 204 203 205 201 202 201 202 202 201 203 204 204 204 208 209 207 208 208 204 201 202 201 197 195 195 192 189 189 189 187 185 184 184 183 182 181 182 182 183 183 184 186 188
190 189 189 188 190 191 194 194 191 189 189 189 189 189 189 189 189 189 189 189 189 189 189 189 189 188 188 188 186 182 183 180 175 169 166 170 175 181 183 184 190 192 196 197 200 200 200 202 202 203 203 202 204 203 203 202 201 202 201 202 204 206 206 206 207 208 207 208 204 201 202 202 200 195 195 195 192 189 189 189 187 184 184 184 182 181 181 181 182 183 183 183 186 188
190 190 189 188 187 184 190 193 191 189 189 189 189 189 189 189 189 190 189 189 189 189 189 189 189 188 188 188 187 183 181 180 176 172 169 172 176 180 184 185 189 192 192 194 197 197 200 201 201 201 203 202 202 204 203 202 201 198 199 203 204 206 206 208 208 207 208 206 205 202 202 200 197 195 195 193 192 189 189 188 186 184 184 184 181 181 180 181 181 182 183 184 186 187
190 190 190 190 188 188 189 191 192 189 189 189 189 189 189 187 189 187 189 188 190 189 189 190 191 191 188 188 187 187 182 178 180 177 177 177 179 182 185 189 190 191 193 194 197 197 198 197 201 202 202 201 201 203 202 200 201 198 199 202 204 206 206 208 206 206 204 206 204 200 199 197 197 195 195 192 193 190 190 188 188 184 184 184 181 180 180 180 178 178 180 183 186 190
-999 -999 -999 -999 -999 -999 191 191 190 190 190 190 189 186 186 186 187 187 187 187 189 190 189 189 191 193 193 192 189 187 189 186 182 181 185 182 183 185 189 189 191 192 192 193 195 197 197 197 202 202 201 201 201 202 201 199 200 200 199 200 205 206 208 208 206 205 204 204 200 197 198 198 195 195 193 193 191 190 189 189 186 184 184 184 181 181 181 180 178 178 178 179 184 185
-999 -999 -999 -999 -999 -999 -999 -999 -999 -999 -999 187 187 186 186 186 186 187 187 187 189 190 189 193 196 196 193 196 193 190 190 189 186 187 187 187 187 189 189 190 191 192 192 193 195 196 197 197 198 198 198 201 202 202 202 201 199 200 200 200 203 208 206 207 207 204 206 201 200 195 199 199 196 193 193 193 191 190 189 189 187 184 184 184 184 180 180 180 177 175 175 175 178 182
-999 -999 -999 -999 -999 -999 -999 -999 185 186 186 186 186 186 186 186 186 186 187 188 188 190 190 193 196 197 196 196 193 192 192 192 190 190 190 190 192 190 190 190 191 192 192 192 193 195 196 197 197 201 200 197 199 198 198 199 199 201 200 201 203 208 208 211 209 207 206 204 201 199 200 197 194 194 193 192 190 190 190 190 187 184 184 184 183 180 180 179 177 175 172 169 176 179
-999 -999 -999 -999 -999 -999 -999 -999 186 186 186 185 186 185 186 186 186 186 187 187 190 189 190 193 196 196 193 193 193 193 192 194 196 194 194 194 192 192 191 190 192 192 192 192 192 194 195 195 196 196 198 201 197 197 196 195 197 199 201 202 204 206 206 211 209 207 207 206 201 205 196 193 194 193 192 192 190 189 189 189 189 184 184 184 183 181 181 181 177 173 170 164 172 175
-999 -999 -999 -999 -999 -999 -999 187 187 186 188 186 187 185 184 185 185 186 185 187 187 190 190 191 193 193 193 193 193 193 192 194 194 196 197 197 192 191 190 190 192 192 192 192 192 193 193 193 195 198 198 197 197 197 196 196 198 197 201 202 205 206 207 208 208 208 207 206 203 202 194 193 193 192 190 190 190 190 190 189 187 185 184 184 182 182 181 180 176 173 173 170 169 172
-999 -999 -999 -999 -999 -999 -999 179 184 187 188 188 186 186 186 186 186 186 186 185 186 190 190 190 194 193 193 193 193 192 192 192 194 197 200 197 191 190 190 190 192 192 192 192 192 193 193 193 197 198 197 197 196 196 196 196 198 199 199 202 204 207 207 208 208 207 207 207 205 202 202 194 193 192 191 190 191 190 194 192 192 189 188 184 182 182 181 181 178 174 173 173 172 176
-999 -999 -999 -999 -999 -999 -999 176 180 185 185 185 183 186 186 186 185 186 186 186 186 189 190 190 193 193 194 193 193 192 192 195 197 199 202 196 189 190 190 190 191 192 192 192 192 193 193 193 195 196 196 196 197 197 196 197 198 198 200 200 205 206 207 208 207 207 207 206 205 205 203 201 195 197 191 186 190 190 190 190 188 189 184 184 182 182 182 181 178 175 173 173 175 176
-999 -999 -999 -999 -999 -999 -999 169 175 179 179 182 184 184 183 183 184 182 185 186 186 186 186 188 188 188 192 192 192 192 193 194 191 197 197 190 183 187 190 190 190 192 193 192 192 193 195 195 196 196 197 198 198 198 198 198 199 199 201 201 202 206 206 206 207 207 206 206 206 208 208 201 201 197 194 190 192 192 191 189 190 186 186 186 182 182 181 180 178 177 177 176 176 176
-999 -999 -999 -999 -999 -999 161 165 169 176 176 179 180 179 180 183 184 184 184 184 185 183 188 185 190 190 190 190 192 192 192 191 191 190 191 190 187 189 190 190 190 192 193 193 192 195 195 195 195 197 198 198 199 200 200 200 200 201 202 202 202 204 206 205 206 206 206 207 206 210 210 205 207 204 203 200 197 194 193 191 189 186 186 186 182 181 181 181 179 178 178 178 177 179
-999 -999 -999 -999 -999 -999 161 161 167 173 175 177 179 181 181 180 184 184 184 184 182 183 188 184 187 190 190 190 190 192 192 189 189 191 191 191 190 190 186 190 191 193 193 193 195 195 195 195 196 197 198 198 200 201 200 201 202 202 202 201 203 206 206 206 207 206 206 206 208 213 207 208 213 207 206 208 199 194 193 193 190 186 186 186 186 181 181 181 179 178 178 178 178 177
-999 -999 -999 -999 -999 158 158 159 163 170 173 176 178 179 181 180 181 184 184 184 180 180 187 184 183 188 186 186 186 190 189 191 191 190 192 192 191 187 190 187 189 192 193 193 195 195 195 195 197 197 198 199 200 201 200 201 200 203 202 202 203 204 204 206 207 206 205 206 209 210 211 215 215 218 213 207 201 196 193 191 189 187 186 186 183 182 181 180 179 178 178 175 173 173
-999 -999 -999 -999 -999 156 154 157 163 168 170 176 178 178 179 180 181 181 182 181 181 182 182 182 182 179 184 185 187 192 192 193 192 192 192 189 188 187 188 189 189 189 194 195 196 194 196 194 197 197 198 199 200 200 201 200 202 203 202 202 204 204 204 207 206 206 206 206 209 210 214 214 215 218 212 211 205 199 193 191 191 189 186 186 186 182 182 179 179 174 174 172 171 170
-999 -999 -999 -999 -999 -999 157 159 163 168 173 173 176 177 178 178 181 181 180 180 179 181 180 180 178 178 181 184 189 194 196 196 195 193 193 192 191 191 191 190 194 196 194 197 196 195 197 194 197 198 199 198 200 201 202 202 202 203 203 203 204 204 205 205 206 208 207 209 208 209 209 212 212 211 212 207 209 196 196 196 190 187 187 187 183 183 182 181 179 174 172 170 167 168
-999 -999 -999 -999 -999 -999 159 162 165 169 173 172 175 178 178 177 181 180 180 180 179 177 177 176 173 178 181 184 189 196 198 196 196 194 194 196 196 192 192 191 190 197 197 197 192 194 198 194 197 198 199 199 200 201 201 202 201 203 203 203 204 204 205 205 207 207 208 209 209 209 209 209 211 211 210 212 207 197 196 196 193 187 187 187 186 183 183 182 179 173 172 170 165 169
-999 -999 -999 -999 -999 -999 161 162 168 169 173 172 174 178 177 180 181 181 180 180 178 178 177 178 175 178 181 185 192 199 199 199 197 195 194 193 193 193 193 190 194 194 194 193 193 192 194 197 198 198 198 199 199 202 201 201 202 202 203 204 204 204 205 206 210 208 208 209 207 209 209 209 211 210 212 209 204 196 197 194 194 188 187 187 185 184 184 181 178 174 172 168 163 166
-999 -999 -999 -999 -999 -999 164 168 169 170 176 172 174 177 179 180 182 182 181 180 179 181 179 179 181 180 185 189 193 199 203 201 199 196 195 193 194 194 195 194 193 192 192 192 195 192 192 195 197 198 198 199 199 199 202 202 201 204 203 203 204 206 210 211 213 213 211 211 208 207 207 206 206 206 206 203 198 191 195 193 193 190 187 187 186 185 184 182 180 176 174 168 165 166
-999 -999 -999 -999 -999 171 173 172 173 176 176 169 172 177 181 184 182 183 183 182 181 182 183 183 184 189 192 193 193 199 199 199 199 195 195 195 194 195 195 194 197 193 192 195 195 196 196 196 196 198 198 198 199 200 200 201 202 202 202 203 204 210 210 213 214 215 215 214 208 207 203 205 205 205 203 201 196 195 192 191 192 187 187 187 187 185 185 184 181 177 177 173 173 174
-999 -999 -999 -999 -999 173 173 173 174 177 177 173 176 180 184 184 183 183 183 183 184 184 184 184 187 191 190 190 196 196 199 199 198 196 195 195 194 195 195 194 193 192 196 195 196 196 196 196 195 198 198 198 199 200 200 201 202 203 203 203 206 210 211 213 215 215 215 214 209 203 203 203 203 203 203 201 196 193 192 193 192 188 188 188 187 185 185 185 182 177 177 176 173 173
-999 -999 -999 -999 -999 174 173 175 177 177 177 181 179 181 187 190 186 182 183 183 184 184 187 187 192 192 190 193 196 198 198 198 197 199 199 195 199 198 198 198 193 193 192 191 196 195 196 196 196 198 198 198 199 200 200 201 200 203 202 204 207 211 212 215 218 220 217 214 209 204 203 200 202 203 204 201 195 193 192 193 192 188 188 188 188 186 185 185 184 180 178 176 176 175
