Climate/data/grids_germany_multi_annual_precipitation_1981-2010_08.asc
NCOLS 654
NROWS 866
XLLCORNER 3280414.711633467
YLLCORNER 5237500.62890625
CELLSIZE 1000
NODATA_VALUE -999
[rows 676 to 727 of 866, columns 384 to 479 of 654]
85 85 86 87 88 88 88 94 93 87 78 77 92 95 90 92 90 87 87 84 86 83 80 74 74 71 78 81 82 86 85 78 81 84 83 85 77 86 81 79 91 82 90 86 90 91 89 87 89 86 84 78 82 80 77 72 71 70 79 85 76 79 78 79 75 76 74 74 73 72 72 72 73 73 74 74 75 75 76 77 77 76 76 75 76 77 77 78 77 77 78 77 76 77 78 79
86 85 84 85 89 87 87 89 90 78 91 84 89 94 88 88 89 87 87 85 84 81 82 80 78 74 78 79 79 82 86 78 71 81 81 84 85 86 73 83 86 79 89 82 91 92 92 94 88 86 79 82 77 78 74 77 74 70 71 73 76 77 75 78 75 76 79 77 74 73 74 74 74 74 74 76 75 77 77 77 77 77 76 76 76 77 77 78 77 78 77 78 76 77 78 78
83 83 82 83 85 71 86 84 73 73 93 85 87 84 81 83 83 81 81 84 79 79 82 78 76 79 76 76 76 79 85 81 74 79 83 85 84 87 77 81 70 70 72 74 75 88 91 84 93 86 79 78 73 82 70 71 70 79 75 78 79 77 78 81 81 81 76 76 75 75 73 74 75 74 75 76 76 77 78 78 77 78 77 76 76 77 78 77 78 77 77 77 78 78 77 79
81 78 80 82 71 68 69 76 78 71 89 86 80 83 88 81 81 78 78 78 83 84 74 80 81 76 81 83 82 79 77 77 78 74 79 82 82 82 83 79 86 89 81 85 89 82 74 74 72 73 78 73 72 69 71 73 76 79 77 74 77 79 80 84 79 75 74 76 75 79 77 74 73 74 77 78 76 77 79 78 77 77 78 77 76 78 78 79 78 78 78 78 78 78 77 78
77 77 82 84 66 74 77 70 70 74 82 82 82 87 84 82 79 76 78 78 76 73 75 74 73 71 81 84 82 87 76 77 71 78 79 78 82 82 82 81 85 88 81 86 82 84 74 72 72 71 71 70 69 70 79 76 76 75 81 75 78 78 77 80 76 81 77 76 75 77 77 75 76 75 77 77 77 78 78 78 78 79 77 77 77 77 77 78 78 77 78 79 78 77 78 79
79 77 72 74 67 80 85 78 82 76 82 78 79 79 83 82 79 77 77 76 83 85 79 81 81 78 73 75 75 78 77 71 82 77 78 78 80 80 79 79 78 80 77 73 90 83 88 84 76 71 71 81 73 74 79 78 74 80 79 82 75 79 80 79 81 81 80 78 77 76 78 75 76 76 76 78 78 78 81 79 80 79 78 78 77 78 78 78 78 77 78 78 79 79 79 80
81 78 76 72 69 86 84 77 71 67 75 77 81 77 85 78 75 79 75 76 81 89 84 78 78 78 76 76 77 70 75 76 76 79 81 77 77 79 75 77 71 73 72 79 83 73 74 71 73 73 69 74 80 79 76 74 74 73 74 75 79 79 83 79 83 81 81 80 78 77 79 78 77 78 78 81 80 79 83 83 79 78 77 78 79 79 80 78 76 78 79 78 79 78 79 78
84 77 65 69 78 79 82 78 74 72 70 75 78 80 82 78 79 79 75 76 81 81 79 79 80 78 77 79 80 83 84 77 82 79 76 79 79 75 75 74 77 75 80 81 82 74 77 78 76 72 78 68 78 78 77 80 78 78 78 82 80 79 78 83 80 83 83 81 78 78 78 81 81 80 79 79 80 81 80 79 77 77 79 80 79 79 78 76 76 77 77 78 77 78 78 78
71 67 78 78 79 79 78 73 66 72 73 73 76 80 82 80 81 78 79 82 80 79 83 89 78 76 75 75 76 80 81 76 80 75 76 81 78 78 78 74 82 79 85 83 86 79 77 75 74 74 70 70 71 73 76 77 82 80 69 82 81 77 83 85 82 83 81 79 79 75 77 79 76 76 76 77 78 77 78 78 78 78 79 79 78 78 76 77 78 76 76 78 77 77 77 78
65 74 77 77 79 77 76 70 64 63 69 71 74 78 81 82 80 79 78 82 83 82 84 85 80 79 78 78 80 80 78 77 82 77 76 78 80 77 75 75 80 78 83 79 82 82 76 76 76 74 71 70 72 71 70 74 74 77 79 80 78 79 78 81 83 82 78 79 80 77 78 77 76 75 77 77 77 77 78 78 80 81 80 81 80 78 76 80 79 77 77 76 78 77 78 77
78 77 75 74 74 74 74 71 68 66 69 71 75 78 77 80 78 79 78 79 80 79 81 77 82 80 79 79 78 77 75 78 80 79 78 77 78 77 73 77 79 78 77 82 84 82 72 73 73 73 72 73 68 74 74 74 75 75 76 77 80 80 79 76 78 78 75 75 75 75 77 75 76 77 77 78 78 78 80 79 84 84 83 81 82 78 80 79 81 80 77 77 77 77 78 77
77 76 72 75 78 74 77 72 72 75 74 78 74 75 78 80 80 78 79 77 79 78 81 76 78 78 78 78 78 77 80 78 76 78 80 78 76 76 74 80 75 77 78 83 82 77 74 72 75 75 73 77 74 71 73 78 74 78 76 78 76 78 76 76 74 75 75 75 74 75 77 78 78 77 81 80 79 82 80 81 82 84 84 82 78 79 82 80 81 80 79 80 79 79 78 79
80 79 72 80 79 79 79 78 80 75 76 74 77 74 79 77 78 81 81 76 75 78 79 82 83 78 78 78 78 79 78 77 78 75 77 78 78 73 75 76 76 77 78 81 81 79 76 72 72 72 73 76 73 72 73 73 78 81 79 77 76 74 75 75 75 76 78 79 75 79 81 80 77 77 83 79 82 82 83 84 84 81 82 79 78 80 78 81 83 81 81 79 78 78 79 80
88 80 77 79 79 78 77 76 75 69 71 72 73 76 78 79 80 81 80 76 77 80 77 82 76 79 79 76 77 79 76 78 79 79 76 76 79 75 74 76 76 76 77 77 80 76 74 74 72 73 74 76 77 75 73 67 82 78 77 75 75 75 76 76 78 78 80 80 76 78 82 80 81 80 82 82 84 84 83 81 84 80 79 79 81 83 80 80 81 78 79 81 79 79 80 80
80 80 82 79 78 79 77 76 72 71 70 71 71 73 76 76 79 75 75 74 76 81 77 79 77 76 78 79 77 77 80 77 76 76 74 76 76 76 74 74 75 75 76 77 77 76 75 75 75 74 75 76 80 76 77 79 80 77 75 75 76 78 77 81 80 79 83 82 80 79 84 82 79 79 81 80 79 83 83 80 81 81 82 82 81 84 81 83 82 79 84 84 82 81 82 79
79 77 77 78 76 74 75 74 73 72 72 72 74 72 74 76 75 74 72 76 76 77 76 79 81 82 82 78 80 79 77 75 75 76 75 75 76 75 75 75 76 77 77 76 76 76 76 76 75 78 79 77 81 84 78 79 83 79 75 76 73 80 77 84 80 80 84 80 81 84 83 84 78 80 78 78 79 77 78 80 82 82 83 81 85 84 82 83 81 82 82 80 82 80 79 79
76 78 77 76 76 74 74 74 74 71 71 72 71 71 73 72 73 72 74 74 75 75 77 80 82 81 81 81 79 78 77 76 75 75 75 75 76 76 75 75 76 78 81 78 78 77 77 77 75 80 81 81 80 85 82 83 82 78 73 77 72 75 79 81 79 81 85 85 82 83 85 82 84 82 79 78 77 76 79 82 83 85 84 85 84 88 84 85 85 84 82 83 79 79 78 81
76 76 74 73 73 74 73 73 72 74 73 70 70 72 72 72 73 73 73 74 74 74 78 78 79 82 80 83 80 81 78 77 75 75 75 75 76 77 76 77 77 80 81 80 77 75 78 78 79 80 80 83 84 83 82 78 82 76 75 77 75 73 80 82 82 86 85 81 84 81 85 84 84 78 79 73 75 77 78 83 83 86 83 82 85 87 84 85 88 83 79 79 83 78 77 83
74 74 73 73 73 71 71 71 73 72 71 71 72 72 71 72 72 72 72 73 74 74 78 79 81 78 79 80 79 78 78 75 75 75 75 76 76 76 76 75 76 79 80 80 77 77 78 79 84 86 84 81 88 87 82 83 80 77 80 78 79 77 77 84 84 88 85 82 84 80 80 83 80 79 74 75 76 78 80 82 84 84 84 85 83 88 86 86 88 86 87 82 79 76 79 81
76 74 73 73 72 72 72 72 72 72 72 73 73 73 73 74 73 74 74 74 74 74 79 80 80 77 75 78 80 75 75 76 76 76 76 76 76 76 76 76 77 79 81 82 78 76 78 82 83 82 87 85 85 86 82 86 82 78 76 81 82 83 79 83 86 82 87 89 84 79 83 79 77 75 76 77 79 80 79 83 87 90 84 83 83 89 86 89 85 85 85 81 77 78 82 86
78 77 76 72 73 72 72 72 72 72 75 73 73 73 74 74 74 74 74 74 72 73 76 77 75 74 75 75 75 75 76 76 76 76 76 76 77 77 76 78 82 82 82 81 78 80 83 79 80 78 82 82 83 85 83 84 80 80 78 82 82 87 84 86 87 83 81 84 82 80 81 77 77 79 79 81 83 81 78 85 86 90 87 83 87 89 87 84 85 81 83 80 80 81 81 84
80 77 76 76 75 74 73 73 72 74 73 73 73 74 75 75 73 74 74 73 73 75 74 74 74 74 75 75 75 76 76 76 76 76 76 76 78 79 82 85 84 81 82 82 79 79 81 83 83 84 81 86 87 87 85 83 84 81 81 84 87 85 83 84 88 87 81 82 84 84 78 77 84 83 85 81 84 78 78 81 87 89 83 88 88 86 84 84 84 81 80 81 85 80 85 84
78 79 77 74 75 74 75 73 74 74 73 74 74 75 75 75 74 74 74 74 73 74 74 74 75 76 76 77 77 76 76 76 76 77 77 79 76 80 88 85 89 85 83 80 79 83 82 85 87 86 87 83 88 85 83 86 85 80 82 87 84 85 87 82 87 83 86 83 81 80 77 86 82 82 80 83 82 81 81 81 86 85 85 85 85 82 89 85 87 81 84 88 86 87 85 85
75 75 75 75 76 75 75 74 76 75 75 75 75 76 76 75 75 75 76 75 75 75 75 76 76 76 77 77 78 78 78 81 78 79 81 80 80 81 85 88 90 88 83 79 83 84 84 81 87 86 86 88 88 88 88 88 86 81 85 87 85 87 89 86 82 82 82 78 78 78 78 84 81 84 81 85 83 79 78 85 84 82 84 86 86 87 86 83 82 85 85 86 91 91 89 90
75 75 76 76 76 76 76 76 76 75 75 76 76 76 75 75 76 76 76 76 75 75 76 77 77 77 78 78 78 78 79 81 82 83 82 82 86 89 89 88 86 84 82 82 88 88 82 82 82 85 88 85 89 88 91 88 87 83 85 85 88 89 86 86 84 80 80 82 80 83 78 84 86 84 86 82 79 80 81 85 86 83 81 80 84 80 81 84 85 89 88 88 92 88 89 88
76 76 77 77 77 77 77 76 76 76 76 76 77 77 77 76 76 76 77 76 75 77 77 77 77 78 79 79 78 78 80 81 83 83 83 88 87 89 86 85 84 86 81 88 83 91 86 87 84 87 86 88 92 87 87 91 87 84 85 86 88 85 85 84 82 84 87 84 83 83 78 81 85 85 86 82 86 83 80 85 86 86 82 79 79 78 84 84 87 86 93 93 89 87 86 93
78 77 77 78 78 78 77 77 77 77 78 78 77 77 77 77 77 77 77 77 77 77 78 78 78 79 80 80 80 80 82 82 82 81 84 84 85 89 87 86 90 87 82 91 88 88 89 87 86 90 92 91 91 89 85 86 83 82 86 90 89 86 89 84 81 82 85 82 85 81 81 77 84 85 84 88 87 83 81 86 87 86 79 77 84 81 84 86 86 87 88 89 89 93 90 88
79 79 79 79 79 79 79 78 78 78 78 78 78 78 78 78 78 78 78 79 79 79 79 79 80 80 81 83 83 83 82 80 84 84 84 87 88 94 91 93 87 87 83 84 85 84 82 85 88 90 87 91 88 87 91 90 85 84 86 88 87 87 89 85 81 85 86 85 84 85 82 79 80 84 85 82 84 81 86 86 89 89 82 85 86 85 84 86 90 88 86 91 89 90 92 90
79 80 79 80 80 80 80 80 80 80 79 79 78 78 78 78 78 78 79 80 79 79 79 80 80 80 81 83 85 84 86 83 84 86 87 86 93 93 92 90 91 82 84 87 78 89 89 88 89 89 92 93 89 92 90 89 82 85 90 91 88 86 83 81 87 85 81 86 83 81 81 77 84 85 86 84 84 85 86 85 89 86 89 87 86 86 82 85 86 88 83 89 84 85 84 85
79 80 80 81 80 79 80 80 80 80 78 78 78 79 78 79 79 79 79 80 80 80 80 80 81 81 82 85 86 83 84 84 86 86 86 91 93 92 93 88 86 83 86 90 89 87 87 89 92 93 94 96 93 93 90 85 86 87 87 89 86 83 81 87 87 90 90 87 85 82 79 79 82 82 86 86 85 83 84 82 88 87 84 86 86 87 82 80 80 80 81 83 83 84 84 86
80 81 81 81 83 81 80 81 80 79 78 79 78 78 78 78 78 79 80 80 81 81 80 80 82 83 84 85 84 85 86 86 87 88 91 89 95 93 89 89 91 84 85 85 86 87 89 90 94 95 91 92 91 88 86 85 83 87 91 88 84 83 83 86 87 87 88 84 82 80 82 82 86 82 87 83 82 79 84 85 84 83 86 82 87 86 78 79 80 81 83 83 84 85 85 85
81 81 81 82 83 82 83 81 80 79 79 78 77 77 78 77 77 79 80 81 80 82 82 83 85 86 86 83 83 86 86 88 87 90 89 92 92 94 95 90 88 82 86 87 86 90 89 89 94 91 93 91 92 89 88 87 92 91 87 87 88 83 85 88 86 85 85 85 84 84 83 84 86 85 83 81 87 84 81 84 83 86 88 81 81 80 80 79 80 81 82 83 84 84 84 86
81 80 80 83 83 84 81 80 80 79 79 80 79 80 78 79 79 79 80 81 81 83 85 86 87 87 89 85 85 86 89 88 92 86 91 92 94 94 93 86 86 90 86 88 88 89 89 94 94 92 91 87 87 90 90 91 93 90 87 88 87 87 89 88 88 87 86 86 83 83 85 84 84 84 88 85 84 83 84 78 79 80 80 81 80 80 81 81 81 81 83 85 84 85 85 85
80 80 82 83 83 83 81 80 81 80 83 83 81 80 81 84 85 79 79 81 84 86 86 86 86 88 84 85 85 87 88 87 94 91 91 96 93 91 89 87 85 90 85 89 90 91 95 94 94 91 89 92 92 91 91 92 91 88 91 88 91 89 87 88 83 85 87 85 80 81 84 82 84 82 85 82 80 81 78 78 79 80 82 83 81 82 83 82 82 82 83 84 85 86 91 89
81 80 81 81 81 81 80 81 80 79 87 83 85 84 88 84 83 80 81 84 86 88 86 83 93 89 83 83 86 87 95 92 91 89 97 95 94 93 91 89 84 90 89 87 92 92 92 95 93 92 92 94 90 92 94 92 93 91 91 89 89 87 85 90 84 83 87 83 83 79 84 85 79 81 79 78 78 78 79 78 80 81 83 84 85 84 88 88 85 91 87 94 90 97 97 90
81 80 82 80 80 81 81 82 80 85 92 91 87 84 89 83 81 82 85 86 86 90 92 88 90 84 84 86 86 86 88 96 94 95 99 94 91 90 88 90 86 89 88 91 92 96 95 96 94 90 93 95 95 91 91 91 91 93 92 90 88 89 86 82 86 82 85 88 89 85 85 84 80 76 77 77 77 78 79 80 82 83 84 86 87 86 93 87 91 95 89 95 90 99 93 98
83 85 81 80 81 81 82 81 86 88 88 85 84 89 85 82 82 83 84 87 91 92 95 96 92 84 84 89 93 88 87 94 92 96 97 97 96 94 94 89 86 90 90 92 91 95 96 94 92 91 96 94 95 93 89 89 91 88 89 89 87 87 90 85 83 84 88 87 84 84 80 78 75 77 77 78 78 79 80 80 81 82 91 91 90 97 93 92 92 95 91 95 92 98 93 101
84 81 81 81 84 88 87 84 89 89 86 85 90 82 81 82 84 87 90 92 91 94 92 92 91 86 85 83 90 94 95 95 94 101 101 99 100 97 93 90 88 92 92 89 91 93 96 92 95 95 94 92 90 90 93 88 87 85 87 90 89 90 93 90 89 81 84 88 87 82 79 79 78 78 79 79 78 80 80 86 87 93 95 97 89 97 99 93 95 95 94 95 95 99 96 101
81 80 81 80 83 86 87 87 86 85 83 81 81 81 82 83 89 89 94 95 96 94 95 93 86 85 90 88 84 89 96 99 101 103 104 102 96 96 95 92 88 95 94 94 94 96 93 95 95 92 94 94 91 88 88 86 86 89 87 84 82 88 87 87 86 85 80 84 82 82 83 82 82 80 80 80 80 83 91 87 93 93 96 95 89 97 95 92 96 96 99 101 98 96 100 101
81 82 79 81 84 88 87 86 86 83 84 79 78 80 84 90 90 95 95 97 95 92 92 89 86 87 91 93 87 86 98 97 99 100 103 102 102 95 95 89 89 96 91 93 95 95 95 98 94 92 89 88 92 88 87 88 83 84 84 85 83 83 86 90 87 86 82 83 83 83 84 83 83 82 82 82 90 90 93 90 93 94 96 91 87 96 97 98 99 99 101 101 100 103 101 97
83 83 81 82 85 86 82 82 81 79 78 78 80 81 87 91 91 94 96 101 95 99 96 93 87 93 92 96 91 88 90 96 96 103 107 101 98 96 91 93 93 91 94 93 93 97 98 94 96 92 93 88 85 84 82 81 80 84 83 86 92 82 84 85 90 85 83 84 84 83 85 85 84 83 89 96 91 85 96 94 91 98 93 88 91 91 99 102 100 101 104 103 99 100 100 98
85 84 83 84 86 86 81 80 78 77 77 77 82 84 86 91 95 94 96 101 98 94 91 89 91 95 92 96 91 91 96 100 101 98 106 102 102 96 98 95 96 92 92 97 91 95 97 95 95 92 95 91 87 87 87 85 88 84 86 84 89 86 87 81 87 84 83 83 84 86 86 86 85 88 98 93 89 97 98 93 91 98 96 89 95 89 100 99 99 102 102 100 100 99 95 94
87 85 84 83 83 80 80 79 78 80 78 78 83 85 82 91 97 98 103 102 103 100 94 92 96 99 101 97 90 95 103 105 105 103 106 100 97 94 99 100 98 95 94 96 97 96 95 96 95 98 97 95 91 91 86 85 84 90 89 86 88 84 87 90 83 83 84 85 85 86 86 86 100 92 99 94 97 98 98 93 99 98 98 91 91 97 99 100 101 103 99 101 100 100 96 93
83 84 81 79 80 81 81 81 80 84 82 82 85 82 83 89 97 99 97 101 99 95 94 99 98 103 99 94 91 99 96 104 107 103 101 98 98 97 95 97 98 98 95 94 94 90 94 96 95 96 96 98 95 93 87 86 88 91 87 92 93 92 93 86 86 86 87 86 86 87 85 86 94 95 99 98 100 100 100 97 96 100 102 98 98 99 99 99 101 103 101 102 99 97 96 97
81 80 80 80 82 83 84 84 83 85 89 88 78 88 87 92 97 99 102 100 101 96 98 104 108 106 98 93 94 92 97 95 101 97 96 97 99 97 98 95 94 99 96 96 96 92 92 89 94 92 96 95 98 96 88 88 83 82 92 88 95 83 84 86 86 87 88 87 86 87 98 97 92 91 98 102 101 98 100 98 105 106 102 98 101 99 100 101 102 100 101 100 98 98 104 106
81 81 80 80 83 88 86 86 87 86 86 82 88 89 92 100 101 106 102 107 100 99 97 100 104 105 101 97 91 94 90 96 98 99 97 96 98 96 97 101 99 96 93 94 97 93 95 92 91 95 91 98 96 96 88 89 90 84 82 86 91 84 85 86 87 86 87 87 87 99 97 101 100 95 100 99 99 103 101 100 105 104 102 99 98 100 102 100 101 101 97 98 98 104 106 106
82 80 80 83 85 82 87 87 86 86 88 85 83 87 92 92 96 105 103 97 104 96 99 108 109 100 100 100 93 95 95 96 94 95 91 95 97 99 96 98 95 98 91 92 93 94 91 89 93 90 90 96 93 96 92 86 87 91 86 82 83 83 85 86 87 88 87 96 90 101 97 101 100 101 103 105 104 104 105 103 104 105 102 102 97 102 101 99 101 99 98 102 106 108 106 103
83 83 84 85 87 83 85 91 89 89 89 86 86 89 92 93 99 94 102 103 100 96 101 100 101 106 100 99 93 94 95 90 88 91 94 95 91 97 100 98 93 92 94 91 92 93 88 90 85 88 93 90 93 90 89 90 90 82 82 83 83 84 85 86 87 95 96 97 96 94 96 100 100 102 102 102 105 103 104 106 100 103 103 100 99 102 103 100 99 98 102 104 108 106 107 107
87 86 85 85 86 83 87 92 93 96 93 89 89 90 89 91 92 92 94 98 100 97 104 102 103 106 103 103 97 90 91 88 91 90 95 96 96 100 101 94 97 93 91 91 86 85 89 89 90 91 87 90 89 92 88 83 81 81 82 83 83 84 85 90 92 96 99 96 92 92 93 101 102 103 103 105 104 105 102 102 102 101 101 100 99 98 101 98 99 101 104 106 107 108 111 109
89 90 89 88 83 83 85 87 91 95 97 93 91 86 89 92 92 94 97 103 103 100 108 108 103 107 107 100 95 94 95 93 95 91 94 97 98 96 98 97 95 96 91 93 91 90 94 91 93 94 95 85 88 89 84 82 82 81 82 82 83 90 88 96 93 91 97 97 98 93 99 100 102 102 104 101 102 101 103 103 99 97 97 102 102 101 98 98 102 104 109 110 110 111 111 112
91 91 85 85 82 86 88 97 96 96 96 90 89 91 92 88 87 91 98 100 102 101 100 105 106 107 105 104 102 101 96 94 92 94 96 94 97 96 97 95 95 98 97 97 93 92 92 92 92 93 91 87 85 84 83 83 83 82 82 83 84 89 89 93 95 93 98 99 97 93 98 102 103 101 102 102 103 101 101 98 98 100 103 102 102 100 100 104 106 109 108 107 109 110 107 111
92 89 86 82 84 85 87 92 95 96 89 95 94 96 87 88 87 93 100 102 101 98 105 103 109 109 103 102 101 99 97 98 97 96 95 94 95 93 98 96 96 97 95 94 94 92 92 88 90 87 88 88 84 85 84 83 84 83 84 84 91 90 93 93 97 100 97 100 100 100 101 99 102 101 101 99 99 99 99 100 104 103 101 100 98 99 98 104 109 110 109 107 111 107 107 108
