Climate/data/grids_germany_multi_annual_air_temp_mean_1981-2010_07.asc
NCOLS 654
NROWS 866
XLLCORNER 3280414.711633467
YLLCORNER 5237500.62890625
CELLSIZE 1000
NODATA_VALUE -999
[rows 451 to 491 of 866, columns 94 to 187 of 654]
181 181 184 180 179 180 182 180 178 177 174 171 181 175 180 177 176 179 176 176 182 170 174 176 179 177 175 173 171 175 173 177 173 174 170 166 164 166 169 172 170 168 170 172 171 169 166 166 166 165 166 169 174 172 169 168 162 168 168 162 166 166 170 170 168 163 153 157 155 156 157 158 161 162 161 162 160 158 163 162 158 159 155 159 162 162 167 163 166 170 164 169 167 161
183 178 185 181 184 179 178 177 175 175 174 181 182 180 181 182 183 173 183 172 178 184 180 180 174 175 174 174 174 176 177 179 173 176 171 169 166 169 169 169 168 166 165 172 173 173 172 169 167 165 165 172 176 172 167 156 161 165 171 166 166 164 168 166 167 165 155 153 154 158 160 156 158 162 158 158 158 160 161 158 159 159 155 157 158 164 167 165 160 167 167 171 171 170
185 182 183 182 180 176 181 183 180 184 181 178 178 174 175 178 175 174 176 176 179 180 178 176 179 174 176 175 175 175 174 176 176 177 175 171 165 164 164 166 165 166 168 171 172 169 172 169 170 168 168 166 174 174 171 166 165 168 171 170 168 170 172 161 165 165 157 156 157 156 155 160 158 162 157 153 157 159 158 156 156 155 158 155 158 156 157 164 157 160 165 169 165 165
183 186 186 180 180 182 183 186 185 179 179 174 173 177 170 171 171 174 178 177 178 176 178 176 177 177 177 174 177 174 174 173 175 174 173 168 168 167 169 169 167 167 170 171 171 169 173 171 169 169 169 169 175 175 173 171 169 169 173 172 172 171 167 169 168 159 155 154 155 161 159 157 156 161 157 158 163 152 156 157 157 158 159 159 154 156 159 158 156 160 160 167 161 164
188 181 180 181 179 180 185 182 179 177 173 170 174 175 176 174 170 169 172 171 179 180 180 176 177 176 174 179 176 176 174 175 174 173 169 173 169 169 171 172 168 169 171 169 169 166 169 169 170 170 172 174 172 175 178 170 175 175 174 166 168 173 172 168 166 163 163 159 159 158 156 154 157 159 156 159 163 157 158 163 158 156 166 158 158 159 156 160 164 160 158 162 158 158
187 183 180 180 181 186 186 179 182 181 175 172 169 169 169 170 171 174 177 180 175 175 178 181 179 179 178 178 176 175 174 173 176 171 172 172 171 171 173 169 169 167 172 168 171 169 169 169 168 170 174 176 176 177 178 174 174 174 170 172 171 173 167 169 169 167 167 162 158 156 154 155 158 158 157 162 166 167 161 160 165 163 161 165 159 160 162 162 166 158 167 160 156 151
182 185 179 180 184 186 179 176 178 176 175 173 173 171 171 173 172 173 173 172 176 175 176 177 176 176 181 176 176 175 177 176 172 175 176 175 175 171 171 168 167 170 169 171 171 169 171 169 167 169 174 177 173 172 176 177 172 172 171 175 170 173 167 163 169 169 164 163 158 156 152 154 159 154 157 165 164 165 161 167 170 171 168 165 155 165 169 157 166 162 169 166 153 158
183 178 179 182 186 180 180 180 177 176 177 174 174 174 175 175 174 175 174 175 173 176 174 173 179 179 173 181 177 176 178 179 174 172 171 169 169 173 171 168 171 169 169 169 169 169 170 170 168 168 170 172 170 175 176 179 177 176 174 173 176 168 172 173 174 164 157 155 156 157 155 154 158 155 162 166 165 167 167 166 162 168 163 168 166 166 165 164 171 168 169 160 158 164
186 180 183 187 185 177 179 180 177 176 175 173 177 178 174 177 173 177 176 175 178 180 177 180 180 181 177 176 174 180 179 173 171 169 172 167 170 168 169 171 171 174 170 168 169 168 168 170 169 169 174 174 175 175 177 175 178 177 171 170 177 172 176 174 172 168 169 160 155 154 157 158 156 162 163 165 165 159 161 160 162 169 172 170 174 173 170 164 169 168 171 166 170 167
180 179 182 188 184 180 180 178 179 180 177 175 178 177 178 176 172 175 179 177 182 179 178 180 177 177 178 178 177 177 176 176 175 171 169 169 167 167 168 175 175 174 172 172 169 173 174 173 169 172 173 177 175 174 175 179 179 175 175 178 177 173 176 173 173 171 169 159 167 163 159 159 156 157 162 154 158 159 163 165 170 166 171 173 167 166 173 172 173 173 173 170 171 164
182 181 187 188 183 179 182 180 178 176 177 174 176 177 177 175 176 176 180 180 176 178 177 175 175 177 178 179 177 175 176 175 173 172 170 171 173 173 171 170 179 176 173 170 173 172 176 176 171 173 175 173 174 178 176 173 178 180 175 179 179 177 176 174 170 168 171 169 164 164 168 162 155 156 159 156 154 162 165 167 165 156 166 165 169 169 171 173 174 169 173 175 174 169
185 182 188 184 180 180 185 180 177 179 178 179 177 180 177 178 179 180 180 175 176 176 177 177 175 176 178 178 177 175 175 176 171 171 171 173 176 176 171 173 179 175 177 172 174 174 176 170 173 174 174 177 177 175 174 172 179 181 176 174 175 168 168 177 176 168 166 167 171 169 163 160 156 159 157 154 161 159 163 170 166 154 156 166 165 170 170 172 165 165 165 165 173 173
183 185 188 183 183 186 183 180 179 179 178 179 180 177 178 179 180 181 181 178 176 174 178 175 176 173 175 177 175 177 175 172 171 173 175 175 179 174 173 175 179 176 176 174 174 176 177 174 174 177 174 176 175 179 180 178 178 181 176 178 169 170 171 174 175 174 169 167 172 162 162 158 157 156 155 154 157 162 166 163 160 158 159 162 170 170 173 167 169 165 160 167 170 175
185 183 189 183 187 179 182 178 178 180 179 178 178 178 180 180 181 181 180 176 177 177 180 179 176 181 175 177 177 175 173 176 171 177 172 175 175 179 176 178 179 174 174 176 173 177 174 174 175 177 174 175 179 178 179 182 180 179 180 176 171 177 176 172 175 176 174 172 167 162 160 158 156 157 152 151 156 154 162 166 166 163 163 163 165 172 172 172 164 162 162 167 168 176
185 189 185 187 185 182 179 180 179 181 179 179 177 179 179 180 183 179 178 178 181 181 177 178 178 177 178 178 175 175 175 176 173 180 176 180 179 176 179 181 174 176 174 176 178 173 177 174 175 178 174 175 172 175 174 180 183 181 179 179 178 175 177 169 167 172 174 168 169 163 168 167 164 156 158 159 155 159 159 159 161 161 163 162 166 167 171 173 172 169 163 160 167 177
189 184 182 182 183 180 180 184 184 180 180 179 179 178 180 183 179 178 179 179 179 180 183 182 182 180 176 173 173 176 175 174 177 176 180 177 179 181 177 175 177 172 172 176 181 177 179 179 180 177 173 173 172 174 179 181 181 180 179 178 179 173 176 173 172 168 172 169 172 172 166 167 162 156 156 162 159 161 159 162 163 166 169 166 165 170 170 165 172 167 163 169 168 172
188 187 183 184 181 180 182 184 181 179 178 179 179 181 181 184 178 180 180 181 182 179 178 178 175 174 175 177 180 175 175 179 178 179 184 177 177 179 175 176 176 173 177 179 181 181 178 174 175 173 173 170 180 172 180 183 181 175 178 177 177 179 178 177 174 172 167 166 164 170 168 159 162 159 165 163 159 163 166 170 166 163 168 172 168 163 164 165 172 167 170 173 174 175
186 187 185 182 180 180 182 181 180 180 179 180 180 181 183 183 181 182 182 181 176 178 176 174 173 176 179 177 175 180 174 177 177 179 184 178 179 176 179 179 174 174 174 177 179 179 172 176 170 168 173 178 180 181 181 178 178 172 175 171 170 178 172 173 174 172 169 171 167 164 160 159 162 162 168 163 161 167 168 170 163 168 166 169 167 163 165 169 168 170 174 173 176 177
189 187 183 182 180 181 185 181 180 178 182 180 185 182 180 181 182 181 179 176 175 174 171 181 181 178 179 180 182 176 176 182 181 177 183 181 179 176 176 178 179 176 175 178 182 181 176 176 175 165 169 175 184 180 181 175 173 170 172 174 173 175 173 169 175 173 170 167 167 160 160 164 162 158 162 170 167 166 170 168 166 165 170 165 166 169 170 168 169 169 173 174 176 173
189 189 187 183 185 185 185 180 181 185 187 186 179 180 179 181 181 179 179 176 176 178 182 182 182 178 179 179 180 177 176 181 184 181 183 183 179 177 180 177 176 177 177 176 181 176 179 182 177 177 174 183 179 175 181 180 177 181 178 173 175 170 170 170 173 170 169 166 161 163 162 165 166 159 165 162 167 172 172 167 163 165 166 162 165 162 165 169 166 166 171 174 171 174
189 188 188 185 183 186 182 181 181 187 182 179 179 178 177 178 176 178 177 180 180 182 185 183 181 187 186 182 184 181 179 176 178 184 183 182 180 176 179 181 179 178 178 175 178 180 182 184 184 183 184 181 174 169 177 170 171 173 171 175 172 172 172 167 172 167 167 162 167 166 167 162 165 166 159 161 168 168 171 171 165 169 165 159 159 163 168 161 164 162 163 169 174 175
190 190 190 186 184 182 182 183 183 181 181 180 181 179 178 180 180 177 180 179 183 189 189 188 187 182 188 188 186 179 181 178 176 183 179 184 178 182 181 177 177 179 177 176 176 183 183 180 180 173 175 177 169 168 167 172 175 172 169 174 175 172 170 169 167 167 163 167 171 171 162 161 163 167 169 166 159 162 172 171 172 171 159 161 163 166 167 159 165 165 165 169 174 173
190 190 190 190 185 182 188 187 184 181 179 178 178 180 178 181 177 182 184 183 185 187 188 180 185 188 184 188 187 179 177 177 183 181 181 186 182 183 179 182 184 186 183 179 184 177 184 175 175 173 165 169 175 173 171 173 177 173 178 175 171 174 167 165 160 162 161 167 168 171 166 170 167 167 163 163 165 171 170 171 172 163 162 164 166 165 163 159 162 160 161 168 168 170
191 191 191 190 191 190 190 189 185 181 182 182 181 177 182 186 183 181 185 184 183 182 180 180 181 188 183 183 187 182 187 182 183 181 186 184 182 182 183 184 186 180 179 184 181 181 183 178 174 174 170 174 177 177 177 179 177 177 172 170 166 170 172 161 162 161 166 168 165 173 170 172 170 165 163 164 165 173 176 167 159 165 159 162 163 161 158 161 162 162 162 160 160 172
190 190 190 191 190 189 189 185 184 183 190 183 182 187 190 189 188 188 185 186 189 183 183 178 178 179 182 184 187 182 184 186 187 184 186 183 183 184 183 183 182 177 176 183 179 179 183 183 178 171 177 179 180 180 180 177 180 177 172 172 169 163 167 167 164 161 158 163 172 175 174 170 165 158 166 167 171 175 169 158 162 158 159 162 160 158 161 160 160 163 161 166 169 171
188 186 187 187 187 190 189 191 190 188 187 186 189 184 187 187 189 189 189 186 183 189 185 175 179 181 182 186 182 186 185 184 183 181 184 183 182 183 177 179 182 181 175 178 174 177 179 179 184 182 183 180 175 173 173 175 175 172 177 166 169 167 167 161 160 164 162 168 173 173 170 168 161 165 170 173 174 170 166 165 163 167 168 162 159 162 163 162 162 164 168 169 171 173
190 187 185 183 185 187 186 185 183 185 183 187 184 188 183 188 183 185 188 188 189 189 177 176 178 181 184 179 183 181 183 183 182 179 178 186 179 173 182 183 181 181 173 179 171 177 176 176 172 178 172 174 174 168 171 172 167 174 174 170 173 167 163 166 165 166 166 172 175 173 167 169 172 172 174 176 167 170 165 164 166 171 161 166 163 163 165 170 168 169 169 172 176 175
189 190 184 183 187 185 185 184 185 183 183 184 185 188 184 186 182 183 185 185 184 181 176 174 177 181 182 176 180 180 182 183 183 182 179 184 181 178 181 176 174 175 174 176 166 170 169 170 181 180 177 171 169 167 165 168 165 168 172 176 169 166 171 170 168 167 167 169 170 175 170 174 175 174 174 174 169 166 169 164 170 167 167 163 166 166 169 171 172 170 173 176 176 177
187 189 188 187 183 186 190 184 182 182 182 184 185 186 183 186 183 181 176 182 184 177 175 175 176 180 183 178 179 178 179 181 179 177 179 183 183 178 181 178 172 170 173 173 175 172 166 170 172 177 178 178 170 170 166 164 167 167 165 171 172 169 166 163 162 170 174 176 175 175 171 173 174 173 175 172 173 170 171 173 168 172 168 167 167 169 168 169 169 173 174 171 176 177
186 186 187 188 184 184 184 186 184 183 181 185 183 184 181 183 183 177 179 179 176 175 175 176 179 183 179 175 174 174 178 176 177 177 179 178 185 177 176 176 170 168 173 172 174 170 168 164 167 173 177 172 177 176 168 172 161 161 163 159 167 165 157 165 170 173 171 174 172 174 174 176 169 172 175 175 174 171 167 175 173 169 163 171 172 168 165 167 171 170 168 172 174 175
186 186 184 188 187 183 181 188 184 186 181 182 180 180 181 182 184 180 177 177 176 177 177 175 177 181 178 176 176 176 179 176 177 176 177 183 179 177 176 173 171 171 172 170 170 170 167 167 166 167 172 166 176 167 174 168 163 157 161 161 165 159 160 165 173 173 169 172 172 164 166 169 168 172 172 178 169 176 177 174 166 166 169 168 172 169 167 173 169 165 168 169 170 169
186 185 185 187 185 185 183 184 184 184 183 181 178 179 181 181 177 178 172 175 176 179 177 176 177 179 179 177 178 178 178 180 179 178 178 182 181 179 176 176 174 173 168 167 167 167 166 166 167 167 167 165 170 167 172 163 167 160 161 165 159 162 167 169 172 166 161 166 170 165 166 170 166 166 168 175 178 170 169 168 168 167 171 170 174 175 174 171 171 172 171 171 169 174
185 185 187 186 186 183 181 183 187 182 181 180 180 181 178 176 176 175 174 177 180 179 177 179 178 178 177 180 180 179 181 178 178 177 176 176 182 182 179 178 174 177 173 174 176 167 167 167 166 165 165 164 168 167 167 165 162 160 158 160 158 160 159 164 171 161 162 170 166 162 168 172 174 173 171 173 179 174 172 171 172 173 172 166 170 170 175 171 173 175 173 170 169 173
183 180 183 185 184 184 179 181 183 183 184 184 181 179 179 178 178 176 177 178 180 180 177 176 181 180 178 180 180 180 181 181 179 179 176 174 176 181 181 179 178 176 174 174 168 167 168 167 167 166 166 163 165 161 163 159 155 156 158 157 159 158 161 166 164 158 161 167 162 165 169 169 169 171 178 176 180 174 173 176 171 175 169 172 171 175 176 176 176 173 174 174 175 176
178 174 179 182 183 182 184 180 181 181 181 182 179 178 177 178 178 177 179 179 182 180 178 179 179 178 181 178 180 182 179 177 177 179 178 174 177 177 176 178 179 176 176 174 176 169 170 169 169 169 168 164 162 162 160 160 156 157 157 158 158 160 160 163 160 159 162 160 160 164 168 170 174 177 167 174 180 179 178 176 175 177 176 178 178 175 172 175 178 176 174 176 176 176
181 175 176 182 182 181 183 183 182 178 178 180 180 178 178 180 181 180 180 182 179 179 180 179 183 180 181 181 183 180 181 183 182 179 178 175 175 175 175 176 180 178 175 173 172 171 170 169 169 167 165 167 165 162 160 160 160 160 159 158 160 160 159 159 157 159 160 159 166 167 168 170 172 173 167 175 180 170 177 172 176 174 173 168 173 171 175 172 176 177 173 172 173 175
183 177 179 180 181 181 183 183 182 178 180 179 180 181 179 180 181 181 184 179 179 179 181 181 183 182 182 184 182 182 179 178 176 177 182 177 176 175 178 177 174 179 181 180 180 176 175 168 167 166 163 164 165 164 163 159 161 158 157 158 157 157 157 158 158 160 159 159 161 165 168 170 169 169 173 176 180 177 172 172 174 169 169 172 169 173 173 174 172 175 175 176 176 177
187 183 185 183 180 179 179 180 178 178 181 184 180 179 179 182 182 181 181 178 180 182 180 182 183 181 180 180 178 177 176 178 177 177 178 179 178 178 178 177 177 175 176 173 171 178 174 169 170 165 163 160 162 160 161 161 161 158 156 160 161 157 154 156 159 158 155 160 163 168 172 168 170 173 176 175 180 179 170 171 171 168 167 171 171 172 173 172 175 176 176 175 174 174
192 189 185 178 178 177 177 178 176 181 183 182 180 180 182 180 181 182 182 184 183 182 181 182 184 180 180 178 181 179 177 177 175 177 177 178 180 179 177 177 175 175 174 171 170 174 174 177 171 165 160 164 163 163 164 162 162 161 159 161 161 156 155 157 158 156 158 161 163 165 165 166 172 175 173 177 179 178 176 171 169 173 175 173 173 175 174 170 173 176 174 173 175 174
192 188 182 182 177 177 179 178 177 178 180 183 181 178 182 181 181 182 183 182 180 182 183 183 184 182 179 181 180 177 174 175 176 178 178 178 178 177 176 174 173 173 171 170 168 170 171 177 171 165 165 168 166 164 165 165 162 163 163 160 162 160 154 155 156 158 159 161 159 159 163 167 172 170 173 176 174 178 179 173 171 173 177 175 175 178 176 173 172 174 173 168 173 171
193 191 181 179 175 172 177 178 179 180 179 187 181 181 184 184 181 184 181 179 180 181 183 183 180 182 183 179 178 179 176 178 175 177 174 176 178 178 177 173 169 171 171 168 166 169 173 177 170 169 172 169 165 164 168 166 163 163 163 162 163 161 157 158 159 157 159 163 161 161 165 170 165 161 166 174 177 180 178 173 177 173 176 179 175 174 170 172 172 171 171 170 170 180
