Climate/data/grids_germany_multi_annual_drought_index_1981-2010_12.asc
NCOLS 654
NROWS 866
XLLCORNER 3280414.711633467
YLLCORNER 5237500.62890625
CELLSIZE 1000
NODATA_VALUE -999
[rows 781 to 851 of 866, columns 384 to 479 of 654]
7 7 7 7 7 7 8 8 8 8 8 7 7 7 8 8 8 8 8 8 8 8 8 8 7 7 7 7 7 7 7 7 7 7 7 7 7 7 7 6 7 7 7 7 7 7 7 7 7 7 7 7 8 7 7 7 7 7 7 7 7 7 7 7 7 7 7 7 7 7 6 6 7 7 7 7 7 7 7 7 7 8 8 9 9 9 9 9 9 9 9 9 8 9 9 9
7 7 7 7 8 7 7 8 8 8 8 7 7 8 8 8 8 8 8 8 8 7 8 8 8 8 7 7 7 7 7 7 7 7 7 7 7 7 7 7 7 7 7 7 8 8 7 8 8 7 7 8 7 7 7 7 7 7 7 7 7 7 7 7 7 7 7 7 7 7 6 7 7 7 7 7 7 7 7 7 7 8 8 9 9 9 9 9 9 9 9 9 8 8 9 9
6 6 7 7 7 7 8 8 8 7 7 7 7 7 8 8 8 8 8 8 7 7 8 8 8 8 8 8 8 8 8 8 8 7 7 7 7 7 7 7 7 7 7 8 8 8 8 8 7 7 7 7 7 7 7 7 7 7 7 7 7 7 7 7 7 7 7 7 7 6 6 7 7 7 7 6 7 7 7 7 7 8 8 9 9 9 9 8 8 9 9 8 8 9 8 8
7 7 7 7 7 7 7 7 7 8 7 7 7 7 8 8 8 8 8 8 7 8 8 8 8 8 8 8 8 8 8 8 7 7 8 7 7 7 7 7 7 7 7 8 8 8 8 8 7 7 7 7 7 7 7 7 8 7 7 7 7 7 7 7 7 7 7 7 6 6 6 6 6 6 6 7 7 7 7 7 7 8 8 9 9 9 8 8 8 9 8 8 9 9 9 8
7 6 7 7 7 7 7 7 7 7 7 7 8 7 8 8 9 9 8 7 7 8 8 8 8 8 8 8 8 8 8 8 8 7 7 7 7 8 8 8 7 8 8 8 8 8 8 8 7 7 7 7 7 7 7 7 7 7 7 7 7 7 7 7 7 7 7 7 7 6 6 6 7 6 6 7 7 7 7 7 7 8 8 9 9 9 8 8 9 8 8 8 9 9 9 9
7 7 7 7 7 6 7 7 7 7 7 7 7 7 8 8 8 8 8 7 7 8 8 8 8 9 8 8 8 8 8 8 8 8 8 8 8 8 8 8 8 8 8 8 8 8 8 8 7 7 7 7 8 8 7 7 7 7 7 7 6 7 7 7 7 7 7 7 7 6 6 6 6 6 7 7 7 7 7 7 8 8 8 8 8 8 9 9 8 8 8 9 9 9 9 9
7 7 7 7 6 7 7 7 6 6 7 7 7 7 8 8 8 8 7 7 8 8 8 8 9 9 9 9 9 9 8 8 8 8 8 8 8 8 8 8 8 8 8 8 9 9 9 8 8 8 7 7 7 8 7 7 7 7 7 7 7 7 7 7 7 7 7 6 6 6 6 6 7 7 7 7 7 7 7 8 8 8 8 8 8 8 8 8 8 8 9 9 9 8 8 8
7 7 7 7 6 7 7 7 6 6 6 8 7 7 7 8 8 7 7 7 8 8 8 8 9 9 9 9 9 9 9 8 8 8 8 8 8 8 8 8 9 9 8 8 9 9 9 8 8 8 8 8 7 7 7 7 7 7 7 7 7 7 7 7 7 7 7 7 6 6 6 7 7 7 7 7 7 7 7 8 8 8 8 8 8 8 9 9 9 9 9 9 9 8 8 8
7 7 7 7 6 7 7 6 6 6 7 7 7 7 7 8 8 7 7 7 8 8 8 8 8 9 9 9 9 9 9 9 8 8 8 8 8 8 9 9 9 9 9 9 9 9 8 8 8 8 8 8 8 7 7 7 7 7 7 7 7 7 7 7 7 7 7 7 6 6 6 7 7 7 7 7 7 7 8 8 8 8 8 9 8 8 8 8 9 9 9 9 8 8 8 8
7 7 7 7 7 7 7 6 6 6 7 7 7 7 7 8 8 7 7 8 8 8 8 8 8 9 9 9 9 9 9 9 9 9 9 9 9 9 9 9 9 9 9 8 9 8 9 8 9 8 8 8 8 8 7 7 7 7 7 7 7 7 7 7 7 6 7 6 6 6 7 7 7 7 7 7 8 8 8 8 8 8 8 9 8 8 9 9 9 9 9 9 8 8 8 8
7 7 7 8 8 8 7 6 6 6 7 7 7 7 7 8 7 7 7 8 8 9 8 8 8 9 9 9 9 10 9 9 9 9 9 9 9 9 9 9 9 9 9 8 9 9 9 8 8 8 8 8 8 7 7 7 7 7 7 7 7 7 7 7 7 7 7 6 6 6 7 7 7 7 7 7 8 8 8 7 8 8 8 8 8 8 8 9 9 9 9 9 8 8 8 8
7 8 7 8 8 8 6 6 6 6 6 7 7 7 8 8 7 7 7 8 8 8 8 8 8 9 9 9 10 10 10 10 10 9 9 9 9 9 9 9 9 9 9 9 10 10 8 8 8 8 8 8 8 7 7 7 7 7 7 7 7 7 7 7 7 7 7 6 6 6 7 7 7 7 7 8 8 8 7 7 7 7 7 8 8 9 9 9 9 9 9 8 8 8 8 8
7 8 8 8 7 7 6 6 6 6 6 7 7 7 7 7 7 7 7 8 8 8 8 8 8 9 9 10 9 10 10 10 10 10 10 10 9 9 10 10 9 10 10 9 10 8 8 8 8 8 10 8 8 7 7 7 7 7 7 7 7 7 7 7 7 7 7 6 6 6 7 7 7 7 7 8 8 8 7 8 8 8 10 9 9 8 8 9 9 8 8 9 8 8 8 9
7 7 8 8 7 6 6 6 6 6 6 7 7 7 7 6 7 7 7 7 8 8 8 8 8 9 9 10 10 10 10 10 11 10 10 10 10 10 10 10 10 10 10 9 10 10 8 9 8 8 8 8 8 8 7 7 7 7 7 7 7 7 7 7 7 7 7 6 6 6 7 7 7 7 7 8 8 7 8 9 8 10 10 9 9 8 8 9 8 8 8 8 9 9 9 9
7 7 7 7 7 6 7 6 6 6 6 6 7 7 8 6 7 7 7 7 8 8 8 8 9 9 10 10 10 10 10 10 11 10 10 10 10 10 10 10 10 10 10 10 10 10 9 8 8 8 8 8 8 8 7 7 7 7 7 7 7 7 6 7 7 7 7 6 7 6 7 7 7 7 7 8 7 8 8 9 9 9 9 9 9 9 9 9 9 9 9 9 9 8 8 9
6 7 7 7 7 6 6 6 6 6 7 6 7 7 8 6 7 7 8 8 8 8 8 9 9 9 10 10 10 10 11 11 11 10 11 10 10 10 10 10 10 10 10 10 10 10 10 10 9 10 9 8 8 8 7 7 7 7 7 6 6 6 6 7 7 6 7 7 7 7 7 7 7 7 7 8 8 8 8 8 8 9 9 9 9 9 9 9 9 9 9 9 9 9 9 9
6 7 7 7 7 7 6 6 6 6 7 7 7 7 8 6 7 7 8 8 8 8 8 8 9 10 10 10 10 10 11 11 11 11 11 11 10 11 10 10 10 10 10 10 10 10 10 10 10 10 9 9 9 9 8 7 7 7 7 6 6 6 6 6 7 7 7 7 7 7 7 7 7 7 7 7 8 8 8 9 9 9 9 9 10 10 9 9 9 9 9 9 9 9 9 9
7 6 7 7 7 7 7 6 6 6 7 7 7 8 8 7 7 7 8 8 8 8 8 8 8 10 10 10 10 10 11 10 11 11 11 11 11 11 10 10 10 9 9 10 11 10 10 11 10 10 10 9 9 9 9 8 8 7 7 6 6 6 6 6 7 7 7 7 7 7 7 7 7 7 7 8 8 8 8 10 10 9 10 10 10 10 10 10 10 9 10 10 10 10 9 9
7 7 6 7 7 7 7 7 6 6 6 6 7 7 8 8 7 7 8 8 8 8 8 9 8 9 10 9 9 10 11 11 11 11 11 11 11 11 10 10 10 10 11 10 10 11 10 11 11 11 10 8 9 9 9 9 8 7 7 7 6 6 6 6 7 7 7 7 7 7 7 7 7 7 8 8 8 8 9 10 10 10 10 10 10 11 11 10 10 10 10 10 10 10 10 10
7 7 7 7 7 7 7 7 6 7 7 7 7 8 8 7 7 7 8 8 8 8 8 9 9 9 10 9 10 10 11 12 11 11 12 11 11 11 11 10 11 12 12 12 11 11 11 11 11 11 10 9 9 9 10 9 8 8 7 7 7 7 6 7 6 7 7 7 7 7 7 7 7 7 7 8 8 8 9 10 10 10 11 11 10 11 11 11 10 10 10 10 10 10 10 11
6 6 6 6 7 7 7 7 7 7 7 7 7 7 8 8 8 7 8 8 8 8 8 9 9 9 10 10 10 10 11 12 11 11 11 11 11 11 11 11 11 10 11 10 11 11 10 11 11 11 10 8 9 8 9 9 9 7 7 7 6 6 7 7 6 7 7 7 7 7 7 7 7 7 7 7 8 8 10 9 10 10 10 10 11 11 12 11 11 11 10 10 10 11 11 10
6 6 6 7 7 7 7 7 7 7 7 7 7 8 8 8 7 8 8 8 8 8 8 9 9 9 9 10 10 10 11 11 11 11 11 12 12 11 11 11 11 11 11 10 11 11 10 11 11 11 10 9 9 9 9 9 9 7 7 7 7 7 7 7 7 7 7 7 7 7 7 7 7 7 7 8 8 9 10 10 10 10 10 11 11 12 12 12 11 11 12 11 11 11 11 11
6 6 6 7 7 7 7 7 7 7 7 7 7 8 8 7 7 7 8 8 8 8 9 9 9 9 9 9 10 10 10 11 11 11 11 11 12 11 11 11 11 11 11 11 11 10 11 10 11 11 10 10 9 10 9 9 9 8 7 7 7 7 7 7 7 7 7 7 6 7 6 7 7 7 7 7 8 9 9 10 11 12 12 12 12 13 13 15 15 13 13 15 13 11 11 11
6 6 6 7 7 7 7 7 7 7 7 7 8 7 7 7 7 8 8 8 8 9 9 9 9 9 9 9 10 11 11 11 11 11 11 11 12 12 12 12 11 11 11 11 11 11 11 10 11 11 12 10 10 9 9 9 9 8 7 7 7 7 7 7 7 7 7 6 7 6 7 7 7 8 9 9 10 9 9 10 12 13 17 15 13 14 16 16 17 16 17 18 18 11 11 11
5 6 6 7 7 7 7 7 7 7 7 7 7 7 8 8 7 8 8 8 9 9 9 9 9 9 9 11 10 11 11 11 11 11 11 11 12 12 12 12 12 11 11 11 11 11 11 10 11 11 10 10 10 10 10 11 10 10 9 8 7 7 7 7 7 7 7 7 7 7 7 7 8 9 11 11 9 9 10 11 14 15 16 15 14 15 17 18 18 18 19 21 16 12 12 11
6 6 7 7 7 7 7 7 7 7 7 8 7 7 8 7 8 8 8 8 9 9 9 9 9 10 9 10 10 10 11 11 11 11 11 12 12 12 12 12 11 11 11 11 12 12 12 11 11 13 11 11 10 10 10 10 11 11 11 11 7 7 7 7 7 7 7 7 7 7 7 7 8 11 10 8 9 9 10 11 14 20 17 19 15 15 20 21 26 28 23 23 21 13 13 12
6 7 7 7 8 8 8 7 7 7 7 7 7 8 7 7 8 8 8 8 9 9 9 10 10 10 10 10 11 10 11 11 11 11 11 11 11 12 12 11 11 12 11 12 12 12 12 11 13 14 12 11 11 9 9 10 10 11 11 10 9 8 8 7 7 7 7 7 7 7 7 8 8 9 9 8 9 10 11 11 19 19 21 17 15 22 24 31 29 24 26 16 15 13 13 13
6 6 7 7 8 7 8 7 7 7 7 7 7 7 8 7 8 8 8 8 9 9 9 10 11 10 10 10 10 11 11 11 11 11 11 11 12 12 12 12 11 11 11 12 13 13 12 11 13 12 13 12 11 11 10 10 10 12 12 11 11 9 9 9 10 10 8 7 7 7 7 7 8 10 8 9 10 12 13 15 15 25 19 14 16 26 31 27 21 23 20 13 13 13 13 13
7 7 7 8 8 8 8 8 7 7 7 7 7 7 8 7 8 8 8 8 9 9 10 11 11 10 10 10 11 11 11 11 11 11 11 11 12 12 12 12 11 11 12 12 13 12 12 12 12 12 13 14 14 13 10 10 10 12 12 16 13 10 11 14 12 11 9 7 7 8 8 7 7 9 11 10 12 15 -999 13 24 21 22 15 21 24 25 22 20 19 15 14 15 13 14 13
7 7 7 8 8 8 8 8 7 7 7 7 7 7 7 7 8 8 8 9 9 10 10 11 11 10 11 11 11 11 11 11 11 11 12 12 12 13 12 11 11 11 12 13 13 13 13 13 13 12 13 15 18 13 11 10 10 11 11 13 14 10 15 15 11 13 9 7 8 8 8 7 7 10 15 13 12 18 -999 19 27 20 18 15 21 23 24 23 20 18 15 18 17 21 15 14
7 7 8 8 8 8 8 8 7 7 7 7 7 7 7 8 8 8 8 9 11 14 14 14 13 11 11 11 11 12 11 13 15 15 14 15 15 13 12 11 10 11 14 17 16 16 18 16 13 12 12 13 15 14 11 10 11 11 14 13 13 10 11 13 15 13 9 7 7 8 7 7 7 9 15 13 -999 -999 -999 22 22 17 14 18 30 36 29 24 19 15 15 20 25 22 17 15
7 7 8 8 8 8 8 8 8 8 8 8 7 7 7 8 8 8 9 12 14 17 17 15 12 11 11 11 11 12 14 18 19 15 14 17 18 18 13 12 10 11 13 14 14 18 15 14 15 14 12 15 14 16 12 10 10 11 16 20 16 11 13 17 11 11 8 9 13 10 10 7 7 8 9 -999 -999 -999 -999 27 20 15 18 19 25 37 34 23 19 14 14 20 22 23 21 19
7 8 8 8 8 8 8 8 7 8 7 7 7 7 7 8 8 8 11 12 16 13 16 14 12 11 12 12 12 12 17 17 20 19 16 18 19 16 16 12 11 11 11 11 13 14 19 15 17 15 11 15 17 16 13 11 11 11 12 18 13 14 13 15 15 14 8 10 17 13 10 8 7 8 17 -999 -999 -999 -999 -999 21 15 24 29 30 34 27 21 16 15 17 27 24 24 23 20
7 8 8 8 9 9 8 9 8 8 7 8 7 8 8 8 8 8 11 11 12 14 16 14 12 12 12 12 13 13 13 13 13 17 18 21 17 17 15 14 13 12 11 12 15 17 20 18 16 17 13 12 12 11 11 11 10 11 10 14 15 19 15 18 14 13 12 8 14 12 9 7 6 8 -999 -999 -999 -999 -999 -999 -999 -999 19 21 28 26 27 16 25 16 16 21 20 20 20 20
7 8 7 8 8 8 8 9 10 9 8 8 8 8 8 8 8 9 12 13 13 13 16 16 13 12 12 12 13 13 15 16 16 16 16 21 23 17 17 15 14 13 12 12 14 14 16 18 16 17 18 13 12 16 13 15 12 10 9 10 13 14 17 14 12 12 10 9 14 12 12 13 6 7 -999 -999 -999 -999 -999 -999 -999 -999 -999 -999 -999 -999 -999 -999 -999 23 16 16 16 17 17 16
8 7 7 8 8 8 8 9 9 8 8 8 8 8 8 8 8 10 12 14 17 14 14 14 12 12 12 12 13 13 17 16 18 17 17 20 20 20 16 20 21 15 13 13 13 13 12 17 20 18 20 15 17 23 14 22 15 10 10 9 12 11 13 12 12 11 10 10 12 11 14 13 7 7 -999 -999 -999 -999 -999 -999 -999 -999 -999 -999 -999 -999 -999 -999 -999 -999 -999 -999 -999 16 15 16
8 7 7 8 8 8 9 8 8 8 8 8 8 8 8 8 9 12 12 12 13 16 16 14 14 15 12 12 12 13 15 20 22 22 27 20 18 17 23 26 22 17 13 13 15 17 13 18 22 19 24 18 19 24 20 20 15 11 10 9 9 9 10 13 14 10 10 8 8 9 10 9 10 7 -999 -999 -999 -999 -999 -999 -999 -999 -999 -999 -999 -999 -999 -999 -999 -999 -999 -999 -999 -999 17 19
8 7 7 7 8 8 8 7 8 8 8 8 8 8 8 9 11 14 13 14 15 15 18 15 16 19 13 12 12 13 15 18 19 20 21 21 18 19 30 21 18 15 14 18 18 30 19 20 25 20 18 16 18 23 24 21 16 12 11 18 15 10 10 17 14 12 14 12 8 7 8 8 8 8 8 -999 -999 -999 -999 -999 -999 -999 -999 -999 -999 -999 -999 -999 -999 -999 -999 -999 -999 -999 20 22
7 7 7 7 7 7 8 8 8 8 8 8 8 8 8 10 12 14 13 16 16 18 16 18 18 21 17 13 12 12 13 14 16 18 21 24 17 23 29 23 19 15 18 23 26 25 22 16 18 22 21 16 18 19 26 25 29 19 11 11 16 10 13 19 21 17 17 16 12 8 8 11 9 8 9 9 8 -999 -999 -999 -999 -999 -999 -999 -999 -999 -999 -999 -999 -999 -999 -999 -999 -999 -999 -999
7 7 7 6 7 7 8 8 8 8 8 8 8 8 10 13 18 16 17 20 20 25 25 23 19 19 17 12 12 12 13 16 20 22 26 20 17 23 22 24 18 15 22 24 30 26 24 17 16 18 25 18 15 17 26 27 26 22 20 18 15 11 18 25 19 18 14 13 13 10 13 14 11 9 9 8 8 -999 -999 -999 -999 -999 -999 -999 -999 -999 -999 -999 -999 -999 -999 -999 -999 -999 -999 -999
7 7 7 7 7 8 9 9 8 8 8 8 8 9 12 17 20 15 16 18 22 20 21 17 15 14 13 12 12 12 13 14 19 26 23 21 18 21 18 21 17 16 20 25 30 28 27 21 19 16 19 20 16 17 19 21 25 21 19 14 13 10 17 23 20 17 16 9 10 9 9 8 10 9 8 8 8 -999 -999 -999 -999 -999 -999 -999 -999 -999 -999 -999 -999 -999 -999 -999 -999 -999 -999 -999
7 7 7 7 7 9 10 9 8 8 8 8 9 13 14 17 15 15 14 18 17 18 14 14 15 14 15 14 13 12 12 14 18 26 24 26 20 19 16 22 22 15 18 21 24 31 25 18 19 16 15 16 13 17 17 19 21 14 14 14 13 10 13 16 16 15 17 13 12 10 10 10 10 11 9 8 8 -999 -999 -999 -999 -999 -999 -999 -999 -999 -999 -999 -999 -999 -999 -999 -999 -999 -999 -999
8 7 7 7 8 11 13 11 9 8 9 9 11 16 16 20 17 14 13 16 20 17 14 12 11 11 11 11 12 13 12 14 17 19 19 21 25 22 18 16 15 16 17 20 17 21 21 20 17 16 18 17 15 13 15 16 17 17 16 12 13 13 -999 -999 14 22 17 17 15 16 14 8 8 8 9 -999 -999 -999 -999 -999 -999 -999 -999 -999 -999 -999 -999 -999 -999 -999 -999 -999 -999 -999 -999 -999
8 8 8 9 10 13 16 13 11 11 9 11 13 18 14 16 14 14 14 12 12 11 12 11 11 12 14 14 16 18 13 13 15 16 20 22 18 18 17 19 19 20 18 19 22 16 20 19 23 17 25 16 18 13 16 15 25 16 15 16 -999 -999 -999 -999 -999 -999 -999 -999 -999 -999 -999 -999 -999 -999 -999 -999 -999 -999 -999 -999 -999 -999 -999 -999 -999 -999 -999 -999 -999 -999 -999 -999 -999 -999 -999 -999
8 8 8 9 12 13 16 21 16 15 13 14 12 12 13 14 16 12 11 13 12 13 15 11 11 15 14 15 18 14 12 18 23 18 17 15 14 15 15 19 21 23 16 18 21 21 16 19 16 25 27 26 19 14 16 23 -999 -999 -999 -999 -999 -999 -999 -999 -999 -999 -999 -999 -999 -999 -999 -999 -999 -999 -999 -999 -999 -999 -999 -999 -999 -999 -999 -999 -999 -999 -999 -999 -999 -999 -999 -999 -999 -999 -999 -999
8 9 10 15 18 18 21 26 18 22 20 14 11 11 11 13 11 11 11 11 10 10 10 10 11 13 15 18 14 12 15 23 19 19 17 16 18 20 15 24 27 23 23 22 27 23 20 19 20 19 23 -999 -999 -999 -999 -999 -999 -999 -999 -999 -999 -999 -999 -999 -999 -999 -999 -999 -999 -999 -999 -999 -999 -999 -999 -999 -999 -999 -999 -999 -999 -999 -999 -999 -999 -999 -999 -999 -999 -999 -999 -999 -999 -999 -999 -999
8 10 17 14 22 15 16 20 14 15 15 11 11 11 11 14 11 12 12 11 12 12 13 13 13 15 14 13 11 17 17 16 18 15 16 18 17 22 21 23 22 23 25 25 24 24 26 26 22 16 15 -999 -999 -999 -999 -999 -999 -999 -999 -999 -999 -999 -999 -999 -999 -999 -999 -999 -999 -999 -999 -999 -999 -999 -999 -999 -999 -999 -999 -999 -999 -999 -999 -999 -999 -999 -999 -999 -999 -999 -999 -999 -999 -999 -999 -999
9 9 10 10 12 14 14 17 15 11 10 11 10 10 10 10 10 15 18 17 16 22 17 14 14 12 16 13 12 12 13 14 17 16 -999 -999 22 23 24 -999 -999 -999 -999 -999 -999 -999 -999 -999 -999 -999 -999 -999 -999 -999 -999 -999 -999 -999 -999 -999 -999 -999 -999 -999 -999 -999 -999 -999 -999 -999 -999 -999 -999 -999 -999 -999 -999 -999 -999 -999 -999 -999 -999 -999 -999 -999 -999 -999 -999 -999 -999 -999 -999 -999 -999 -999
9 12 11 11 12 11 12 16 15 10 11 11 10 10 11 12 12 13 17 15 16 13 15 14 18 16 12 11 14 13 14 16 16 -999 -999 -999 -999 -999 -999 -999 -999 -999 -999 -999 -999 -999 -999 -999 -999 -999 -999 -999 -999 -999 -999 -999 -999 -999 -999 -999 -999 -999 -999 -999 -999 -999 -999 -999 -999 -999 -999 -999 -999 -999 -999 -999 -999 -999 -999 -999 -999 -999 -999 -999 -999 -999 -999 -999 -999 -999 -999 -999 -999 -999 -999 -999
12 12 20 14 14 15 15 11 13 11 11 11 10 14 17 13 17 15 16 16 15 14 12 11 11 11 11 11 13 18 21 14 -999 -999 -999 -999 -999 -999 -999 -999 -999 -999 -999 -999 -999 -999 -999 -999 -999 -999 -999 -999 -999 -999 -999 -999 -999 -999 -999 -999 -999 -999 -999 -999 -999 -999 -999 -999 -999 -999 -999 -999 -999 -999 -999 -999 -999 -999 -999 -999 -999 -999 -999 -999 -999 -999 -999 -999 -999 -999 -999 -999 -999 -999 -999 -999
17 17 20 18 16 27 20 14 11 13 12 12 14 17 13 15 15 14 12 11 11 11 11 11 13 14 13 12 17 26 15 -999 -999 -999 -999 -999 -999 -999 -999 -999 -999 -999 -999 -999 -999 -999 -999 -999 -999 -999 -999 -999 -999 -999 -999 -999 -999 -999 -999 -999 -999 -999 -999 -999 -999 -999 -999 -999 -999 -999 -999 -999 -999 -999 -999 -999 -999 -999 -999 -999 -999 -999 -999 -999 -999 -999 -999 -999 -999 -999 -999 -999 -999 -999 -999 -999
25 27 24 27 22 20 18 14 12 13 14 14 14 12 11 10 10 11 11 11 11 13 18 21 16 14 12 15 26 28 28 -999 -999 -999 -999 -999 -999 -999 -999 -999 -999 -999 -999 -999 -999 -999 -999 -999 -999 -999 -999 -999 -999 -999 -999 -999 -999 -999 -999 -999 -999 -999 -999 -999 -999 -999 -999 -999 -999 -999 -999 -999 -999 -999 -999 -999 -999 -999 -999 -999 -999 -999 -999 -999 -999 -999 -999 -999 -999 -999 -999 -999 -999 -999 -999 -999
32 25 26 22 20 17 15 11 11 14 15 15 15 10 11 15 18 19 13 11 14 22 21 14 14 17 16 13 17 22 18 -999 -999 -999 -999 -999 -999 -999 -999 -999 -999 -999 -999 -999 -999 -999 -999 -999 -999 -999 -999 -999 -999 -999 -999 -999 -999 -999 -999 -999 -999 -999 -999 -999 -999 -999 -999 -999 -999 -999 -999 -999 -999 -999 -999 -999 -999 -999 -999 -999 -999 -999 -999 -999 -999 -999 -999 -999 -999 -999 -999 -999 -999 -999 -999 -999
23 22 19 18 19 15 13 11 12 13 13 11 10 15 17 19 14 11 14 11 16 20 17 18 16 26 16 17 12 14 -999 -999 -999 -999 -999 -999 -999 -999 -999 -999 -999 -999 -999 -999 -999 -999 -999 -999 -999 -999 -999 -999 -999 -999 -999 -999 -999 -999 -999 -999 -999 -999 -999 -999 -999 -999 -999 -999 -999 -999 -999 -999 -999 -999 -999 -999 -999 -999 -999 -999 -999 -999 -999 -999 -999 -999 -999 -999 -999 -999 -999 -999 -999 -999 -999 -999
18 19 14 15 16 13 14 10 11 10 10 12 13 23 15 13 15 19 13 11 16 21 20 23 15 24 16 19 20 17 -999 -999 -999 -999 -999 -999 -999 -999 -999 -999 -999 -999 -999 -999 -999 -999 -999 -999 -999 -999 -999 -999 -999 -999 -999 -999 -999 -999 -999 -999 -999 -999 -999 -999 -999 -999 -999 -999 -999 -999 -999 -999 -999 -999 -999 -999 -999 -999 -999 -999 -999 -999 -999 -999 -999 -999 -999 -999 -999 -999 -999 -999 -999 -999 -999 -999
16 14 13 13 13 11 10 9 9 10 11 15 18 15 14 17 24 18 13 -999 -999 21 28 31 15 24 23 24 26 -999 -999 -999 -999 -999 -999 -999 -999 -999 -999 -999 -999 -999 -999 -999 -999 -999 -999 -999 -999 -999 -999 -999 -999 -999 -999 -999 -999 -999 -999 -999 -999 -999 -999 -999 -999 -999 -999 -999 -999 -999 -999 -999 -999 -999 -999 -999 -999 -999 -999 -999 -999 -999 -999 -999 -999 -999 -999 -999 -999 -999 -999 -999 -999 -999 -999 -999
21 18 14 14 11 10 9 8 9 11 11 21 19 19 20 26 22 13 -999 -999 -999 -999 -999 -999 -999 -999 -999 -999 -999 -999 -999 -999 -999 -999 -999 -999 -999 -999 -999 -999 -999 -999 -999 -999 -999 -999 -999 -999 -999 -999 -999 -999 -999 -999 -999 -999 -999 -999 -999 -999 -999 -999 -999 -999 -999 -999 -999 -999 -999 -999 -999 -999 -999 -999 -999 -999 -999 -999 -999 -999 -999 -999 -999 -999 -999 -999 -999 -999 -999 -999 -999 -999 -999 -999 -999 -999
16 14 17 14 10 9 8 8 11 14 15 25 17 27 27 25 17 -999 -999 -999 -999 -999 -999 -999 -999 -999 -999 -999 -999 -999 -999 -999 -999 -999 -999 -999 -999 -999 -999 -999 -999 -999 -999 -999 -999 -999 -999 -999 -999 -999 -999 -999 -999 -999 -999 -999 -999 -999 -999 -999 -999 -999 -999 -999 -999 -999 -999 -999 -999 -999 -999 -999 -999 -999 -999 -999 -999 -999 -999 -999 -999 -999 -999 -999 -999 -999 -999 -999 -999 -999 -999 -999 -999 -999 -999 -999
13 12 11 10 10 9 9 8 11 18 18 26 20 29 20 15 -999 -999 -999 -999 -999 -999 -999 -999 -999 -999 -999 -999 -999 -999 -999 -999 -999 -999 -999 -999 -999 -999 -999 -999 -999 -999 -999 -999 -999 -999 -999 -999 -999 -999 -999 -999 -999 -999 -999 -999 -999 -999 -999 -999 -999 -999 -999 -999 -999 -999 -999 -999 -999 -999 -999 -999 -999 -999 -999 -999 -999 -999 -999 -999 -999 -999 -999 -999 -999 -999 -999 -999 -999 -999 -999 -999 -999 -999 -999 -999
12 12 12 10 11 10 10 9 11 24 19 31 28 27 17 15 -999 -999 -999 -999 -999 -999 -999 -999 -999 -999 -999 -999 -999 -999 -999 -999 -999 -999 -999 -999 -999 -999 -999 -999 -999 -999 -999 -999 -999 -999 -999 -999 -999 -999 -999 -999 -999 -999 -999 -999 -999 -999 -999 -999 -999 -999 -999 -999 -999 -999 -999 -999 -999 -999 -999 -999 -999 -999 -999 -999 -999 -999 -999 -999 -999 -999 -999 -999 -999 -999 -999 -999 -999 -999 -999 -999 -999 -999 -999 -999
15 13 13 11 10 10 10 9 11 14 17 22 27 17 14 14 -999 -999 -999 -999 -999 -999 -999 -999 -999 -999 -999 -999 -999 -999 -999 -999 -999 -999 -999 -999 -999 -999 -999 -999 -999 -999 -999 -999 -999 -999 -999 -999 -999 -999 -999 -999 -999 -999 -999 -999 -999 -999 -999 -999 -999 -999 -999 -999 -999 -999 -999 -999 -999 -999 -999 -999 -999 -999 -999 -999 -999 -999 -999 -999 -999 -999 -999 -999 -999 -999 -999 -999 -999 -999 -999 -999 -999 -999 -999 -999
11 12 12 11 12 10 10 9 12 17 16 16 18 21 16 19 18 -999 -999 -999 -999 -999 -999 -999 -999 -999 -999 -999 -999 -999 -999 -999 -999 -999 -999 -999 -999 -999 -999 -999 -999 -999 -999 -999 -999 -999 -999 -999 -999 -999 -999 -999 -999 -999 -999 -999 -999 -999 -999 -999 -999 -999 -999 -999 -999 -999 -999 -999 -999 -999 -999 -999 -999 -999 -999 -999 -999 -999 -999 -999 -999 -999 -999 -999 -999 -999 -999 -999 -999 -999 -999 -999 -999 -999 -999 -999
11 14 14 14 12 10 9 9 17 17 23 22 23 26 19 24 29 28 -999 -999 -999 -999 -999 -999 -999 -999 -999 -999 -999 -999 -999 -999 -999 -999 -999 -999 -999 -999 -999 -999 -999 -999 -999 -999 -999 -999 -999 -999 -999 -999 -999 -999 -999 -999 -999 -999 -999 -999 -999 -999 -999 -999 -999 -999 -999 -999 -999 -999 -999 -999 -999 -999 -999 -999 -999 -999 -999 -999 -999 -999 -999 -999 -999 -999 -999 -999 -999 -999 -999 -999 -999 -999 -999 -999 -999 -999
13 12 15 15 12 10 9 11 13 15 21 43 45 -999 -999 -999 -999 -999 -999 -999 -999 -999 -999 -999 -999 -999 -999 -999 -999 -999 -999 -999 -999 -999 -999 -999 -999 -999 -999 -999 -999 -999 -999 -999 -999 -999 -999 -999 -999 -999 -999 -999 -999 -999 -999 -999 -999 -999 -999 -999 -999 -999 -999 -999 -999 -999 -999 -999 -999 -999 -999 -999 -999 -999 -999 -999 -999 -999 -999 -999 -999 -999 -999 -999 -999 -999 -999 -999 -999 -999 -999 -999 -999 -999 -999 -999
13 12 12 11 10 9 9 12 23 18 30 -999 -999 -999 -999 -999 -999 -999 -999 -999 -999 -999 -999 -999 -999 -999 -999 -999 -999 -999 -999 -999 -999 -999 -999 -999 -999 -999 -999 -999 -999 -999 -999 -999 -999 -999 -999 -999 -999 -999 -999 -999 -999 -999 -999 -999 -999 -999 -999 -999 -999 -999 -999 -999 -999 -999 -999 -999 -999 -999 -999 -999 -999 -999 -999 -999 -999 -999 -999 -999 -999 -999 -999 -999 -999 -999 -999 -999 -999 -999 -999 -999 -999 -999 -999 -999
25 -999 -999 -999 -999 9 10 21 30 29 -999 -999 -999 -999 -999 -999 -999 -999 -999 -999 -999 -999 -999 -999 -999 -999 -999 -999 -999 -999 -999 -999 -999 -999 -999 -999 -999 -999 -999 -999 -999 -999 -999 -999 -999 -999 -999 -999 -999 -999 -999 -999 -999 -999 -999 -999 -999 -999 -999 -999 -999 -999 -999 -999 -999 -999 -999 -999 -999 -999 -999 -999 -999 -999 -999 -999 -999 -999 -999 -999 -999 -999 -999 -999 -999 -999 -999 -999 -999 -999 -999 -999 -999 -999 -999 -999
-999 -999 -999 -999 -999 9 12 21 -999 -999 -999 -999 -999 -999 -999 -999 -999 -999 -999 -999 -999 -999 -999 -999 -999 -999 -999 -999 -999 -999 -999 -999 -999 -999 -999 -999 -999 -999 -999 -999 -999 -999 -999 -999 -999 -999 -999 -999 -999 -999 -999 -999 -999 -999 -999 -999 -999 -999 -999 -999 -999 -999 -999 -999 -999 -999 -999 -999 -999 -999 -999 -999 -999 -999 -999 -999 -999 -999 -999 -999 -999 -999 -999 -999 -999 -999 -999 -999 -999 -999 -999 -999 -999 -999 -999 -999
-999 -999 -999 -999 12 9 11 22 -999 -999 -999 -999 -999 -999 -999 -999 -999 -999 -999 -999 -999 -999 -999 -999 -999 -999 -999 -999 -999 -999 -999 -999 -999 -999 -999 -999 -999 -999 -999 -999 -999 -999 -999 -999 -999 -999 -999 -999 -999 -999 -999 -999 -999 -999 -999 -999 -999 -999 -999 -999 -999 -999 -999 -999 -999 -999 -999 -999 -999 -999 -999 -999 -999 -999 -999 -999 -999 -999 -999 -999 -999 -999 -999 -999 -999 -999 -999 -999 -999 -999 -999 -999 -999 -999 -999 -999
-999 -999 -999 19 11 9 12 25 -999 -999 -999 -999 -999 -999 -999 -999 -999 -999 -999 -999 -999 -999 -999 -999 -999 -999 -999 -999 -999 -999 -999 -999 -999 -999 -999 -999 -999 -999 -999 -999 -999 -999 -999 -999 -999 -999 -999 -999 -999 -999 -999 -999 -999 -999 -999 -999 -999 -999 -999 -999 -999 -999 -999 -999 -999 -999 -999 -999 -999 -999 -999 -999 -999 -999 -999 -999 -999 -999 -999 -999 -999 -999 -999 -999 -999 -999 -999 -999 -999 -999 -999 -999 -999 -999 -999 -999
-999 -999 -999 -999 -999 -999 -999 -999 -999 -999 -999 -999 -999 -999 -999 -999 -999 -999 -999 -999 -999 -999 -999 -999 -999 -999 -999 -999 -999 -999 -999 -999 -999 -999 -999 -999 -999 -999 -999 -999 -999 -999 -999 -999 -999 -999 -999 -999 -999 -999 -999 -999 -999 -999 -999 -999 -999 -999 -999 -999 -999 -999 -999 -999 -999 -999 -999 -999 -999 -999 -999 -999 -999 -999 -999 -999 -999 -999 -999 -999 -999 -999 -999 -999 -999 -999 -999 -999 -999 -999 -999 -999 -999 -999 -999 -999
-999 -999 -999 -999 -999 -999 -999 -999 -999 -999 -999 -999 -999 -999 -999 -999 -999 -999 -999 -999 -999 -999 -999 -999 -999 -999 -999 -999 -999 -999 -999 -999 -999 -999 -999 -999 -999 -999 -999 -999 -999 -999 -999 -999 -999 -999 -999 -999 -999 -999 -999 -999 -999 -999 -999 -999 -999 -999 -999 -999 -999 -999 -999 -999 -999 -999 -999 -999 -999 -999 -999 -999 -999 -999 -999 -999 -999 -999 -999 -999 -999 -999 -999 -999 -999 -999 -999 -999 -999 -999 -999 -999 -999 -999 -999 -999
