Climate/data/grids_germany_multi_annual_precipitation_1981-2010_05.asc
NCOLS 654
NROWS 866
XLLCORNER 3280414.711633467
YLLCORNER 5237500.62890625
CELLSIZE 1000
NODATA_VALUE -999
[rows 477 to 529 of 866, columns 96 to 191 of 654]
79 80 78 75 76 77 77 76 77 74 76 72 77 72 76 76 73 73 72 72 84 84 82 79 75 79 76 76 74 74 75 78 79 72 77 83 73 72 74 74 82 76 83 79 80 80 82 78 83 80 79 84 81 79 82 76 76 78 76 81 84 81 81 80 79 73 70 72 76 74 71 71 69 68 76 74 79 79 80 73 83 80 82 84 83 79 83 84 85 82 75 74 70 71 69 72
78 79 74 77 75 77 75 77 77 76 75 73 77 76 78 76 74 74 76 79 84 85 82 78 76 81 77 77 75 74 75 75 78 73 76 77 74 79 79 79 81 78 87 84 85 84 75 75 78 83 83 84 84 82 84 80 77 73 78 81 76 76 78 78 78 75 73 68 72 69 67 69 70 70 74 77 75 80 75 78 79 82 81 80 79 78 79 82 80 77 75 72 72 70 69 70
72 74 79 75 72 77 78 77 78 75 75 74 78 74 77 78 83 77 76 82 84 84 83 78 74 79 78 78 78 75 78 80 78 73 73 77 74 76 82 83 81 81 79 81 87 84 82 78 77 77 82 80 83 85 81 82 82 76 76 76 79 82 83 74 69 68 67 66 71 69 69 68 66 69 70 73 73 71 76 74 77 79 78 78 79 80 81 78 77 79 74 72 70 73 69 68
73 72 77 78 77 76 76 76 78 74 76 76 78 77 76 82 80 80 83 84 84 83 79 75 78 82 83 83 79 80 80 79 78 78 71 77 79 79 83 85 81 81 79 83 85 89 86 81 78 82 76 75 82 76 87 87 84 87 78 79 87 80 75 70 73 70 70 68 69 68 74 68 65 65 69 71 76 69 72 77 82 74 73 77 82 79 78 79 81 77 75 73 75 75 74 73
76 72 72 79 80 73 76 73 78 77 79 79 78 77 75 79 82 82 81 82 82 83 80 76 79 81 81 81 78 81 80 81 80 73 77 78 79 82 82 82 82 83 83 84 87 86 87 87 82 87 76 82 76 81 85 90 86 83 79 84 84 79 73 70 75 71 70 79 77 73 74 68 66 62 71 67 67 70 78 78 77 76 73 76 79 74 79 84 81 80 78 79 78 76 73 70
74 73 74 75 78 76 74 74 75 77 80 79 77 76 79 79 84 82 81 78 80 80 80 78 79 80 79 79 79 77 78 79 79 74 75 76 79 79 80 82 86 88 87 88 88 87 87 86 86 86 81 84 77 85 82 87 84 81 85 81 77 75 74 77 82 77 72 77 76 71 76 73 71 65 63 71 73 75 77 78 74 74 72 70 72 76 77 75 76 77 79 75 71 71 73 72
72 74 73 75 78 75 71 76 77 77 77 76 78 80 80 82 81 79 77 77 78 77 79 79 80 77 78 79 78 80 80 80 81 80 74 73 76 77 80 77 82 81 79 87 86 86 87 85 85 85 82 83 82 83 86 87 88 85 87 83 84 80 75 81 81 73 76 79 74 69 68 68 70 69 63 69 70 73 71 72 73 78 75 74 70 73 75 72 74 77 78 75 75 69 70 70
76 75 74 75 80 77 75 74 73 73 75 77 77 78 78 79 79 78 76 76 78 80 75 77 79 77 77 78 77 77 79 78 81 82 80 74 74 76 78 79 81 80 86 87 86 86 85 85 85 88 85 88 86 89 91 90 88 89 86 85 82 79 79 84 82 77 80 77 73 73 72 71 63 65 62 67 68 65 72 70 76 73 74 70 69 69 71 73 73 73 72 73 74 70 70 74
80 77 75 76 74 78 76 76 76 74 76 77 77 77 76 77 77 77 73 76 78 77 77 78 76 79 78 77 80 81 81 79 79 82 79 78 79 77 76 79 80 82 81 86 84 85 82 83 84 86 87 87 89 88 91 89 89 87 86 83 84 81 84 83 81 83 83 78 74 72 69 64 73 67 62 64 64 66 67 67 69 67 66 70 74 71 68 70 73 70 71 72 74 71 71 71
84 77 76 76 75 75 75 78 78 75 75 76 77 74 74 75 75 73 76 76 75 76 73 76 75 76 76 79 79 78 77 78 79 81 82 81 80 80 76 78 81 84 86 86 85 85 82 83 84 82 83 85 87 87 88 88 88 88 86 84 85 85 87 84 83 83 77 75 74 71 70 68 73 67 62 71 65 70 68 69 70 76 72 73 71 73 70 69 72 73 73 73 71 70 69 69
79 78 77 77 74 75 75 78 75 76 74 72 74 74 74 73 70 75 75 75 73 73 72 72 73 72 75 78 80 81 83 81 75 81 81 81 78 80 80 78 76 76 77 80 81 87 85 83 85 84 83 84 85 88 86 88 89 88 87 88 87 86 86 83 84 84 81 79 75 72 72 72 69 65 61 65 70 70 69 74 73 71 75 73 73 72 72 69 70 69 69 70 72 71 69 71
73 75 78 78 78 76 78 77 74 70 74 74 74 72 72 73 73 75 74 71 73 71 70 73 74 75 78 81 82 81 81 80 79 79 78 78 77 80 78 82 80 83 84 78 81 86 81 84 85 87 86 87 87 86 86 89 90 87 85 87 89 88 85 84 87 83 79 74 72 75 71 69 66 67 63 64 72 71 72 74 75 73 73 73 73 73 70 68 69 69 70 73 71 72 72 72
72 79 78 79 80 79 80 74 72 72 73 73 72 72 73 72 72 70 71 71 72 71 70 73 74 76 74 78 81 81 83 80 80 78 75 77 78 78 80 81 82 85 84 81 81 78 81 84 87 83 84 84 84 85 85 86 88 86 85 88 88 87 86 86 84 83 80 77 77 76 70 67 69 65 63 64 66 71 73 70 69 71 72 71 72 75 71 69 71 71 70 74 70 73 75 75
76 75 79 80 77 77 78 77 74 71 74 74 71 72 73 72 70 71 72 70 69 69 68 69 74 73 75 78 81 81 80 78 79 78 78 78 79 81 82 82 84 84 87 84 82 78 80 84 84 80 82 85 83 83 85 84 85 86 84 86 90 89 87 86 86 83 84 83 79 74 70 71 68 65 66 64 63 69 73 71 68 69 69 67 70 72 74 71 72 77 72 75 70 77 78 76
75 77 82 84 79 77 75 76 76 68 73 73 71 71 71 69 72 73 71 72 70 68 70 70 70 74 75 76 77 77 80 78 80 78 77 77 78 81 84 84 82 86 87 84 80 78 82 81 78 81 83 85 82 83 85 84 84 86 84 85 87 86 86 88 85 81 83 81 77 72 76 79 73 66 64 61 64 69 67 71 69 67 70 72 75 75 73 74 75 75 76 70 70 74 76 73
71 79 76 80 80 75 74 74 70 70 72 68 66 67 68 70 71 71 70 70 68 67 69 69 72 71 73 76 76 76 79 80 81 78 79 78 78 84 88 86 87 86 87 85 80 77 82 78 80 81 81 81 85 84 82 83 83 83 86 85 85 84 86 83 85 81 80 80 80 79 81 77 70 69 62 61 65 68 70 68 67 68 68 71 72 73 77 76 77 76 76 75 73 70 71 75
72 78 75 82 79 76 75 74 76 73 71 69 70 73 71 67 68 68 70 67 67 70 69 69 73 75 75 76 74 77 77 80 80 80 79 83 84 84 86 86 86 87 87 83 80 82 79 81 84 84 85 85 86 85 87 85 84 84 84 86 85 83 85 82 82 83 80 79 77 79 77 76 76 72 66 63 61 64 67 68 67 71 75 77 71 70 75 71 75 74 76 72 73 70 71 72
72 74 77 79 76 78 77 78 69 66 69 73 75 75 71 70 72 71 69 71 67 72 70 68 72 73 75 72 74 76 76 77 76 77 78 84 85 80 79 83 85 88 88 82 82 87 83 85 86 84 83 84 84 85 83 86 85 83 85 86 86 85 83 84 82 80 79 79 76 76 74 70 71 68 65 65 62 62 63 67 69 71 70 74 75 70 72 69 73 72 72 72 72 72 70 69
70 75 75 77 75 77 79 76 73 68 74 75 74 75 73 69 74 68 72 73 72 67 73 73 73 70 72 71 74 75 74 77 74 74 79 84 84 82 82 83 85 86 86 86 85 84 83 85 85 84 82 83 83 82 81 83 84 81 82 85 86 84 83 85 82 84 82 82 80 76 75 70 69 66 64 64 68 64 64 64 71 68 68 70 68 71 69 72 69 72 71 72 71 75 72 69
72 74 75 73 75 78 74 76 75 71 74 69 73 75 73 69 72 68 73 73 70 73 70 75 73 70 73 73 76 74 75 74 74 76 78 79 82 82 83 83 83 83 86 86 84 85 84 85 84 85 83 82 80 82 82 82 82 81 81 80 83 84 80 85 87 83 81 80 79 78 73 68 64 66 69 70 73 66 66 64 65 66 66 68 69 68 72 70 72 70 69 70 68 71 72 70
66 69 70 72 75 77 75 78 69 64 70 64 74 76 77 74 73 71 73 72 73 74 75 76 75 74 72 76 76 75 73 73 73 74 74 76 81 83 84 84 83 84 85 85 84 86 84 83 84 83 81 82 80 82 82 80 81 79 79 77 79 78 82 84 80 77 76 76 78 79 75 73 69 64 65 67 73 72 67 72 68 67 69 72 69 66 67 68 69 68 67 67 68 67 70 70
67 70 73 74 73 77 76 78 76 69 68 62 69 67 75 70 75 74 75 74 74 76 75 75 72 73 70 74 74 73 73 72 76 73 74 76 76 78 81 82 83 83 84 84 86 85 83 82 83 81 83 82 83 82 82 78 78 80 79 76 75 74 78 81 79 75 69 69 69 72 76 74 69 64 66 68 72 71 71 71 70 71 68 70 72 69 67 67 68 66 67 66 67 67 66 67
65 67 73 71 75 74 77 70 71 65 65 62 66 73 70 70 74 66 72 77 77 77 73 73 72 73 69 73 73 73 72 74 74 73 74 74 76 76 79 81 82 80 83 84 83 82 81 86 83 82 80 82 83 80 79 77 77 78 77 75 75 75 80 77 78 76 74 71 68 67 70 75 69 63 69 71 71 68 67 72 70 70 68 70 72 69 68 66 67 67 66 67 66 67 66 66
64 65 67 69 73 74 75 75 68 70 70 67 68 72 67 73 70 71 73 75 76 77 76 75 76 74 73 71 71 73 73 74 73 74 72 73 74 76 79 80 81 82 83 83 83 82 80 82 83 82 78 75 75 78 74 79 78 77 77 74 75 78 76 77 76 74 72 70 72 67 68 73 68 65 68 69 65 68 65 71 67 66 69 67 68 68 67 67 67 70 69 69 69 70 68 67
63 63 67 70 72 75 69 76 75 67 63 67 73 62 75 71 72 71 75 75 73 73 75 77 74 74 73 71 72 73 72 73 73 72 71 72 72 73 74 77 81 81 84 82 82 82 79 79 80 80 78 79 73 73 73 73 73 77 78 72 74 76 76 76 74 69 70 69 71 68 64 71 66 64 67 66 62 63 67 69 64 64 65 65 65 65 66 66 68 71 73 73 70 68 69 68
69 63 64 69 70 64 68 68 72 74 61 63 63 76 78 78 77 77 73 70 72 71 79 78 76 73 74 72 70 71 71 72 73 71 71 71 72 75 74 79 78 80 82 81 82 79 79 78 78 79 76 74 73 72 69 70 71 76 75 73 74 77 75 74 75 73 68 66 66 68 67 69 67 66 66 64 65 66 63 63 65 65 65 66 68 71 70 71 69 72 74 72 71 71 69 69
67 66 60 59 65 65 72 72 71 72 74 60 67 73 74 75 77 75 74 70 72 76 76 75 74 74 73 71 72 73 71 71 72 69 71 70 74 75 77 79 77 77 79 81 81 79 78 76 76 74 76 80 80 75 72 66 69 75 76 71 72 74 76 71 72 74 75 70 72 65 67 67 66 65 63 64 66 71 66 71 69 66 68 70 72 73 73 70 71 74 74 73 72 72 71 69
68 68 60 58 60 63 66 67 71 73 73 60 70 74 76 73 75 74 73 72 74 76 74 74 70 74 73 73 72 72 71 72 71 69 70 71 72 74 74 74 78 81 82 81 80 78 77 76 75 80 77 80 78 75 76 67 67 72 71 69 74 73 72 72 69 71 69 66 66 64 66 68 63 64 66 69 66 72 72 67 70 66 68 71 75 73 71 72 73 76 76 72 71 72 70 69
64 61 63 58 58 66 65 70 74 69 67 70 60 73 72 71 73 71 73 71 72 74 74 70 71 71 73 73 71 78 68 68 69 72 72 71 72 74 74 75 77 77 80 79 79 77 77 75 77 75 74 76 74 71 69 67 66 67 69 69 69 68 68 70 68 68 68 73 75 71 65 64 63 69 73 73 70 68 72 67 68 66 72 72 73 72 73 72 72 74 73 74 71 70 68 69
65 66 68 58 57 60 63 70 72 76 73 66 63 63 64 69 70 66 73 63 71 75 70 68 70 72 74 73 72 69 68 70 72 75 70 72 72 74 75 75 74 76 75 76 76 74 73 73 75 72 69 74 70 67 64 65 65 66 69 69 69 69 67 68 69 71 72 75 76 72 67 67 69 68 69 73 74 70 71 71 71 71 69 71 70 72 73 72 74 75 75 73 72 72 71 69
61 66 59 67 62 58 71 66 75 73 70 69 71 72 62 63 62 68 68 72 75 73 71 71 73 73 73 70 68 67 69 71 74 74 73 72 74 74 75 73 74 73 73 72 74 73 72 71 73 69 66 64 63 63 64 65 65 67 72 67 67 67 66 68 69 69 71 74 75 70 68 69 66 69 71 74 74 73 73 70 75 71 69 70 72 72 74 71 73 74 74 72 73 74 71 70
66 65 67 63 60 58 60 69 66 68 73 71 70 70 66 63 63 64 73 77 73 72 69 71 63 71 70 69 72 73 74 77 76 76 75 74 73 73 74 72 72 71 72 70 72 73 72 71 71 72 69 68 63 62 63 64 63 70 74 70 69 69 71 67 68 69 70 75 75 71 69 66 68 70 73 72 74 74 73 70 75 70 72 69 73 73 75 72 73 74 75 73 74 73 71 69
68 67 67 59 69 66 56 67 61 70 72 71 69 63 62 60 59 61 66 72 75 76 70 69 73 75 73 74 74 74 73 74 76 74 75 75 72 72 70 70 70 70 70 70 73 72 73 71 72 72 74 70 65 64 61 61 64 69 71 70 70 69 69 67 66 70 70 73 73 67 69 66 71 71 72 74 75 75 74 75 75 73 69 68 72 71 73 74 74 75 76 75 75 76 72 71
63 60 59 66 66 70 56 56 67 71 69 64 64 59 57 58 62 62 62 65 65 73 67 74 74 73 74 73 73 70 72 74 73 73 73 74 74 72 70 70 69 70 70 70 72 72 72 71 70 71 69 69 66 65 63 61 63 65 65 68 67 69 68 69 70 67 69 72 77 67 70 72 70 70 71 73 71 75 75 72 75 73 73 71 71 72 74 74 77 78 80 78 75 75 75 73
61 65 64 67 64 70 60 55 55 66 65 59 58 58 57 58 59 60 60 61 63 67 62 70 73 71 75 73 69 75 75 78 77 77 75 74 75 71 69 69 71 70 69 68 69 71 71 70 70 69 68 67 66 63 63 62 62 63 65 66 67 67 68 66 67 66 67 73 72 68 70 76 70 69 70 70 68 70 71 74 73 73 74 73 69 73 74 76 81 82 78 75 75 73 75 73
66 65 68 67 65 69 70 66 65 55 55 55 55 58 58 58 59 58 59 60 60 63 61 67 67 69 65 71 75 71 74 76 79 79 79 76 76 73 70 70 68 69 68 70 70 70 67 67 69 67 69 68 67 65 64 62 61 64 65 66 67 66 71 69 66 66 67 70 69 69 67 71 73 70 71 71 69 66 71 72 73 75 77 74 71 72 77 78 79 81 76 75 73 75 75 74
73 68 70 67 68 70 67 64 62 57 56 57 56 56 58 58 58 59 59 59 59 61 62 67 71 72 74 73 69 73 76 74 78 80 82 79 77 73 70 70 67 71 68 67 68 69 67 68 69 67 65 66 67 65 62 60 62 64 65 65 65 67 67 70 67 66 71 72 69 69 66 71 70 68 71 73 71 71 69 72 74 73 79 79 74 73 78 81 82 82 80 79 76 76 78 76
66 66 69 69 70 68 64 63 62 59 59 57 57 56 57 56 57 59 58 60 60 61 63 67 67 69 69 69 71 71 71 77 80 83 86 81 79 73 70 68 68 67 69 65 67 68 69 68 65 66 64 66 68 65 60 59 62 62 62 63 63 64 66 67 64 67 69 71 71 70 65 66 67 65 69 72 74 73 71 70 73 75 79 79 77 78 80 82 79 78 77 79 79 75 75 77
66 66 73 67 66 64 63 64 64 62 59 56 58 58 56 58 58 58 59 59 60 61 62 67 69 68 66 72 71 68 71 76 83 86 84 79 77 74 73 72 70 68 67 66 70 72 70 69 67 64 64 62 61 63 61 58 61 62 64 60 63 63 67 65 66 66 69 70 68 69 65 68 66 69 68 70 73 71 70 69 71 75 77 79 80 81 83 80 77 75 74 75 76 76 78 75
66 68 76 71 67 62 62 62 63 62 59 57 59 59 57 58 58 58 60 61 61 61 60 63 67 68 65 68 69 71 74 78 77 78 78 80 79 74 72 71 71 73 70 67 70 70 69 69 68 68 68 67 63 60 60 57 60 62 63 59 59 61 64 63 65 64 65 66 67 68 64 71 67 71 72 75 72 71 69 72 68 74 76 79 80 81 80 79 80 78 75 70 72 74 75 79
66 67 64 63 61 60 59 59 60 60 58 59 61 61 58 58 58 59 59 60 61 61 61 61 60 63 64 68 69 65 69 75 71 79 77 79 77 74 72 71 75 73 71 68 68 67 69 68 67 65 66 64 64 62 60 58 59 61 61 59 61 59 63 61 65 63 61 62 65 65 63 67 71 71 73 73 70 73 74 74 69 71 76 80 81 81 81 77 76 75 75 73 76 78 72 73
65 64 63 62 61 59 60 60 58 58 58 60 63 61 61 57 58 59 59 60 60 61 61 61 60 64 66 70 68 73 74 68 74 76 76 74 73 77 75 73 74 73 71 68 65 69 68 72 70 68 65 64 65 63 62 59 58 59 61 59 59 61 62 63 60 63 64 64 63 63 65 64 71 71 73 73 69 75 71 69 71 75 74 77 79 78 80 77 77 76 71 71 74 74 73 69
63 63 61 62 60 59 64 63 58 59 60 61 64 61 64 63 59 64 64 63 61 60 61 61 61 60 67 67 71 74 74 75 73 70 69 72 79 81 77 73 76 70 69 65 62 67 68 71 71 66 66 65 59 62 59 59 59 59 61 61 61 60 62 63 62 62 62 65 67 67 68 70 71 71 75 74 75 74 72 72 69 70 74 71 72 74 74 75 78 78 76 72 72 75 71 70
60 59 59 61 60 59 62 63 58 63 63 61 65 64 64 60 63 65 64 62 61 61 60 61 61 64 67 66 71 73 75 75 76 73 71 69 81 82 77 74 72 71 69 62 67 74 72 68 68 67 64 63 60 63 60 60 60 62 62 64 64 62 63 63 63 63 64 69 69 67 71 71 72 72 75 72 74 75 69 70 67 70 71 70 73 72 73 75 78 79 73 69 71 69 69 68
58 57 58 59 60 60 64 60 62 64 65 64 65 65 61 64 64 63 63 65 62 60 61 61 60 66 68 70 75 75 75 78 74 68 75 77 80 80 77 76 75 72 70 62 70 73 70 67 65 66 64 63 60 60 61 62 62 62 63 64 63 62 62 64 65 64 65 66 66 69 67 68 71 71 72 73 74 74 74 71 70 71 74 74 72 74 77 74 76 76 72 73 67 69 69 69
56 58 59 59 60 61 64 61 61 64 65 65 66 63 64 64 65 65 65 66 64 60 60 61 60 65 68 72 76 77 75 79 73 74 78 76 74 78 80 76 77 72 68 62 71 70 68 64 66 63 65 63 63 64 63 62 65 64 64 64 64 64 64 59 59 62 63 64 66 67 71 71 72 74 74 76 77 75 70 70 71 74 72 73 75 74 76 77 76 74 73 71 71 66 67 65
58 60 61 60 61 63 63 64 65 66 69 72 69 67 69 66 67 66 65 65 61 63 64 61 63 68 72 76 79 80 75 75 70 74 81 66 75 77 75 77 72 69 66 69 68 69 64 58 58 65 65 66 65 66 64 60 63 64 65 66 66 68 63 60 63 61 63 65 66 66 70 71 69 74 77 77 77 77 74 70 73 71 73 74 72 73 77 76 76 74 70 70 69 65 64 67
58 60 63 61 61 63 62 68 68 68 71 71 70 71 67 69 67 69 66 65 61 65 62 61 63 70 76 77 75 65 71 71 74 81 79 64 73 74 72 76 76 74 61 71 67 66 60 63 63 58 61 69 69 64 63 61 60 64 68 67 66 65 62 62 61 65 65 63 65 66 66 68 70 75 76 77 79 78 75 68 74 74 72 71 75 75 75 74 73 73 69 68 67 72 66 68
57 60 60 60 62 63 65 68 69 70 70 70 67 69 68 62 71 68 66 64 61 63 67 62 66 73 76 78 66 75 75 68 65 65 69 67 76 72 69 74 75 65 68 70 64 60 63 63 62 66 66 68 70 69 64 64 60 65 63 64 63 64 65 63 61 62 65 65 63 65 64 66 67 68 73 80 76 75 73 69 69 74 74 71 72 74 74 72 71 70 69 69 68 69 70 68
65 64 62 62 62 63 64 69 69 69 68 67 65 68 60 59 68 67 63 62 69 71 68 62 64 73 74 76 68 72 80 79 70 68 63 63 73 67 67 69 68 62 68 62 68 61 63 57 64 64 68 68 71 68 65 65 62 60 63 63 64 66 63 64 62 61 64 66 65 63 66 70 72 69 76 79 76 75 75 78 78 77 76 73 75 74 74 73 72 70 69 68 68 71 70 66
66 65 62 62 63 63 64 67 68 69 67 69 67 60 63 67 60 61 67 74 75 79 67 63 65 65 63 65 71 75 78 75 71 71 74 73 62 60 61 65 61 61 63 67 64 60 65 61 62 61 65 65 68 71 65 62 62 60 62 63 64 66 65 64 61 63 62 65 66 64 65 68 67 69 70 74 79 77 79 77 78 75 76 78 75 76 74 70 70 68 68 70 69 70 69 68
64 62 62 62 63 65 65 66 64 69 67 65 61 64 67 68 68 68 70 73 76 77 78 63 63 68 73 68 68 71 76 78 73 77 73 68 65 61 68 62 56 63 60 67 69 66 66 63 60 66 66 66 70 70 66 62 63 61 64 64 66 67 65 64 64 66 67 62 65 67 63 65 68 65 68 71 74 78 78 77 76 78 75 71 74 75 73 70 68 68 70 71 70 71 71 71
67 64 62 62 63 64 63 62 63 65 63 64 64 64 62 63 70 72 68 73 74 77 74 68 63 64 70 69 75 77 73 73 79 75 75 71 68 67 61 67 63 65 64 66 69 70 68 67 64 65 65 68 71 72 67 64 61 63 66 65 66 68 66 65 67 66 67 66 65 67 64 64 65 70 69 68 72 76 76 80 78 79 72 71 71 74 75 72 71 71 70 70 69 68 70 72
