Climate/data/grids_germany_multi_annual_air_temp_mean_1981-2010_09.asc
NCOLS 654
NROWS 866
XLLCORNER 3280414.711633467
YLLCORNER 5237500.62890625
CELLSIZE 1000
NODATA_VALUE -999
[rows 328 to 368 of 866, columns 282 to 375 of 654]
139 140 140 141 141 141 141 141 141 140 140 140 141 141 141 140 140 141 141 141 140 138 139 138 135 138 140 139 137 139 139 140 140 140 141 141 141 140 140 139 138 136 138 140 141 142 141 141 141 140 141 140 140 139 139 139 139 140 139 141 141 141 139 139 140 140 141 140 140 141 142 142 142 141 140 140 140 139 139 140 141 141 141 141 140 140 139 138 136 135 136 136 136 137
139 139 139 139 139 140 141 141 141 141 141 141 141 140 140 140 141 140 139 140 140 140 136 138 138 140 140 140 136 135 136 139 140 140 140 140 140 141 140 139 138 136 139 141 142 142 141 141 140 140 139 139 139 140 140 139 138 139 140 140 141 141 139 139 140 138 140 140 140 142 142 141 142 142 142 142 141 140 141 140 140 142 141 141 141 140 139 138 138 137 136 136 135 137
139 134 134 136 136 137 139 138 141 139 136 137 136 137 138 135 141 140 139 138 140 140 140 140 141 141 141 140 139 136 134 135 138 140 140 140 140 140 140 139 139 136 137 141 142 141 140 139 141 141 141 141 140 140 140 140 140 140 139 140 140 140 141 140 136 138 139 140 140 140 140 142 142 142 141 141 141 141 141 141 141 141 141 140 141 140 139 139 139 138 136 137 136 136
136 136 136 132 130 134 139 137 141 139 132 134 137 139 139 140 141 139 140 138 135 139 141 141 140 141 140 140 139 137 135 137 136 139 140 139 140 140 139 139 139 137 138 140 141 140 141 141 141 140 140 140 140 139 140 140 140 141 141 139 140 141 140 141 140 140 139 141 141 141 140 141 141 141 141 141 141 141 141 141 141 140 140 140 140 140 140 140 140 139 139 138 136 138
135 133 135 132 129 132 137 140 138 139 139 134 137 137 136 141 140 139 139 139 135 137 140 141 140 140 139 139 139 137 134 138 138 139 139 140 140 140 139 139 139 138 138 140 141 141 141 141 141 140 140 141 140 140 139 140 140 141 141 139 140 141 141 141 141 141 141 140 141 141 141 141 141 141 141 141 142 141 141 141 141 141 141 141 140 140 141 141 140 139 139 139 140 140
136 134 134 129 131 138 140 137 132 134 135 138 138 133 139 141 137 139 139 138 135 136 139 141 141 140 139 139 139 137 137 139 140 140 140 140 140 140 139 139 140 140 141 141 141 141 141 141 140 140 141 141 141 141 141 140 140 141 141 141 141 141 141 141 141 141 141 141 141 141 141 141 141 141 142 142 142 142 142 141 142 141 141 141 142 142 141 141 140 140 141 140 141 141
136 137 135 134 137 135 140 135 137 136 136 137 135 137 140 140 138 136 138 138 137 133 137 140 141 141 140 139 139 139 139 140 140 139 141 141 141 142 139 138 141 141 141 140 141 141 141 141 141 141 141 141 141 141 140 140 141 141 141 141 141 141 141 141 141 141 141 141 140 141 141 141 141 141 141 142 142 142 142 142 142 142 142 142 143 142 142 142 141 141 141 141 141 141
136 137 136 135 134 138 140 139 139 137 132 136 138 139 140 139 139 136 137 138 136 133 136 139 140 142 141 141 141 141 140 140 139 139 140 141 141 140 142 142 141 139 140 141 141 141 141 141 141 141 141 141 141 137 138 137 138 139 140 141 139 141 141 140 140 140 141 141 139 140 140 141 140 140 141 141 142 141 142 142 141 141 142 142 142 142 142 142 142 142 142 142 142 142
135 137 137 138 137 140 139 138 136 139 138 139 139 140 140 140 139 138 136 137 135 132 134 137 140 141 141 141 141 141 140 136 136 135 139 140 141 140 141 141 139 139 140 141 141 141 139 141 140 141 141 139 139 133 132 134 135 137 139 141 140 140 141 141 141 140 140 140 139 139 140 139 139 139 139 141 141 141 141 141 141 141 140 141 141 142 142 142 142 142 142 142 142 142
134 135 137 137 138 139 139 138 138 137 138 139 140 139 140 140 140 139 136 135 136 135 134 136 139 140 141 141 141 141 140 139 136 131 137 140 140 140 141 139 138 139 140 141 141 141 139 140 139 138 140 139 135 136 134 131 133 135 138 139 141 140 140 140 140 139 139 140 139 139 139 139 140 140 140 140 141 141 141 141 141 141 140 140 140 141 142 142 142 142 142 142 143 142
132 135 136 137 139 137 137 136 138 138 138 138 139 139 140 139 140 139 137 136 137 136 135 136 139 139 138 136 138 139 139 139 138 137 137 136 139 139 140 139 139 140 140 142 142 142 139 139 142 140 139 140 138 137 135 133 132 133 137 139 140 139 139 139 138 138 139 139 139 139 140 139 140 141 140 140 141 140 141 141 140 140 140 140 141 141 142 142 143 142 142 143 143 143
131 134 135 136 137 135 138 135 136 137 136 137 138 139 140 139 139 139 137 136 137 139 135 139 140 136 135 133 133 137 138 139 139 138 137 135 139 139 140 139 139 140 141 140 141 141 141 140 140 142 142 140 139 138 138 136 133 133 137 140 140 139 139 136 136 136 138 139 138 139 139 139 140 140 140 140 141 140 140 140 140 140 140 139 140 141 141 142 142 143 143 143 143 143
130 133 135 137 134 135 135 135 136 132 134 134 136 138 140 139 139 139 138 136 136 138 137 139 139 137 136 132 135 137 138 139 138 137 136 134 136 139 138 138 139 140 140 140 140 140 140 140 141 142 141 141 140 141 140 138 137 137 138 140 140 139 138 135 133 134 136 138 138 138 139 139 139 139 139 139 140 138 138 138 138 138 138 139 140 141 141 141 141 142 143 143 142 142
129 132 134 136 135 134 132 136 137 132 131 132 136 138 139 139 138 138 137 134 135 137 138 139 138 137 137 134 136 137 137 137 137 137 135 133 132 136 139 139 140 139 139 140 140 140 141 141 141 140 141 141 141 141 141 140 139 139 139 141 139 139 139 138 135 134 135 137 137 137 138 138 139 139 138 139 138 135 135 136 137 137 139 140 141 141 141 141 142 142 142 142 142 142
130 129 133 134 135 132 130 136 136 136 135 133 133 137 139 140 139 138 138 134 134 135 137 138 138 137 135 135 136 135 136 137 136 137 135 135 132 132 135 139 139 137 135 138 139 139 140 140 139 139 139 139 140 140 141 141 140 139 139 140 138 138 138 138 136 135 132 134 136 137 135 134 135 134 135 134 134 135 136 136 137 139 139 140 141 141 141 141 142 142 142 142 142 142
129 127 130 133 134 134 132 135 134 135 133 135 136 138 139 140 136 135 136 136 136 132 137 137 137 136 134 133 134 136 136 136 136 136 135 133 132 132 132 135 138 139 138 136 136 136 139 139 139 138 138 138 138 138 140 139 140 140 140 139 138 139 139 137 136 135 133 132 132 134 136 133 132 134 134 132 134 135 135 135 136 136 138 140 140 141 141 141 142 142 142 142 142 142
133 126 128 131 133 134 134 133 135 130 135 133 135 136 136 139 138 135 132 131 131 135 136 136 136 135 136 133 134 136 136 136 135 135 134 134 133 135 136 136 138 138 139 139 140 139 139 138 138 138 138 137 137 137 139 140 140 140 140 140 138 138 139 139 138 136 134 133 132 133 130 134 134 132 129 134 134 138 138 138 137 138 139 140 141 141 141 141 142 142 142 142 141 142
135 132 132 129 133 133 134 132 133 134 133 135 136 138 138 139 136 135 133 134 133 135 135 135 134 134 134 133 134 135 135 136 135 135 135 135 134 136 136 135 136 138 139 139 139 137 138 138 138 137 137 137 137 136 137 139 139 140 140 139 138 137 139 138 137 137 136 135 135 136 134 134 134 135 136 137 137 139 139 139 139 139 140 141 141 141 141 141 142 142 142 142 140 140
132 137 133 134 133 133 134 135 132 133 133 134 137 138 139 139 138 134 132 130 130 133 131 130 126 125 127 133 134 135 134 134 135 134 134 134 134 134 134 135 135 138 139 137 139 138 137 138 137 137 137 136 136 136 137 138 139 139 139 137 138 137 137 138 138 138 136 135 136 137 137 137 137 138 138 138 139 139 140 140 140 140 141 142 141 142 142 142 142 141 141 141 140 140
135 137 137 135 134 132 135 135 135 131 134 135 135 137 139 139 138 135 133 134 135 131 129 125 127 117 121 126 134 134 134 134 135 133 133 132 132 133 134 134 136 138 137 137 138 137 138 139 137 137 136 136 135 134 135 137 137 138 138 138 138 137 137 137 138 139 137 137 137 137 139 139 139 139 140 140 139 139 139 140 140 142 141 141 142 142 142 142 142 141 140 140 140 139
137 133 133 136 133 134 136 135 137 134 133 133 137 137 138 139 137 138 136 136 134 130 124 126 122 124 129 132 129 133 132 133 133 133 133 132 132 131 131 132 135 137 136 137 137 137 138 138 137 136 136 135 135 134 134 136 137 137 137 136 137 136 136 136 136 139 139 138 136 138 139 138 138 139 139 140 139 139 140 140 140 141 141 142 142 142 142 141 141 141 140 138 139 140
140 137 134 132 135 136 135 136 137 136 135 131 131 136 137 138 138 138 136 136 135 130 120 117 128 131 130 129 132 129 126 127 129 122 128 130 131 132 134 135 136 136 136 137 137 138 137 136 136 135 135 135 134 133 133 136 136 137 136 136 136 136 136 136 137 137 138 138 136 138 138 139 139 140 140 140 140 139 140 140 141 141 141 141 141 142 142 141 142 141 141 140 138 138
139 137 130 132 135 136 138 139 138 138 136 134 130 130 136 137 137 134 135 136 134 129 123 119 125 130 126 130 131 127 128 128 129 122 127 130 130 129 131 135 136 131 133 137 136 138 136 136 133 133 133 134 133 132 135 135 136 137 136 137 137 135 135 136 136 136 137 137 137 138 138 139 139 140 140 140 140 141 140 140 141 141 141 141 141 142 142 142 142 141 141 140 138 138
135 141 135 135 132 135 137 138 139 138 137 135 133 132 133 138 136 135 134 134 131 125 122 121 129 129 125 127 126 126 127 126 128 123 128 126 119 123 122 133 124 131 134 134 136 136 135 133 130 129 132 133 133 134 135 135 135 136 136 136 136 135 135 136 135 136 136 136 137 138 139 139 139 140 139 139 140 140 140 141 141 141 141 141 141 142 142 142 142 142 141 140 139 137
127 140 139 137 135 134 135 138 138 137 136 135 133 132 135 138 135 135 134 134 133 130 121 116 121 127 128 122 117 123 122 121 121 123 113 125 118 120 125 129 120 121 129 133 135 134 132 129 117 118 131 131 130 133 134 134 135 136 135 136 135 135 135 135 135 136 136 136 138 139 139 139 139 139 139 140 140 140 139 140 141 141 141 141 141 141 141 141 141 141 142 142 140 138
132 140 141 135 135 138 136 135 138 133 134 134 132 130 132 138 136 135 134 133 127 126 127 123 119 128 124 119 119 115 118 120 121 124 115 121 114 113 122 122 115 117 120 126 127 125 128 117 121 129 125 126 130 131 133 132 134 135 135 135 135 136 135 135 135 136 137 137 138 139 137 138 139 139 139 139 140 140 139 139 139 140 140 140 141 141 141 141 141 141 141 141 142 140
135 141 141 136 139 138 138 138 139 138 135 133 134 133 130 136 136 136 135 133 128 122 117 117 115 122 125 116 114 113 119 112 111 114 113 116 113 111 118 120 115 114 117 117 124 124 122 116 127 121 115 118 130 129 129 132 133 134 134 134 135 135 136 137 136 136 136 137 138 138 137 136 138 138 139 139 140 139 139 140 140 140 139 139 140 140 140 141 141 140 140 141 142 141
135 136 141 138 136 139 140 135 136 137 138 138 137 134 132 135 133 134 134 133 130 124 122 116 116 127 115 118 115 114 113 109 118 107 111 115 115 117 124 114 115 112 114 116 125 116 117 120 123 114 115 119 124 119 122 128 130 133 135 136 136 135 134 136 135 135 136 136 137 138 137 136 137 137 139 138 139 136 139 139 140 140 140 139 138 140 141 141 141 141 141 142 141 141
131 135 140 141 139 138 138 136 132 134 137 137 136 135 135 134 133 134 134 133 129 126 117 113 122 123 116 118 117 116 113 110 104 110 111 110 117 117 115 112 111 111 112 118 120 114 115 116 114 115 113 119 126 113 121 127 130 132 134 136 135 135 134 133 134 134 135 135 136 138 137 136 137 138 137 136 138 139 139 140 140 140 140 140 139 139 140 141 141 141 142 142 141 141
130 131 133 136 141 138 135 138 132 131 132 135 135 136 135 132 133 132 134 132 129 124 124 115 123 113 121 115 114 113 115 109 109 114 116 116 119 121 119 115 114 111 113 112 115 110 112 110 109 114 120 122 113 117 115 119 119 128 129 131 134 133 132 129 131 132 134 134 136 138 137 137 138 137 137 136 136 135 139 137 139 138 140 141 141 141 140 140 141 142 142 142 140 141
129 133 140 141 136 140 140 135 130 129 131 129 132 132 133 132 130 131 130 131 129 127 119 119 115 121 123 119 118 115 115 115 115 118 117 116 121 118 120 120 117 109 110 111 113 108 110 110 109 109 113 112 111 112 114 120 124 127 132 129 128 129 134 122 133 128 131 131 130 133 137 137 137 136 138 138 137 138 139 140 140 140 141 140 142 142 142 142 142 142 142 140 140 140
135 137 141 138 135 139 140 139 134 130 131 133 133 131 132 129 127 128 125 132 131 126 124 114 120 122 114 113 114 112 113 112 115 114 117 117 117 119 119 114 111 113 107 108 109 106 106 106 102 106 111 108 106 109 111 121 124 129 129 125 122 121 125 124 122 126 125 126 131 134 135 136 136 138 138 137 136 139 139 139 140 141 141 141 142 141 141 141 142 141 140 140 140 140
136 139 140 139 134 135 139 139 138 137 130 128 131 133 133 131 128 126 132 132 129 126 120 125 114 118 113 115 118 116 114 114 114 114 115 115 117 113 112 112 112 113 105 102 106 103 106 100 91 101 104 106 103 110 112 113 117 118 117 121 120 124 122 124 121 121 122 125 126 133 135 135 136 135 137 137 138 139 139 138 139 139 141 141 140 140 141 142 142 140 140 140 140 139
140 139 136 137 135 135 133 137 138 134 131 131 133 134 134 133 128 125 132 131 126 125 127 125 122 114 117 118 115 115 114 114 111 113 114 117 116 117 113 111 108 108 108 99 99 100 99 95 85 87 98 96 102 105 109 110 113 122 116 117 119 119 120 119 119 121 120 124 130 129 131 134 136 137 138 138 138 139 138 137 137 138 140 141 141 141 141 141 141 141 140 140 140 140
140 138 133 133 136 136 133 134 132 139 137 136 135 136 136 135 133 131 129 132 131 129 125 126 119 118 115 118 113 112 113 112 111 111 114 114 114 114 110 109 102 96 100 100 98 97 95 92 86 84 93 94 105 94 99 107 110 116 115 117 116 117 117 118 119 119 122 125 122 128 127 129 135 136 138 139 139 138 138 138 140 139 140 138 141 141 141 141 141 141 141 140 140 140
140 139 137 132 136 133 132 134 135 138 138 138 137 136 134 136 132 129 130 132 132 130 129 124 117 113 115 115 114 113 115 114 111 110 111 115 114 109 110 101 96 94 100 102 98 96 94 91 89 91 88 92 94 99 95 103 111 116 116 115 116 117 117 119 119 119 119 120 121 124 125 129 132 133 135 139 139 137 138 139 139 140 141 141 141 141 141 141 138 137 139 139 140 139
139 139 139 137 133 135 136 136 138 137 135 137 134 134 136 135 131 131 131 134 132 132 130 127 120 114 113 115 114 115 115 113 115 112 118 115 111 108 101 97 94 96 100 104 99 97 98 97 98 92 99 99 94 101 105 106 113 115 115 115 117 119 119 119 119 118 118 119 120 122 128 128 132 134 134 136 137 137 138 138 139 141 141 141 141 140 140 141 141 140 139 139 139 138
138 139 139 135 136 131 137 136 136 137 135 132 131 130 134 136 132 130 134 135 134 133 129 124 120 117 118 115 115 113 112 113 117 116 117 117 114 101 98 101 101 100 101 103 100 95 98 98 100 101 102 103 102 107 108 110 114 116 116 117 117 118 118 119 119 120 123 119 120 121 124 128 131 134 135 136 136 139 139 139 141 141 141 140 140 140 140 140 140 139 139 139 139 138
138 139 139 139 138 136 137 136 135 134 134 129 127 130 136 133 132 129 135 136 129 132 129 127 124 123 122 119 120 120 116 120 120 122 119 111 106 104 99 109 104 101 100 104 104 97 98 100 95 90 99 102 106 109 111 114 116 115 118 118 117 116 118 119 121 121 121 124 123 122 123 125 130 129 131 133 135 138 136 138 140 140 139 139 140 139 139 139 139 140 139 139 138 138
138 139 139 139 138 136 133 135 135 135 134 130 132 133 134 134 128 128 136 135 131 133 131 130 127 123 125 118 118 121 121 123 123 119 111 112 102 97 103 107 106 101 100 101 108 103 102 102 105 101 101 103 105 112 115 116 117 116 117 118 118 117 120 119 120 117 120 121 127 123 125 124 123 127 128 124 130 129 126 132 135 138 136 138 138 138 138 138 139 138 137 136 136 137
138 139 139 139 139 138 133 135 137 136 136 135 132 134 132 130 130 131 136 135 131 133 132 131 129 127 125 125 127 125 124 125 122 118 106 102 99 103 112 111 112 106 103 96 105 102 104 105 109 107 108 108 110 114 115 114 116 116 117 117 118 120 120 117 119 120 123 124 119 123 130 125 123 124 123 129 133 122 123 126 133 133 133 136 138 136 136 135 136 134 134 135 136 137
