Climate/data/grids_germany_multi_annual_air_temp_mean_1981-2010_11.asc
NCOLS 654
NROWS 866
XLLCORNER 3280414.711633467
YLLCORNER 5237500.62890625
CELLSIZE 1000
NODATA_VALUE -999
[rows 371 to 423 of 866, columns 288 to 383 of 654]
50 50 50 48 49 47 45 46 46 46 43 46 47 44 46 47 44 44 43 44 41 37 33 27 23 24 25 25 28 32 30 26 35 27 29 28 25 22 21 30 25 25 25 25 26 27 28 28 28 27 28 31 28 31 33 33 31 33 33 30 30 31 32 34 33 32 33 40 37 34 34 30 28 32 34 36 38 37 39 41 41 40 41 40 41 41 41 43 45 48 45 43 44 44 43 44
51 51 51 51 50 49 48 48 49 46 46 50 47 44 47 46 44 45 45 41 43 39 35 29 32 27 26 32 27 32 37 36 27 27 31 31 29 22 23 32 29 25 27 27 27 27 30 30 28 29 31 29 28 29 30 32 31 32 34 32 32 31 31 31 33 34 34 39 35 37 34 32 29 27 31 33 35 36 38 38 38 39 39 38 39 40 40 40 41 42 42 42 42 43 44 44
51 48 47 48 50 50 50 50 50 50 48 49 49 49 48 45 41 46 45 42 42 42 38 37 35 36 29 29 27 38 31 29 37 30 29 33 25 30 22 29 26 26 26 27 27 28 30 29 28 28 27 28 29 29 32 30 31 31 32 33 33 31 31 32 33 37 37 33 35 33 34 32 31 32 31 30 32 35 37 38 38 40 40 39 42 40 46 46 43 40 40 42 44 45 45 46
49 44 46 49 49 48 50 50 50 50 50 47 47 45 47 47 43 46 46 43 43 44 41 39 40 37 28 33 40 28 33 24 23 23 25 26 25 32 23 24 34 25 26 26 26 25 27 27 26 27 27 27 28 29 32 30 29 30 31 31 31 32 32 31 32 33 33 35 35 33 33 32 34 35 31 31 33 36 40 39 40 39 44 45 40 46 44 40 41 38 40 41 42 43 45 44
48 42 45 48 45 45 47 50 50 49 47 44 45 44 47 47 46 43 41 45 44 45 44 43 38 39 41 41 37 37 29 28 26 30 30 34 25 27 25 35 25 25 26 23 24 25 26 26 25 27 28 27 28 30 29 32 29 29 31 29 29 31 31 30 32 32 34 34 33 33 33 33 35 36 33 35 34 36 38 41 40 42 37 37 38 41 38 38 38 40 41 44 42 45 46 44
47 42 45 47 47 49 49 50 50 49 48 48 47 46 48 45 44 45 43 45 46 46 46 45 42 40 37 33 31 34 23 32 34 32 31 30 34 30 33 24 28 26 29 27 30 27 24 24 25 27 28 27 30 30 28 31 27 27 28 28 28 30 32 31 28 32 32 34 33 34 35 34 35 36 37 34 35 36 41 36 36 40 39 37 37 37 38 41 42 43 42 41 42 45 46 45
45 43 44 46 47 47 47 49 50 50 50 49 49 49 47 45 46 46 46 47 46 46 46 45 44 44 39 37 37 28 33 28 35 35 32 37 28 35 21 21 25 27 27 32 33 32 27 26 26 27 26 29 27 27 27 28 27 31 31 28 27 28 30 31 30 31 31 32 34 34 35 35 35 36 37 36 36 37 36 35 36 36 39 38 37 39 40 41 41 41 43 44 46 44 44 42
45 43 44 42 45 46 47 48 50 50 49 49 49 49 49 48 48 47 47 46 44 45 43 44 44 44 43 41 34 35 29 28 36 35 35 31 35 34 22 26 26 25 24 27 33 31 29 28 26 25 26 27 26 27 27 28 32 32 29 28 27 28 29 29 30 32 32 33 34 36 35 34 34 35 37 38 36 39 36 35 36 37 35 37 38 40 40 42 43 42 41 42 42 42 45 42
45 45 44 42 44 47 47 47 48 49 50 49 49 47 48 48 48 48 47 46 45 44 47 45 45 44 43 40 41 36 36 33 39 28 36 31 29 24 23 26 31 35 24 29 33 29 27 32 22 26 26 25 25 25 26 27 28 35 28 29 29 29 29 27 30 31 33 32 32 33 36 37 38 36 37 37 38 36 35 34 34 36 36 36 37 38 39 39 39 40 41 42 41 42 44 41
48 46 44 43 42 45 48 49 49 47 48 49 50 49 48 46 47 48 48 47 47 46 45 45 45 45 42 42 37 38 39 37 39 40 37 26 29 30 22 30 32 30 27 29 36 27 30 26 29 33 30 24 27 31 31 30 31 31 35 29 27 27 28 27 28 31 31 31 34 31 34 36 35 38 37 35 34 36 36 35 34 34 35 36 37 37 37 39 40 41 39 39 39 41 43 42
45 47 48 45 44 42 48 46 49 47 46 48 47 49 50 46 44 45 46 47 47 47 46 46 46 45 44 41 43 43 43 41 41 38 35 32 31 23 25 33 35 34 31 31 37 33 32 32 35 36 27 25 29 26 34 30 37 33 28 29 28 29 29 26 29 30 32 32 32 31 37 33 35 35 35 34 35 34 34 34 35 36 36 35 36 38 40 41 40 40 41 42 42 42 39 41
46 47 46 46 45 44 45 47 48 48 49 47 48 48 49 49 48 48 48 44 45 47 46 46 45 45 43 43 40 40 40 38 36 37 34 29 28 25 31 31 32 35 35 36 38 33 34 30 38 38 32 34 27 31 37 32 33 28 28 29 27 28 28 28 32 31 30 31 31 32 33 33 33 33 33 34 33 34 35 35 36 37 37 37 37 38 38 38 39 39 38 39 40 43 44 46
47 46 46 46 46 46 45 47 48 49 48 46 48 49 48 49 48 49 47 46 45 43 43 45 44 43 44 42 40 39 41 38 40 40 35 31 34 33 33 32 36 36 37 37 38 38 38 38 39 40 38 37 34 33 32 39 34 36 34 30 29 29 29 27 31 31 31 33 33 31 33 33 33 32 33 35 36 34 34 35 35 36 36 38 38 37 37 37 37 39 40 42 43 44 39 39
44 46 46 44 44 45 46 48 47 48 47 45 47 49 49 49 48 48 47 47 46 45 47 46 42 42 44 43 41 41 38 39 39 39 38 33 36 32 34 37 36 37 37 39 38 39 39 40 41 40 38 36 38 35 33 40 32 30 27 30 29 32 28 31 31 37 34 34 34 32 32 33 31 33 34 35 35 38 39 35 35 38 35 36 38 41 38 40 38 39 44 41 38 38 39 39
38 39 44 39 44 44 44 45 46 48 48 47 48 49 49 48 49 45 49 49 47 47 47 45 44 41 42 40 39 38 40 39 36 37 35 36 36 36 34 36 36 36 38 38 38 39 40 41 42 41 40 41 40 39 42 42 39 32 30 34 32 31 32 30 33 35 31 36 33 32 27 32 32 33 35 34 34 35 35 37 39 38 36 36 37 37 39 40 40 41 41 38 36 38 38 40
41 40 39 38 42 43 44 46 48 48 48 49 47 48 48 49 48 46 46 49 49 49 47 45 43 43 44 43 42 41 42 39 39 37 36 39 38 36 36 37 38 36 38 38 40 37 37 41 38 40 40 42 41 41 43 43 41 40 39 38 33 29 30 31 34 32 35 39 33 32 32 34 32 33 33 34 35 36 39 40 36 36 40 39 41 37 41 38 39 37 39 37 35 36 37 37
42 43 41 38 43 45 46 47 48 48 49 49 48 49 49 47 49 46 45 47 47 49 46 45 46 45 44 44 44 41 42 42 40 40 38 36 39 39 36 36 37 38 38 38 38 40 38 38 40 41 43 40 38 44 43 41 42 41 40 40 37 31 35 33 35 34 37 42 34 34 34 32 35 33 35 35 35 38 35 36 39 35 36 36 39 39 40 37 40 35 37 37 35 37 39 39
45 42 42 41 41 44 44 47 46 48 49 49 49 49 49 48 49 48 46 44 44 46 48 48 47 47 45 45 46 46 43 42 40 39 39 38 38 40 40 38 36 38 39 40 40 41 40 39 42 43 41 43 43 43 43 44 44 43 41 40 40 39 37 34 34 33 40 38 38 39 33 33 37 36 34 36 36 34 36 36 36 37 34 37 36 38 37 36 35 34 35 37 36 37 38 38
47 42 40 39 45 44 44 46 47 47 46 46 48 48 47 49 49 48 46 44 43 44 46 44 44 44 44 46 42 44 40 40 39 39 38 40 39 40 41 41 41 39 41 40 39 41 41 41 40 41 38 42 39 45 44 42 40 40 40 38 40 39 39 38 42 38 39 34 39 35 34 35 33 32 33 34 35 34 35 35 35 34 34 34 36 37 36 33 34 37 36 39 39 36 37 36
44 43 41 40 43 45 47 48 47 46 45 47 48 48 48 49 49 49 48 45 44 44 44 43 42 45 45 45 44 42 41 41 38 40 40 40 41 41 41 40 42 42 42 40 41 42 41 38 39 38 39 39 42 40 45 42 42 40 39 40 38 40 42 42 43 43 40 44 40 34 35 37 34 34 33 35 34 34 34 34 33 34 35 35 35 33 33 34 35 37 41 40 38 40 41 38
47 45 42 39 38 44 46 48 48 47 46 48 49 46 48 48 48 49 47 46 44 45 43 44 43 46 41 45 44 45 44 42 39 41 40 42 42 42 41 42 41 40 42 42 42 41 41 40 41 42 41 40 41 43 45 42 41 39 40 41 40 41 39 40 42 43 45 41 43 39 37 39 34 33 33 35 34 34 34 33 33 33 35 36 36 36 36 37 38 38 39 39 44 42 39 39
43 39 41 39 38 45 43 45 46 45 44 46 45 46 47 48 48 48 45 46 45 43 41 42 45 41 44 42 41 38 43 41 40 41 41 42 42 43 42 42 42 42 42 42 43 42 42 41 44 42 42 43 44 44 45 45 44 42 43 40 41 43 40 38 40 45 45 44 41 44 36 34 35 35 34 35 35 38 33 35 33 34 34 35 38 40 41 39 39 39 40 41 43 42 40 41
40 42 40 38 43 44 44 45 47 45 43 47 45 46 48 48 48 48 48 48 45 44 42 40 42 43 40 40 38 41 42 39 39 40 41 40 42 42 42 42 41 41 42 42 41 42 41 44 44 44 43 44 43 44 45 45 43 45 45 43 41 42 40 41 39 40 46 46 44 45 41 36 39 41 39 40 39 44 39 37 37 40 39 41 43 41 38 39 41 41 44 43 44 41 44 44
44 41 42 45 46 43 44 45 47 45 44 45 43 46 46 46 46 48 48 48 47 47 47 44 43 39 39 38 34 36 39 39 40 39 38 40 41 42 43 43 42 42 42 41 42 42 44 44 44 44 44 44 44 46 46 44 44 45 44 45 45 44 45 43 40 40 46 46 46 45 46 46 42 44 44 43 42 40 42 41 41 42 42 42 44 41 42 41 42 40 41 45 43 44 45 45
44 47 48 46 44 43 45 45 46 46 46 43 47 48 48 45 46 47 47 47 46 46 46 45 41 39 39 36 35 40 39 39 40 39 37 40 37 40 40 41 41 42 41 41 42 43 43 43 43 43 43 45 45 46 46 46 46 46 45 45 46 45 46 45 44 43 41 43 47 46 41 41 39 39 38 39 39 41 43 43 41 42 45 45 42 40 39 41 44 45 47 47 47 46 46 46
49 48 48 47 48 47 45 46 46 45 44 44 44 47 46 46 46 47 46 47 43 45 43 45 45 39 41 36 38 38 38 38 39 41 39 40 40 40 40 38 40 40 40 40 42 42 42 42 43 44 44 45 46 46 46 46 46 46 46 46 46 46 45 46 45 45 44 44 47 45 42 40 44 44 43 45 42 43 45 46 45 45 43 40 41 43 45 43 45 46 47 47 45 44 44 45
49 48 46 47 47 48 44 46 46 46 45 43 46 46 46 46 46 46 45 45 46 44 41 43 40 41 37 35 30 35 30 38 39 40 41 41 40 38 39 39 38 41 42 40 40 41 40 41 42 42 43 44 45 45 45 46 46 46 46 46 46 46 47 47 47 47 45 44 46 47 44 44 47 47 46 46 47 47 47 46 44 43 44 44 45 46 47 47 48 48 47 45 45 45 45 45
46 45 45 44 44 46 45 44 46 44 44 43 45 45 45 45 45 45 45 46 47 45 43 43 34 35 34 35 32 29 35 39 40 40 41 41 42 42 42 40 41 41 42 43 42 41 40 40 41 41 42 40 43 45 46 46 46 45 46 46 46 48 48 47 47 47 47 45 44 47 48 46 46 47 48 47 47 48 48 48 48 48 48 48 48 48 48 48 47 47 48 46 44 43 46 45
49 46 45 41 44 45 44 45 46 46 42 43 45 43 41 43 44 45 46 46 46 44 45 39 34 32 33 33 32 31 35 39 40 41 40 41 41 39 41 43 41 41 42 43 44 44 43 42 43 43 41 41 43 45 44 45 45 46 46 46 47 47 47 47 47 47 47 47 47 47 46 47 47 47 47 47 46 46 46 45 46 47 46 48 48 48 47 47 47 47 47 47 46 45 45 46
47 44 44 44 40 43 45 44 44 45 45 43 44 45 44 40 43 45 46 43 45 43 45 42 41 32 32 32 32 32 31 36 40 39 36 39 41 40 39 41 43 43 43 44 44 44 44 44 44 44 44 42 42 43 42 44 41 43 44 46 46 47 47 47 47 47 47 47 47 47 47 47 47 47 47 47 47 47 46 45 44 44 44 44 46 47 47 47 47 47 47 47 47 47 46 45
44 43 42 44 44 43 44 43 42 43 43 43 39 43 42 41 43 44 43 42 44 40 42 43 42 35 34 37 31 33 33 37 39 39 40 41 40 33 32 33 41 42 41 43 41 41 43 43 43 44 44 44 44 43 42 41 40 41 43 44 43 45 46 47 47 47 47 47 47 47 47 47 47 47 46 46 46 47 47 46 44 44 44 45 46 47 47 47 47 47 47 47 47 47 47 46
41 42 41 45 44 42 42 41 41 42 41 40 40 38 37 37 38 41 42 41 45 42 40 40 42 35 38 37 34 34 35 38 36 34 39 35 33 34 33 37 37 40 42 43 43 42 39 42 43 43 43 44 44 44 43 42 40 40 41 41 44 42 44 45 46 47 47 47 47 47 47 47 47 40 43 41 36 43 45 46 47 47 47 47 47 47 47 47 47 47 47 47 48 48 48 47
43 41 42 43 43 42 40 40 40 40 39 39 40 39 39 38 37 37 40 39 42 42 39 37 40 41 38 36 34 35 40 41 41 40 39 39 37 40 38 38 37 42 44 44 42 40 39 41 41 42 43 43 43 45 44 42 39 40 40 39 40 41 42 41 41 45 43 43 45 43 43 43 41 39 34 33 32 36 32 43 45 45 46 45 45 46 47 47 47 46 46 48 48 48 48 48
42 40 42 42 42 41 41 38 41 42 40 39 40 38 40 39 40 39 39 37 37 37 37 37 39 37 40 40 37 37 41 42 42 42 38 39 41 42 43 42 44 44 42 40 37 35 35 36 33 39 33 40 43 43 44 45 43 41 41 40 43 40 40 39 43 42 40 41 43 43 41 43 41 40 38 38 34 33 35 39 39 42 44 45 45 46 47 47 47 46 46 47 48 48 48 48
43 41 40 43 43 41 40 39 41 42 42 39 38 39 40 41 41 39 39 37 39 36 38 39 39 39 40 41 42 42 41 42 41 43 42 43 43 41 41 41 40 40 36 34 34 33 33 34 34 34 33 38 41 37 43 44 45 45 41 42 40 40 41 40 40 40 39 41 43 43 44 43 44 43 42 37 36 36 36 35 35 37 41 44 46 47 47 47 47 47 47 46 47 48 48 48
41 43 43 43 43 42 43 44 43 39 39 40 40 40 40 41 39 40 42 40 38 36 37 40 39 39 39 41 42 42 42 41 41 43 43 38 37 40 40 33 33 33 34 35 34 34 34 34 34 33 34 35 34 34 38 41 43 45 45 44 43 42 40 40 38 41 40 41 40 41 40 43 45 47 43 41 37 37 40 42 44 40 43 43 46 47 47 47 47 47 46 46 48 48 48 48
42 46 44 43 44 43 42 43 41 41 40 40 42 43 43 42 42 42 41 39 39 39 39 40 39 39 38 40 41 43 42 42 43 42 39 37 38 39 36 32 33 33 35 34 37 38 34 33 35 34 34 32 32 32 35 37 37 39 42 42 45 43 42 41 44 39 37 41 41 42 43 45 46 47 44 41 41 39 40 40 43 45 46 46 46 45 47 47 48 48 47 46 47 48 48 48
45 38 43 44 44 43 42 42 43 41 42 43 43 40 41 41 39 41 41 41 41 40 39 39 40 40 40 40 41 42 42 43 43 42 41 40 38 39 35 33 33 33 35 36 39 38 36 35 35 34 33 33 33 33 32 33 38 36 37 36 44 45 44 44 43 41 40 37 43 45 46 45 46 47 48 46 43 45 42 42 44 44 44 45 45 47 48 48 48 48 48 45 47 48 48 48
45 44 46 46 44 45 43 46 43 44 44 43 35 36 36 39 36 37 39 40 39 40 39 40 40 41 41 40 40 42 43 42 41 41 39 38 39 35 31 32 32 33 35 38 36 38 36 35 35 34 35 35 35 34 34 33 33 35 36 42 43 43 46 46 44 43 39 39 40 43 46 46 46 47 47 48 48 48 47 47 47 47 45 46 47 48 48 48 48 48 48 48 48 48 48 48
45 43 44 43 43 46 45 45 43 42 34 41 42 37 36 36 34 34 33 32 39 39 39 40 40 41 41 42 40 41 43 41 41 41 40 39 37 32 31 32 33 34 34 38 36 39 37 35 37 35 35 36 36 36 35 34 34 38 42 43 36 35 43 46 46 46 43 43 40 42 44 44 46 44 43 46 47 48 49 49 48 48 48 48 48 48 48 48 48 48 48 48 48 48 48 48
44 41 44 39 42 44 46 45 38 36 38 37 37 41 38 37 34 36 36 34 32 37 38 35 38 40 40 40 41 41 40 41 41 40 38 36 30 31 32 34 35 35 37 33 33 37 37 40 40 37 36 37 37 37 36 35 34 37 43 37 36 35 42 42 44 45 46 46 46 44 43 46 46 43 41 40 42 47 48 48 49 49 48 48 48 48 48 48 48 48 48 48 48 48 48 48
42 41 43 36 35 38 43 44 44 36 35 36 39 37 39 40 38 36 35 35 32 32 36 35 36 38 39 36 37 37 37 37 38 37 32 32 32 33 34 35 35 37 36 34 34 34 35 35 37 41 39 39 39 37 37 36 36 36 37 37 36 34 36 37 37 43 43 42 45 45 46 46 42 46 46 44 42 40 47 47 49 49 48 48 48 48 46 45 47 47 48 48 48 48 48 47
42 36 42 34 36 40 43 41 40 42 34 33 35 35 34 35 35 38 34 34 33 34 35 36 37 37 35 35 33 33 33 32 33 33 33 33 34 34 35 36 36 34 35 34 34 35 35 35 38 38 40 38 38 38 38 38 38 37 37 40 35 34 35 36 39 39 40 41 38 40 44 42 45 47 43 38 41 43 42 45 48 47 48 48 48 48 48 46 44 44 44 46 48 48 48 48
43 40 36 36 36 42 36 39 38 40 42 35 34 34 33 34 35 33 33 34 35 35 37 36 36 36 35 33 33 33 34 34 33 33 34 34 34 35 35 36 34 34 35 33 35 37 38 37 40 40 39 39 39 38 39 40 39 39 39 39 38 37 34 34 35 36 36 38 41 35 38 35 37 42 43 39 38 36 40 40 41 46 47 48 48 48 49 46 43 43 44 45 46 47 48 48
40 43 42 38 37 41 38 34 34 34 35 34 34 34 32 31 34 32 33 34 35 38 39 39 39 38 37 36 33 32 33 33 34 35 34 33 34 35 34 34 34 36 34 34 36 37 39 39 41 41 40 37 40 40 40 41 42 40 39 40 40 38 36 35 34 35 36 37 39 35 36 36 41 41 46 40 41 40 39 37 42 43 44 48 48 48 47 46 45 42 40 42 44 44 47 48
40 44 45 44 44 41 35 33 32 36 36 35 34 36 34 35 32 31 33 35 36 38 38 40 41 39 38 37 36 35 35 34 34 34 32 33 34 35 34 33 35 36 38 36 36 38 39 40 40 40 41 42 41 40 41 41 41 41 41 41 42 40 39 37 36 35 37 37 38 37 37 37 38 40 42 44 45 44 42 43 43 42 47 46 47 47 48 48 46 44 41 38 42 42 43 46
46 44 42 43 43 43 42 37 34 32 33 40 39 40 39 37 34 31 31 33 35 35 37 39 40 40 39 39 38 38 37 37 36 35 34 34 34 33 33 34 35 37 38 37 37 37 39 40 41 42 43 43 43 42 41 40 41 42 42 43 42 41 41 39 37 37 38 37 38 39 39 39 39 43 43 46 45 43 42 43 45 46 47 43 43 44 48 48 47 45 44 40 39 40 44 42
50 45 45 42 37 40 39 38 37 35 38 36 41 41 41 39 37 32 33 32 34 35 36 38 40 39 42 40 40 40 41 39 37 36 35 35 37 37 36 37 37 38 38 39 38 38 40 40 40 41 43 43 43 43 43 42 41 41 41 42 44 43 42 40 39 38 38 38 39 40 41 41 42 44 45 47 45 44 45 45 46 47 48 48 46 43 46 47 47 46 43 41 37 41 40 41
45 44 40 39 41 40 35 38 39 40 39 40 41 42 41 40 33 32 35 33 34 35 36 37 36 37 38 41 41 42 41 40 38 37 37 37 37 38 39 38 40 39 40 40 41 39 39 39 40 41 42 41 42 43 43 43 42 42 42 43 44 44 41 40 40 38 40 40 41 42 43 43 39 46 46 47 46 46 47 47 47 47 47 48 48 47 44 45 47 46 44 43 40 39 38 43
48 46 44 44 43 34 36 34 40 41 37 41 41 42 33 34 33 34 34 34 33 35 37 36 37 38 39 40 41 41 43 42 40 39 38 38 38 38 38 39 39 41 42 42 41 42 40 40 41 41 41 41 41 42 42 42 43 44 44 44 43 45 43 42 41 41 40 41 42 43 43 43 45 46 45 46 47 47 47 47 47 47 47 48 48 47 46 43 45 43 45 42 41 37 37 41
49 46 41 38 37 32 37 40 42 40 40 43 42 42 34 36 35 35 36 35 33 36 36 38 39 38 40 41 42 42 41 40 43 41 40 41 37 38 39 39 39 39 41 43 43 41 41 41 40 39 40 41 42 41 41 42 42 42 42 42 44 43 45 46 44 44 43 43 43 43 45 45 44 43 43 45 45 44 45 46 47 47 47 48 48 47 47 44 42 41 41 42 43 39 38 39
50 50 49 42 37 33 41 40 42 44 41 43 44 42 34 40 36 37 39 37 34 39 37 39 40 40 42 43 43 43 43 44 42 42 42 42 37 36 38 39 40 41 42 42 42 42 42 41 39 39 39 40 40 41 41 41 41 43 42 43 42 42 43 45 45 43 43 44 45 45 44 44 44 44 44 44 43 44 45 46 47 47 47 47 47 47 48 47 45 43 40 39 40 38 38 37
47 50 47 34 30 35 37 40 40 43 44 40 44 40 35 42 42 39 37 33 35 34 35 38 40 41 41 42 43 44 44 43 44 44 44 42 39 40 40 41 42 43 44 42 42 41 43 40 40 38 37 38 38 40 39 40 40 42 41 41 42 41 42 43 44 44 45 45 45 45 45 44 44 42 43 44 45 45 46 47 47 47 47 47 47 47 47 46 46 44 41 38 41 40 38 38
