Climate/data/grids_germany_multi_annual_air_temp_mean_1981-2010_07.asc
NCOLS 654
NROWS 866
XLLCORNER 3280414.711633467
YLLCORNER 5237500.62890625
CELLSIZE 1000
NODATA_VALUE -999
[rows 369 to 409 of 866, columns 188 to 281 of 654]
184 184 183 184 184 184 184 183 183 183 183 183 183 182 182 182 181 181 179 177 176 174 172 167 170 166 167 168 169 166 164 170 174 175 173 176 174 171 173 172 171 175 176 180 176 177 178 177 173 169 166 167 169 170 171 180 183 183 181 179 173 168 167 164 162 161 164 165 160 158 158 159 162 166 166 171 168 167 166 166 165 165 169 167 170 171 171 172 172 164 172 170 176 179
183 184 184 184 184 184 184 184 183 182 182 183 182 183 182 182 181 180 179 177 176 174 171 167 171 170 169 169 168 165 164 167 173 175 173 176 173 170 175 174 174 177 179 180 178 178 176 176 171 177 169 171 171 170 179 178 183 183 183 176 171 168 163 162 161 160 169 165 159 160 159 161 162 166 165 167 165 166 165 163 163 161 170 169 169 171 169 167 172 174 170 174 177 177
184 184 184 184 184 184 183 183 183 183 182 182 181 182 182 181 181 179 177 176 174 172 170 168 167 169 171 171 169 165 164 170 175 176 176 178 177 176 176 178 175 177 179 180 180 179 176 178 174 175 172 177 174 171 177 182 183 181 183 179 173 168 164 162 162 164 162 170 167 163 164 164 161 164 167 164 164 163 163 161 161 166 169 163 169 171 169 166 169 172 174 177 176 176
184 183 184 184 184 183 183 183 182 182 183 182 182 181 181 180 179 178 177 174 173 173 170 169 168 172 170 171 169 165 164 165 174 174 171 176 178 179 179 179 173 175 179 180 181 177 175 177 180 181 182 181 182 182 183 183 181 181 183 176 171 168 166 164 167 162 162 162 171 171 166 164 163 161 166 162 162 160 160 160 161 161 167 163 167 170 171 168 169 170 174 176 176 178
184 183 183 184 184 183 183 183 182 182 183 182 181 180 178 178 177 177 175 174 175 172 170 172 173 169 168 170 169 167 165 162 170 174 173 172 177 178 173 176 177 180 178 180 179 180 178 180 181 178 175 183 183 183 180 178 170 177 179 183 172 169 166 170 167 163 170 162 164 173 169 169 162 161 169 162 160 158 166 163 164 164 170 163 165 169 172 168 170 170 175 177 178 178
185 184 184 184 183 183 183 183 182 181 181 183 179 178 177 175 175 176 176 175 175 175 170 174 170 169 168 170 169 165 167 164 170 169 169 173 176 177 172 173 175 176 178 176 175 179 181 181 179 178 179 179 175 179 177 177 175 179 182 181 174 173 169 170 170 170 168 171 172 172 175 172 167 161 167 165 167 165 171 169 165 170 171 163 165 167 172 173 167 169 174 177 179 177
184 184 184 184 183 183 183 182 182 181 181 181 179 178 175 173 175 176 173 172 172 171 174 170 172 167 166 169 168 166 167 165 170 170 171 171 173 176 174 173 176 178 180 176 175 177 181 181 173 175 177 171 176 177 176 174 178 180 184 182 175 173 169 171 171 170 175 175 175 170 174 176 173 170 168 177 173 173 170 170 168 166 170 167 165 165 169 173 170 172 174 177 178 179
183 184 184 184 184 183 183 182 181 181 180 182 179 178 174 173 177 174 173 173 170 169 171 167 167 170 170 169 167 166 169 170 171 170 174 172 173 172 175 175 175 177 178 178 174 174 174 180 173 174 179 173 174 175 177 179 176 183 184 181 179 173 168 167 167 170 175 175 177 168 166 175 177 175 174 177 177 176 175 171 166 169 171 172 167 169 167 170 175 171 175 178 178 178
184 183 183 184 184 183 182 182 180 179 179 179 181 178 180 175 175 174 175 173 171 169 168 166 169 172 171 170 168 166 170 170 166 172 172 174 174 175 174 175 175 176 181 177 174 173 174 174 171 171 174 173 174 172 173 178 175 184 184 180 176 173 170 169 167 167 171 173 171 176 170 170 175 176 177 177 175 176 177 174 170 174 176 170 165 169 173 174 174 170 176 178 178 178
184 183 183 183 183 183 182 181 180 179 178 180 181 179 178 180 177 173 172 173 170 168 169 173 171 168 167 169 169 168 166 172 169 170 171 175 176 177 175 177 177 177 176 173 176 172 170 172 170 169 171 171 175 177 176 182 183 184 184 180 176 173 172 173 173 182 171 174 179 179 175 167 173 173 175 177 177 176 177 176 176 173 172 172 174 167 166 170 177 171 177 178 179 179
183 183 183 183 182 182 181 180 179 178 181 181 181 177 175 175 174 173 172 172 172 173 174 170 169 168 167 167 167 168 166 172 170 169 170 174 173 175 175 177 177 180 174 174 173 171 171 170 169 171 169 169 173 178 182 180 173 184 183 181 179 181 176 181 172 179 179 182 181 181 180 173 169 174 177 177 179 179 176 175 167 167 166 171 170 166 169 172 176 176 177 178 178 179
182 182 182 181 180 180 179 179 178 181 180 177 178 180 178 176 174 172 171 170 170 173 169 169 169 168 166 166 167 164 166 173 174 169 171 173 175 173 174 175 177 178 174 175 174 170 172 171 171 171 173 173 177 174 171 172 175 182 184 183 181 177 178 180 172 180 180 182 175 183 182 176 170 171 175 179 180 176 174 174 166 165 167 168 167 168 170 174 175 172 177 178 179 179
181 181 181 180 179 179 178 178 177 179 178 177 175 177 176 177 175 172 171 170 170 173 169 170 169 166 166 167 167 163 165 173 174 175 173 171 176 175 174 175 178 177 175 175 171 172 172 172 173 172 172 174 178 175 169 168 169 173 172 177 181 178 179 179 176 176 183 181 183 182 182 177 176 175 180 175 176 179 177 174 169 165 164 167 166 170 172 174 172 172 178 178 178 179
180 180 180 179 178 178 177 180 178 178 177 176 174 174 176 178 175 173 172 170 176 172 169 171 170 169 169 168 167 164 165 166 172 175 174 173 171 176 178 178 178 179 177 172 171 172 173 174 176 175 175 178 170 169 168 168 171 172 176 177 177 178 178 181 176 180 177 175 174 182 181 180 173 177 180 179 180 180 179 172 164 167 165 170 170 172 174 171 170 176 178 179 179 180
179 178 178 178 177 176 179 177 176 177 175 174 172 172 174 175 174 172 171 177 172 168 168 170 171 168 168 167 168 166 167 164 171 174 171 173 176 177 176 176 176 177 174 174 173 173 174 176 178 178 179 177 173 172 169 172 171 171 173 173 180 181 181 177 172 174 173 173 172 182 179 174 173 169 175 176 178 179 177 172 167 173 170 166 171 174 176 175 173 174 177 181 181 181
178 177 177 176 176 178 178 176 174 177 174 173 171 172 176 177 173 171 176 173 173 170 169 169 170 169 170 169 168 168 168 169 169 174 171 173 175 171 173 175 176 178 175 175 174 174 176 178 178 178 177 177 176 174 172 175 173 177 177 179 181 181 179 173 171 172 169 170 173 182 176 170 170 174 170 172 173 174 178 174 176 170 169 169 176 176 175 170 174 177 179 181 180 178
176 175 175 175 175 178 176 174 173 175 174 172 171 172 172 174 179 178 178 176 170 168 170 169 169 169 170 170 168 167 165 166 163 172 174 174 174 170 172 176 177 175 175 174 174 175 176 175 174 176 173 175 175 175 172 176 177 177 178 181 181 177 177 173 172 170 169 172 174 178 181 182 182 180 172 171 174 173 179 177 173 168 172 172 177 177 174 172 173 174 178 180 179 178
174 173 175 178 174 174 177 173 173 173 172 171 170 170 174 172 171 171 176 174 176 173 169 171 169 168 168 170 169 168 168 167 164 171 174 171 173 170 174 176 176 175 175 176 177 177 175 175 175 175 174 175 173 175 173 172 175 174 176 179 180 179 174 177 175 171 170 169 162 169 170 175 182 179 172 170 176 177 177 178 176 173 175 175 177 177 175 176 178 178 178 179 180 179
172 178 177 175 173 172 174 171 172 172 170 170 170 170 170 168 168 174 173 170 172 173 173 170 170 170 169 167 170 169 168 167 164 170 173 173 170 170 175 176 176 175 175 177 179 178 177 177 177 177 177 177 176 175 173 172 172 168 174 179 181 179 176 174 171 175 173 170 162 162 161 174 181 176 169 172 174 172 174 176 179 177 176 178 176 175 173 174 172 175 174 174 180 180
172 177 175 172 171 171 171 172 171 171 169 169 168 170 166 166 168 169 173 171 172 171 168 170 171 168 166 165 168 165 165 166 166 167 172 170 171 171 174 176 175 175 176 178 179 179 178 178 178 178 178 177 177 176 173 171 173 174 178 180 181 175 176 174 171 174 170 172 168 165 161 170 180 177 167 168 172 166 165 168 173 178 176 177 174 171 173 175 174 174 173 177 180 180
176 177 175 171 171 169 169 170 169 168 168 167 167 168 168 167 167 168 170 170 171 169 167 166 171 166 166 165 166 164 168 171 168 167 173 173 173 172 176 177 175 177 178 179 179 179 179 178 177 177 178 177 177 177 174 173 174 176 180 181 180 174 176 172 171 170 172 169 169 164 163 167 177 181 173 167 167 169 165 168 173 178 174 172 170 173 175 174 174 172 173 178 180 180
177 175 171 169 169 172 169 168 167 166 168 167 170 171 169 169 168 166 167 169 169 170 166 165 168 165 165 170 170 170 174 174 172 170 171 173 172 175 176 177 177 178 178 178 179 179 179 178 178 178 179 178 178 179 174 174 176 181 182 181 180 173 173 170 170 169 168 170 168 166 167 167 166 175 180 177 174 166 167 167 173 176 176 176 176 173 172 170 171 171 172 177 178 180
174 177 173 173 172 172 171 171 169 168 170 171 171 171 171 171 171 170 169 168 168 168 166 166 166 165 164 170 171 171 173 175 171 173 171 172 174 172 174 176 176 176 177 179 179 179 179 179 178 178 180 179 178 180 175 178 182 183 180 180 178 173 172 169 170 171 167 166 168 167 165 174 167 168 180 179 179 175 168 170 173 171 175 176 172 168 167 170 171 171 174 177 179 180
171 171 172 176 176 172 171 170 169 170 169 169 171 171 170 170 170 169 168 167 166 166 165 163 163 165 165 167 171 171 171 177 171 175 172 174 175 177 176 175 174 175 176 178 179 178 179 180 179 179 179 178 177 180 181 181 180 177 181 180 178 172 168 169 170 169 169 167 164 165 163 167 176 173 181 169 164 169 177 172 174 172 175 175 175 170 170 170 169 170 172 175 179 180
172 170 170 171 170 172 171 170 170 170 174 173 171 170 169 168 168 168 167 166 166 165 164 163 170 168 170 167 171 173 171 175 177 178 178 178 178 178 176 175 175 176 175 178 179 179 179 180 179 177 177 177 176 179 181 174 175 179 180 169 175 172 170 170 170 170 166 167 166 163 164 170 181 181 178 167 165 170 169 175 174 175 173 172 173 170 170 169 169 171 173 176 179 179
171 169 169 168 168 171 172 175 174 170 170 169 169 169 168 167 168 168 166 165 165 164 163 165 168 168 173 171 168 172 172 174 178 176 177 178 178 178 178 178 177 176 175 175 177 179 179 179 178 176 178 174 174 181 173 170 175 170 180 180 178 173 171 172 172 169 166 164 165 164 162 173 180 166 164 163 166 167 169 171 172 174 173 171 172 170 169 169 170 171 174 176 178 178
175 169 169 167 168 169 167 169 167 169 168 172 167 169 169 165 167 167 166 164 163 163 164 171 173 171 173 175 176 177 177 176 176 170 172 176 179 178 176 175 176 176 176 176 175 177 178 180 177 175 181 177 180 181 176 173 175 178 179 179 177 173 170 173 173 172 169 165 164 164 161 173 180 180 177 168 164 167 168 171 172 173 171 170 171 169 166 170 170 171 174 177 178 178
170 173 169 172 167 165 166 166 165 165 168 169 167 165 166 166 164 165 164 164 163 162 162 170 171 175 176 175 175 170 174 175 176 173 170 175 178 178 177 178 177 178 176 176 175 175 179 179 178 175 179 182 179 177 173 173 174 178 178 178 179 175 173 175 172 169 171 168 163 167 167 174 179 181 179 177 166 166 168 171 172 172 171 168 171 166 164 168 171 173 173 176 178 178
168 171 168 173 168 170 165 167 165 164 164 166 167 169 167 166 166 164 165 162 162 163 169 170 175 174 174 170 173 172 170 175 175 174 169 174 176 176 179 179 176 177 178 180 178 176 177 179 180 180 177 179 180 173 171 174 177 178 179 179 178 177 174 173 172 169 167 170 164 169 169 163 176 181 180 169 165 167 170 171 174 172 170 168 164 164 166 168 171 171 173 177 178 178
165 167 170 169 172 173 172 171 166 163 163 163 165 167 164 164 164 163 163 163 165 167 173 172 170 171 170 171 173 172 169 174 173 174 173 174 177 178 176 176 178 178 177 178 178 177 179 179 176 174 174 176 181 175 174 174 174 177 180 180 177 175 173 172 172 172 167 166 167 166 165 162 172 179 181 179 168 168 170 171 175 172 170 164 160 164 166 169 168 170 176 177 178 178
165 168 167 170 173 170 171 171 171 169 162 163 163 163 163 163 162 161 165 168 173 172 173 169 170 168 171 172 171 173 168 171 171 173 173 171 171 177 178 177 177 177 176 176 175 177 177 174 175 173 173 175 180 177 175 175 173 177 179 179 178 175 173 173 171 169 168 167 166 162 165 162 165 170 178 179 180 167 168 171 176 176 175 171 164 165 168 170 171 170 172 176 178 175
166 166 167 166 172 172 169 169 164 164 164 163 162 163 163 164 162 161 166 169 171 174 167 167 167 170 166 167 171 173 170 170 170 172 172 170 171 174 177 179 174 175 175 176 174 174 174 174 173 173 174 177 180 179 176 172 175 177 177 178 177 175 174 170 170 169 168 165 163 162 162 166 169 169 171 181 175 169 166 172 173 177 176 173 168 167 169 171 170 173 172 176 176 177
162 166 162 168 170 169 165 164 165 164 163 163 162 163 166 162 160 161 163 169 174 168 168 168 165 166 171 172 172 172 171 170 172 171 172 172 171 175 177 179 173 173 174 175 175 174 170 174 175 175 177 178 177 178 178 174 173 173 177 178 179 175 174 173 171 171 167 166 162 162 162 166 164 167 169 181 179 174 175 171 177 176 175 169 169 170 171 173 171 172 173 174 176 174
167 166 167 165 166 166 168 165 164 164 164 163 163 165 162 161 166 169 171 173 172 169 172 168 168 165 169 170 173 171 164 170 173 172 171 172 175 174 172 178 175 173 174 173 173 174 173 173 174 172 174 176 179 177 178 175 175 175 177 177 175 176 175 175 171 171 172 169 166 166 165 161 166 166 170 180 182 181 171 173 177 175 170 166 167 170 173 174 173 170 175 172 175 171
166 167 163 163 166 168 166 166 162 162 162 162 163 163 166 168 170 170 172 172 167 169 170 167 165 166 170 171 172 167 168 170 172 174 172 173 175 176 176 177 175 171 173 173 172 171 170 170 171 168 169 177 178 179 179 173 173 176 178 178 178 178 177 176 176 173 171 171 171 171 168 167 168 169 170 180 181 177 171 173 171 173 167 162 168 170 172 169 174 175 172 169 174 174
161 165 165 163 165 167 165 163 160 160 160 165 161 169 171 171 172 171 173 171 166 170 167 166 165 167 170 172 167 168 171 169 173 174 174 175 177 177 177 177 175 174 171 172 172 170 169 171 173 175 177 179 174 177 178 177 175 174 175 176 176 177 178 176 176 173 171 170 172 173 170 169 171 173 170 175 179 178 173 177 175 177 175 174 168 169 169 170 172 170 169 169 171 176
163 164 166 165 166 164 164 163 161 158 163 166 163 167 166 172 168 172 171 165 166 170 166 166 166 167 168 172 170 166 167 168 170 173 174 174 176 177 177 177 177 173 171 172 171 171 171 170 173 171 173 174 172 175 177 176 177 173 174 176 176 176 177 176 173 171 170 172 173 175 170 174 175 177 171 171 182 182 178 176 173 178 177 173 166 171 166 166 169 169 169 169 167 172
165 164 166 165 166 163 162 162 160 159 157 171 172 168 172 164 168 165 167 166 166 167 166 165 167 167 172 169 168 165 166 170 169 172 172 173 176 177 177 177 177 176 176 172 168 170 171 171 168 171 174 177 172 172 173 175 176 175 176 177 175 177 176 176 174 172 172 171 174 177 174 182 178 179 181 178 183 178 173 177 175 177 177 178 177 172 172 173 172 169 171 172 173 175
161 163 165 165 164 162 163 159 163 163 171 160 158 163 169 178 172 164 163 163 167 165 166 166 167 171 171 166 166 168 165 166 170 171 174 176 176 177 177 176 174 177 172 170 171 171 171 170 172 174 174 177 173 168 173 175 176 175 174 174 175 174 175 176 175 174 175 173 174 175 178 183 184 174 177 181 174 176 168 170 176 177 178 179 180 179 178 173 173 171 167 169 170 169
162 161 162 163 161 160 159 164 164 163 163 161 165 165 172 165 165 161 163 164 164 165 165 166 167 169 166 164 167 166 168 169 172 171 173 175 177 176 176 174 172 175 170 171 174 175 173 169 169 172 174 175 176 167 172 175 175 173 172 174 176 175 176 177 177 177 176 174 173 173 180 179 172 171 171 178 169 169 165 170 172 176 179 181 182 182 181 175 176 169 167 164 169 171
160 157 156 161 156 156 165 166 164 161 158 162 168 166 164 164 167 167 167 163 164 164 167 167 167 166 167 163 165 167 170 170 170 171 175 174 172 173 174 172 172 175 176 175 175 174 173 171 171 170 173 174 174 165 168 173 172 172 173 174 173 173 176 177 176 178 180 178 175 175 184 179 174 171 170 169 172 165 163 165 165 171 172 174 178 180 181 180 177 176 169 161 163 167
