Climate/data/grids_germany_multi_annual_air_temp_mean_1981-2010_06.asc
NCOLS 654
NROWS 866
XLLCORNER 3280414.711633467
YLLCORNER 5237500.62890625
CELLSIZE 1000
NODATA_VALUE -999
[rows 492 to 532 of 866, columns 0 to 93 of 654]
-999 -999 -999 -999 -999 -999 -999 -999 -999 -999 -999 -999 -999 -999 -999 -999 -999 -999 -999 -999 -999 -999 -999 -999 -999 137 138 138 139 137 137 138 141 144 154 154 151 148 144 143 142 143 147 149 147 148 149 152 152 156 156 153 154 157 161 156 158 159 159 159 159 159 159 160 159 159 160 162 161 161 159 159 161 160 163 163 163 164 165 164 164 163 162 163 162 161 160 159 163 164 160 162 167 172
-999 -999 -999 -999 -999 -999 -999 -999 -999 -999 -999 -999 -999 -999 -999 -999 -999 -999 -999 -999 -999 -999 -999 133 137 138 138 138 138 139 139 139 141 147 154 154 145 148 154 150 145 142 141 144 144 147 152 153 155 156 154 156 155 155 157 156 160 157 158 159 160 161 162 162 160 157 159 160 160 161 156 156 156 159 160 162 161 163 164 164 164 164 164 163 163 161 159 159 161 163 161 166 167 173
-999 -999 -999 -999 -999 -999 -999 -999 -999 -999 -999 -999 -999 -999 -999 -999 -999 -999 -999 -999 -999 -999 -999 133 138 138 138 138 136 137 138 144 151 148 154 142 141 143 148 148 143 142 139 135 144 146 149 153 153 155 154 154 155 154 155 158 155 155 157 157 159 160 160 161 161 158 155 157 157 158 157 155 153 158 157 157 158 162 162 163 163 163 163 162 162 161 159 159 159 160 164 169 171 173
-999 -999 -999 -999 -999 -999 -999 -999 -999 -999 -999 -999 -999 -999 -999 -999 -999 -999 -999 -999 -999 132 135 140 138 137 139 138 137 138 139 149 148 154 142 142 139 143 146 148 148 150 144 146 143 148 150 152 152 154 155 153 153 155 156 157 152 153 155 155 156 157 160 159 158 158 157 156 153 154 156 155 154 156 154 154 157 160 161 162 163 163 163 161 160 161 162 163 161 161 163 161 166 172
-999 -999 -999 -999 -999 -999 -999 -999 -999 -999 -999 -999 -999 -999 -999 -999 -999 -999 -999 -999 134 134 138 141 141 138 144 141 137 139 151 139 143 148 144 144 140 140 141 146 147 147 150 150 145 144 148 150 153 152 146 150 150 154 156 153 151 149 151 155 156 157 155 152 153 156 152 151 151 154 154 152 153 150 151 156 157 159 160 161 162 162 162 161 159 160 161 162 165 163 162 166 164 167
-999 -999 -999 -999 -999 -999 -999 -999 -999 -999 -999 -999 -999 -999 -999 -999 -999 -999 -999 133 137 138 138 142 146 147 143 150 149 151 145 145 141 150 139 140 139 139 140 141 145 147 147 141 150 147 148 150 151 148 143 148 148 152 153 151 149 148 151 155 159 156 150 151 151 154 155 152 150 151 151 151 151 151 153 154 158 158 159 160 160 162 161 161 163 163 162 164 167 160 160 162 168 165
-999 -999 -999 -999 -999 -999 -999 -999 -999 -999 -999 -999 -999 -999 -999 -999 -999 -999 -999 137 139 139 139 143 137 143 142 138 144 143 137 143 138 143 137 137 139 138 139 139 146 152 141 140 148 148 148 148 149 146 150 144 148 151 153 151 153 156 149 152 156 155 154 150 149 148 151 152 151 151 151 152 151 151 155 151 154 154 157 157 159 161 160 161 163 165 167 167 169 165 165 164 163 164
-999 -999 -999 -999 -999 -999 -999 -999 -999 -999 -999 -999 -999 -999 -999 -999 -999 -999 -999 -999 138 138 138 142 137 138 137 143 139 141 137 138 137 137 137 135 138 138 141 147 142 147 144 142 145 149 149 147 145 143 144 148 152 150 148 152 153 155 154 148 157 149 149 151 146 148 149 150 152 151 155 151 151 151 156 155 154 156 157 158 159 158 158 160 165 167 163 163 165 166 169 169 171 171
-999 -999 -999 -999 -999 -999 -999 -999 -999 -999 -999 -999 -999 -999 -999 -999 -999 -999 -999 -999 138 137 137 138 141 136 136 136 135 135 138 137 137 138 134 137 140 140 141 141 147 147 142 140 145 146 144 142 143 146 144 149 148 151 146 150 154 151 147 150 151 148 145 143 144 143 147 149 149 150 153 153 149 151 152 157 153 152 157 158 159 158 159 159 167 169 169 169 170 171 171 169 171 167
-999 -999 -999 -999 -999 -999 -999 -999 -999 -999 -999 -999 -999 -999 -999 -999 -999 -999 -999 -999 -999 137 136 135 137 138 136 135 133 135 134 139 135 134 136 142 141 144 145 145 143 139 140 142 146 145 146 145 144 143 142 142 145 146 144 151 150 148 148 153 153 151 149 147 141 144 144 149 152 149 156 151 149 152 157 160 153 154 156 158 160 161 157 168 169 169 168 169 167 167 168 161 168 168
-999 -999 -999 -999 -999 -999 -999 -999 -999 -999 -999 -999 -999 -999 -999 -999 -999 -999 -999 -999 -999 -999 136 136 138 136 138 135 134 133 138 137 134 134 136 135 141 139 146 147 144 138 140 141 140 142 145 142 141 144 144 142 143 143 144 149 146 149 149 148 152 151 151 145 144 142 147 148 152 151 153 151 147 152 155 157 159 154 155 156 168 161 163 168 163 163 159 156 167 160 163 165 165 167
-999 -999 -999 -999 -999 -999 -999 -999 -999 -999 -999 -999 -999 -999 -999 -999 -999 -999 -999 -999 -999 -999 134 138 -999 -999 136 136 135 134 135 134 134 136 138 138 138 139 143 149 142 140 141 139 142 140 142 143 141 142 143 141 142 143 145 146 143 144 147 143 146 149 151 147 143 141 148 151 149 151 157 155 155 157 163 163 159 156 163 157 166 153 156 156 158 157 156 153 158 158 162 162 165 164
-999 -999 -999 -999 -999 -999 -999 -999 -999 -999 -999 -999 -999 -999 -999 -999 -999 -999 -999 -999 -999 -999 -999 -999 -999 -999 -999 136 135 133 133 135 134 141 142 141 141 141 143 143 141 141 138 140 139 140 139 143 142 141 144 142 140 139 143 143 142 142 143 144 151 151 151 149 145 144 145 145 149 153 148 153 156 153 152 157 165 166 167 163 160 145 155 151 155 157 153 156 153 156 159 161 166 165
-999 -999 -999 -999 -999 -999 -999 -999 -999 -999 -999 -999 -999 -999 -999 -999 -999 -999 -999 -999 -999 -999 -999 -999 -999 -999 -999 -999 -999 -999 137 140 144 138 137 137 140 146 147 144 138 138 137 137 138 138 139 139 139 139 142 142 140 141 139 139 140 145 147 148 147 145 146 146 143 146 146 147 143 148 151 148 147 149 152 151 156 151 143 149 156 146 143 152 147 156 149 150 153 158 159 160 161 162
-999 -999 -999 -999 -999 -999 -999 -999 -999 -999 -999 -999 -999 -999 -999 -999 -999 -999 -999 -999 -999 -999 -999 -999 -999 -999 -999 -999 -999 -999 -999 135 133 134 134 136 143 143 141 144 139 138 135 134 135 138 141 139 139 142 143 143 143 140 140 140 143 140 144 147 145 144 143 144 143 147 148 147 146 148 153 150 149 152 157 165 164 155 140 144 145 152 149 145 149 148 151 158 157 158 161 160 160 163
-999 -999 -999 -999 -999 -999 -999 -999 -999 -999 -999 -999 -999 -999 -999 -999 -999 -999 -999 -999 -999 -999 -999 -999 -999 -999 -999 -999 -999 -999 -999 135 134 136 142 140 147 139 142 140 143 138 136 136 136 136 139 138 139 140 143 141 141 141 142 139 140 142 145 141 143 142 144 146 145 148 148 152 151 152 155 160 150 152 162 154 154 153 153 149 147 153 145 153 147 149 149 154 154 156 161 160 163 166
-999 -999 -999 -999 -999 -999 -999 -999 -999 -999 -999 -999 -999 -999 -999 -999 -999 -999 -999 -999 -999 -999 -999 -999 -999 -999 -999 -999 -999 -999 -999 135 133 139 139 136 144 135 140 141 143 143 140 139 139 136 136 137 137 142 140 140 138 140 140 140 138 141 140 141 143 145 148 147 150 149 148 153 150 149 155 157 153 158 160 150 162 148 147 152 155 151 148 147 152 148 149 146 149 155 155 157 158 162
-999 -999 -999 -999 -999 -999 -999 -999 -999 -999 -999 -999 -999 -999 -999 -999 -999 -999 -999 -999 -999 -999 -999 -999 -999 -999 -999 -999 -999 -999 -999 -999 134 133 135 135 143 135 140 143 138 140 138 140 138 137 135 137 139 142 142 139 137 138 140 140 140 144 145 145 145 145 147 148 149 149 152 153 155 147 152 153 158 160 148 150 160 147 154 150 140 147 145 146 143 144 141 144 148 154 154 156 157 158
-999 -999 -999 -999 -999 -999 -999 -999 -999 -999 -999 -999 -999 -999 -999 -999 -999 -999 -999 -999 -999 -999 -999 -999 -999 -999 -999 -999 -999 -999 -999 -999 -999 132 133 138 134 135 135 140 137 139 137 137 137 137 137 139 140 140 140 139 139 137 140 143 140 144 145 146 146 145 145 149 151 149 153 153 151 160 153 152 149 163 156 150 153 148 149 144 141 149 146 150 137 138 141 145 153 156 159 160 162 163
-999 -999 -999 -999 -999 -999 -999 -999 -999 -999 -999 -999 -999 -999 -999 -999 -999 -999 -999 -999 -999 -999 -999 -999 -999 -999 -999 -999 -999 -999 -999 -999 -999 131 133 139 135 133 136 137 141 136 135 135 137 137 138 139 140 139 138 138 139 139 140 143 140 139 143 141 145 145 147 145 147 149 147 151 160 153 157 161 160 156 152 154 144 149 150 153 139 141 142 139 136 138 141 144 147 148 157 156 158 161
-999 -999 -999 -999 -999 -999 -999 -999 -999 -999 -999 -999 -999 -999 -999 -999 -999 -999 -999 -999 -999 -999 -999 -999 -999 -999 -999 -999 -999 -999 -999 -999 -999 131 136 137 133 135 137 135 135 139 137 136 137 137 139 138 138 137 139 138 140 140 142 143 140 141 140 143 145 148 144 148 150 155 155 160 148 150 156 153 158 149 146 152 153 142 144 152 145 145 144 139 136 143 142 148 147 154 157 153 158 156
-999 -999 -999 -999 -999 -999 -999 -999 -999 -999 -999 -999 -999 -999 -999 -999 -999 -999 -999 -999 -999 -999 -999 -999 -999 -999 -999 -999 -999 -999 -999 -999 -999 131 132 133 135 133 133 132 132 137 136 137 139 139 138 137 139 140 142 137 143 143 147 143 143 144 143 143 141 141 141 147 147 149 153 150 147 144 146 156 160 156 149 146 139 144 150 154 148 137 133 139 137 144 146 144 142 150 148 147 157 157
-999 -999 -999 -999 -999 -999 -999 -999 -999 -999 -999 -999 -999 -999 -999 -999 -999 -999 -999 -999 -999 -999 -999 -999 -999 -999 -999 -999 -999 -999 -999 -999 -999 131 137 133 134 133 135 135 134 136 137 137 137 137 137 137 140 140 142 144 142 140 147 149 144 146 145 144 140 141 140 143 136 153 149 144 148 144 148 148 160 152 150 138 144 148 144 144 137 135 141 142 139 144 148 141 145 146 146 152 157 157
-999 -999 -999 -999 -999 -999 -999 -999 -999 -999 -999 -999 -999 -999 -999 -999 -999 -999 -999 -999 -999 -999 -999 -999 -999 -999 -999 -999 -999 -999 -999 -999 129 135 135 133 136 135 134 139 135 139 137 136 137 139 139 137 141 143 143 140 143 145 147 151 148 147 149 147 145 144 143 147 148 158 150 146 142 141 145 152 160 154 149 148 139 139 152 147 141 141 143 146 139 144 146 147 147 144 144 145 147 152
-999 -999 -999 -999 -999 -999 -999 -999 -999 -999 -999 -999 -999 -999 -999 -999 -999 -999 -999 -999 -999 -999 -999 -999 -999 -999 -999 -999 -999 -999 -999 -999 132 135 137 135 135 134 137 137 135 136 140 138 140 139 139 136 139 141 144 142 143 146 145 145 149 149 148 147 147 143 146 150 154 154 153 144 145 147 154 154 148 152 144 147 145 143 148 141 141 144 147 149 141 142 145 150 149 143 146 142 147 151
-999 -999 -999 -999 -999 -999 -999 -999 -999 -999 -999 -999 -999 -999 -999 -999 -999 -999 -999 -999 -999 -999 -999 -999 -999 -999 -999 -999 -999 -999 -999 129 135 136 137 137 136 139 137 139 135 139 140 140 139 142 136 135 138 138 142 145 146 143 141 147 148 148 151 149 147 147 150 153 151 157 153 148 148 148 154 154 150 148 148 144 142 139 141 145 138 139 144 144 150 148 151 152 145 151 151 148 142 151
-999 -999 -999 -999 -999 -999 -999 -999 -999 -999 -999 -999 -999 -999 -999 -999 -999 -999 -999 -999 -999 -999 -999 -999 -999 -999 -999 -999 -999 -999 -999 -999 134 135 136 139 141 140 142 135 135 140 143 137 140 143 141 138 136 139 141 143 142 143 145 149 148 148 148 152 147 154 150 156 151 153 153 148 152 150 151 153 155 154 152 148 148 141 132 138 139 135 138 140 143 151 142 150 151 150 149 145 146 153
-999 -999 -999 -999 -999 -999 -999 -999 -999 -999 -999 -999 -999 -999 -999 -999 -999 -999 -999 -999 -999 -999 -999 -999 -999 -999 -999 -999 -999 -999 -999 -999 135 136 134 139 136 137 142 140 137 140 141 139 139 142 139 141 141 138 142 140 144 145 146 145 146 147 145 147 150 152 156 152 146 151 156 153 150 146 146 152 150 148 152 149 141 135 137 140 144 143 145 143 145 143 151 150 147 155 148 145 149 151
-999 -999 -999 -999 -999 -999 -999 -999 -999 -999 -999 -999 -999 -999 -999 -999 -999 -999 -999 -999 -999 -999 -999 -999 -999 -999 -999 -999 -999 -999 -999 -999 135 137 136 136 139 136 135 140 139 140 144 143 144 144 144 139 139 141 142 144 145 144 144 143 143 143 148 149 152 152 150 149 150 154 154 148 146 148 148 148 145 146 148 146 141 144 140 139 140 138 147 145 143 142 142 145 144 147 155 160 154 149
-999 -999 -999 -999 -999 -999 -999 -999 -999 -999 -999 -999 -999 -999 -999 -999 -999 -999 -999 -999 -999 -999 -999 -999 -999 -999 -999 -999 -999 -999 -999 -999 -999 -999 135 135 136 136 134 135 139 142 139 144 137 139 146 145 141 142 142 145 143 143 143 140 143 146 147 148 149 149 148 154 150 150 148 146 145 141 141 140 146 140 144 144 145 141 144 140 142 145 149 139 151 153 153 145 154 152 146 148 152 156
-999 -999 -999 -999 -999 -999 -999 -999 -999 -999 -999 -999 -999 -999 -999 -999 -999 -999 -999 -999 -999 -999 -999 -999 -999 -999 -999 -999 -999 -999 -999 -999 -999 -999 135 133 138 139 137 137 138 137 137 141 139 140 138 146 146 143 144 140 144 143 141 141 146 144 146 149 150 148 149 147 149 154 148 147 142 146 140 139 138 138 138 141 145 147 147 145 147 146 153 149 145 145 153 154 159 160 150 151 154 152
-999 -999 -999 -999 -999 -999 -999 -999 -999 -999 -999 -999 -999 -999 -999 -999 -999 -999 -999 -999 -999 -999 -999 -999 -999 -999 -999 -999 -999 -999 -999 -999 -999 -999 134 134 136 136 136 132 138 135 137 139 140 137 142 143 147 145 141 145 146 144 141 141 140 142 148 150 150 148 148 145 144 150 146 144 143 141 139 140 138 138 142 144 143 148 147 148 147 148 151 143 141 149 146 150 144 152 156 159 156 159
-999 -999 -999 -999 -999 -999 -999 -999 -999 -999 -999 -999 -999 -999 -999 -999 -999 -999 -999 -999 -999 -999 -999 -999 -999 -999 -999 140 139 -999 -999 -999 -999 136 134 137 136 132 134 131 135 135 140 137 142 137 143 145 146 149 145 145 146 146 143 141 140 145 146 148 149 149 147 141 143 146 152 149 147 146 146 142 140 140 142 145 146 148 150 147 150 147 143 145 146 149 147 148 149 150 154 157 160 160
-999 -999 -999 -999 -999 -999 -999 -999 -999 -999 -999 -999 -999 -999 -999 -999 -999 -999 -999 -999 -999 -999 -999 -999 -999 -999 -999 145 145 141 143 138 137 136 135 135 132 135 133 133 134 135 138 140 137 136 139 144 146 148 148 147 147 145 143 140 144 147 148 146 150 147 150 145 146 145 147 146 148 149 146 144 138 142 145 145 146 147 143 146 145 146 147 147 149 150 152 148 154 143 156 159 163 164
-999 -999 -999 -999 -999 -999 -999 -999 -999 -999 -999 -999 -999 -999 -999 -999 -999 -999 -999 -999 -999 -999 -999 -999 -999 -999 -999 142 141 137 140 139 137 135 133 132 135 134 136 137 135 136 138 137 138 138 140 143 145 146 149 145 143 143 144 143 144 149 144 146 147 150 145 145 146 144 145 144 147 146 146 143 140 141 143 146 144 141 147 147 146 146 147 151 149 151 153 154 155 152 152 158 159 162
-999 -999 -999 -999 -999 -999 -999 -999 -999 -999 -999 -999 -999 -999 -999 -999 -999 -999 -999 -999 -999 -999 -999 -999 -999 -999 140 138 140 137 139 140 136 135 131 131 135 139 137 137 138 137 135 137 138 143 142 142 145 146 149 147 143 145 143 144 148 147 141 144 144 146 145 143 144 141 141 141 140 142 146 145 144 139 140 143 141 144 144 146 147 150 148 149 152 150 154 157 154 153 154 156 160 162
-999 -999 -999 -999 -999 -999 -999 -999 -999 -999 -999 -999 -999 -999 -999 -999 -999 -999 -999 -999 -999 -999 -999 -999 -999 -999 139 136 137 135 137 137 133 130 131 135 138 139 141 137 135 134 135 138 138 140 144 145 144 145 150 148 145 146 145 147 147 142 146 143 141 147 142 144 142 144 143 142 139 142 144 146 144 139 140 142 142 145 146 147 147 149 154 150 152 153 156 157 156 157 154 155 156 160
-999 -999 -999 -999 -999 -999 -999 -999 -999 -999 -999 -999 -999 -999 -999 -999 -999 -999 -999 -999 -999 -999 -999 -999 -999 143 140 139 138 136 135 133 129 131 137 139 136 139 138 137 137 137 134 138 139 143 145 143 144 145 147 149 147 146 141 146 146 143 144 142 146 143 137 140 139 140 141 139 139 137 143 142 139 139 141 141 146 149 147 149 151 150 152 155 157 152 158 148 152 159 157 155 155 156
-999 -999 -999 -999 -999 -999 -999 -999 -999 -999 -999 -999 -999 -999 -999 -999 -999 -999 -999 -999 -999 142 143 138 143 141 138 140 137 137 136 131 129 135 137 140 138 141 138 141 135 134 134 137 142 143 145 144 146 145 146 148 149 146 143 140 142 140 141 140 145 142 141 141 136 137 138 142 142 142 140 139 137 136 143 145 142 146 147 147 150 153 155 141 146 152 154 149 151 156 160 156 156 156
-999 -999 -999 -999 -999 -999 -999 -999 -999 -999 -999 -999 -999 -999 -999 -999 -999 -999 -999 -999 150 147 144 145 144 140 141 140 141 138 132 129 136 137 138 140 137 138 142 134 133 132 133 138 142 142 147 143 147 144 144 147 150 149 146 144 140 139 139 137 145 144 144 139 138 141 142 144 145 140 139 141 145 144 143 144 145 146 145 149 153 152 147 146 150 154 146 145 149 150 162 158 159 157
-999 -999 -999 -999 -999 -999 -999 -999 -999 -999 -999 -999 -999 -999 -999 -999 -999 -999 -999 -999 145 144 143 144 144 144 143 142 141 136 134 139 137 138 138 140 137 137 141 142 139 134 136 136 138 145 147 146 144 141 143 143 149 148 145 147 145 145 140 139 138 143 142 141 139 139 145 144 141 141 141 142 145 142 147 144 144 147 150 149 153 149 149 148 146 151 151 145 148 149 154 158 160 163
