Climate/data/grids_germany_multi_annual_air_temp_mean_1981-2010_13.asc
NCOLS 654
NROWS 866
XLLCORNER 3280414.711633467
YLLCORNER 5237500.62890625
CELLSIZE 1000
NODATA_VALUE -999
[rows 561 to 611 of 866, columns 288 to 383 of 654]
91 89 91 89 86 86 87 88 90 92 92 92 94 94 93 95 95 95 95 95 95 95 95 94 93 93 93 93 93 92 90 93 93 93 94 93 93 92 91 90 90 92 92 92 92 92 91 87 86 85 86 87 91 89 88 86 88 86 87 86 87 86 89 92 88 90 92 92 92 87 89 88 88 85 85 88 88 88 88 83 84 76 75 76 77 75 77 77 77 77 78 78 78 78 78 78
90 89 89 87 88 87 89 88 88 91 92 92 93 93 94 95 95 95 95 95 95 95 95 95 94 92 93 92 92 93 91 92 91 92 92 90 92 91 90 91 90 90 92 92 92 92 92 92 91 88 85 90 90 86 85 86 86 89 87 84 87 85 88 92 92 92 92 92 91 89 85 87 85 87 88 88 88 88 88 84 83 77 76 76 78 77 78 78 78 77 79 79 79 78 79 77
86 89 89 87 87 88 89 88 90 91 92 92 93 93 93 95 95 95 95 95 95 95 95 94 94 92 92 92 92 93 92 91 91 92 91 90 91 89 90 89 90 90 90 90 91 91 92 92 92 92 91 92 90 86 86 90 87 86 89 87 87 88 90 92 91 92 92 91 90 88 86 86 87 88 88 90 91 90 88 86 82 82 77 77 75 78 78 79 79 78 78 79 80 79 79 79
86 92 86 87 88 89 88 91 90 91 93 93 93 93 93 94 95 95 95 95 95 94 94 94 94 93 92 92 92 92 92 90 92 91 91 90 89 89 88 88 89 89 89 90 90 86 86 90 88 92 92 92 92 92 92 91 87 88 88 90 89 91 88 89 92 92 92 91 91 88 89 88 87 89 88 88 90 89 87 84 77 75 75 76 77 77 78 78 78 78 78 79 82 80 80 78
92 92 89 88 90 89 88 91 92 91 91 92 92 92 92 94 95 95 95 95 95 94 94 94 94 94 93 92 92 92 92 90 91 91 90 89 89 89 88 86 86 87 89 89 86 86 84 88 84 87 88 86 87 88 92 93 88 88 87 88 88 89 83 87 92 92 92 91 90 89 88 88 88 88 91 91 89 86 80 81 74 76 75 76 77 77 79 76 79 80 80 80 80 81 79 81
91 87 90 91 90 90 91 92 91 90 92 92 92 92 92 92 95 95 95 95 95 94 94 93 94 93 93 91 91 92 91 91 90 90 89 86 87 87 87 85 78 85 87 89 82 79 81 85 88 88 88 86 86 90 90 93 92 90 89 88 89 89 89 88 89 92 92 91 88 88 88 89 90 88 91 90 88 87 87 81 76 75 76 77 78 77 78 80 80 79 79 79 80 81 81 82
84 85 85 86 89 89 91 90 91 91 92 91 91 91 91 92 95 94 93 94 94 94 93 93 93 93 93 92 92 90 89 90 89 88 86 83 82 80 82 81 82 86 87 83 83 85 81 81 83 84 86 86 87 88 88 91 92 91 91 91 91 90 90 89 89 92 92 92 91 90 89 89 91 91 91 90 86 76 78 79 74 74 75 75 79 80 77 79 80 80 79 79 81 81 82 82
83 84 86 87 87 88 88 90 91 91 90 91 90 91 91 92 95 94 92 93 94 94 93 93 93 93 93 93 93 91 91 89 89 88 87 81 76 77 78 81 82 83 81 81 81 83 85 82 81 83 83 85 87 87 86 91 93 93 93 93 92 92 91 88 89 93 92 92 92 92 91 91 91 88 89 89 85 77 75 75 75 74 75 78 78 77 77 79 79 81 80 81 80 81 82 83
84 85 85 85 86 88 90 90 89 90 89 90 90 89 90 91 94 92 92 92 94 93 93 93 93 93 93 93 93 92 91 89 88 88 87 83 80 76 78 77 83 80 76 76 81 82 78 83 85 84 84 85 85 84 89 85 91 92 93 93 93 93 93 93 93 93 92 92 92 91 91 91 89 89 87 86 86 85 86 85 81 75 77 77 78 76 77 78 80 79 80 79 80 81 82 82
85 86 86 85 86 89 89 90 89 91 91 90 90 90 89 89 95 91 90 92 93 93 93 93 93 93 93 93 92 92 91 89 88 88 86 83 82 77 76 82 78 82 81 78 78 78 80 82 82 86 87 87 85 86 85 88 88 90 92 88 90 93 93 92 93 93 92 92 92 91 91 90 91 89 87 86 87 87 86 83 75 74 78 79 79 77 77 79 79 80 80 81 80 81 83 82
86 85 85 86 87 88 88 90 90 91 90 92 92 92 91 94 95 93 92 92 93 93 93 93 93 93 93 93 93 91 91 90 88 87 84 85 83 77 77 82 78 84 82 81 81 80 80 82 82 83 86 86 85 87 89 88 85 86 87 87 88 90 90 91 93 93 93 93 92 92 91 91 88 89 89 90 89 87 83 75 72 75 76 76 78 81 77 78 77 79 80 81 79 80 82 82
84 86 84 87 88 88 89 90 90 90 90 90 89 89 90 91 94 93 91 92 92 93 93 93 93 93 93 93 93 91 89 90 88 88 87 82 82 82 77 80 78 82 84 83 83 82 82 81 81 82 82 85 83 86 87 89 87 88 86 86 88 90 91 89 91 91 92 92 92 92 92 91 88 87 88 87 88 83 80 76 74 76 75 79 81 83 77 77 78 78 79 81 79 80 80 81
86 86 84 87 88 88 89 89 90 91 89 89 89 89 88 90 92 90 89 89 91 93 93 93 92 93 92 93 92 91 91 90 88 84 84 82 83 84 80 82 83 82 85 85 84 82 85 82 84 85 84 82 83 84 85 87 90 89 88 87 88 88 89 90 89 88 89 91 92 91 92 90 90 88 89 89 87 82 78 77 74 77 77 79 79 75 79 83 78 78 79 82 80 79 80 80
89 87 85 86 89 89 90 90 90 91 91 90 89 88 89 92 95 93 90 92 91 92 94 91 91 92 93 92 91 90 89 89 86 79 81 81 81 82 83 84 85 85 85 85 86 85 85 84 83 86 84 83 83 83 83 86 86 87 90 88 88 88 87 89 89 87 87 89 92 91 91 91 91 90 90 87 87 86 86 87 84 75 74 77 80 84 81 81 78 78 78 80 83 80 80 80
89 87 86 88 91 91 91 91 91 92 92 90 90 89 94 95 93 92 92 92 93 94 91 93 92 91 92 90 90 89 88 87 86 83 83 75 76 76 78 78 78 82 80 81 81 84 87 87 86 84 84 86 86 85 85 86 86 87 89 89 89 90 90 90 88 90 88 88 90 91 92 92 91 90 88 89 88 88 87 84 81 79 75 78 81 74 81 84 81 80 79 79 81 81 79 81
87 90 88 90 90 92 91 91 92 91 91 91 91 89 94 96 96 96 96 94 94 94 94 90 90 90 91 91 90 90 89 88 87 85 86 83 77 76 78 77 76 79 80 82 84 84 83 85 87 88 86 86 89 87 87 88 87 87 87 89 89 88 89 91 90 90 89 90 89 92 92 92 91 90 90 90 87 87 85 78 75 74 74 75 80 74 79 80 86 83 81 79 80 83 82 81
88 91 90 90 91 92 92 92 92 91 91 90 91 91 90 92 96 96 94 96 95 93 92 91 91 90 91 90 90 90 90 88 87 88 78 79 80 78 79 79 79 79 79 80 80 80 84 83 85 85 89 89 87 89 89 89 89 89 87 86 87 87 88 89 89 91 91 90 90 88 92 92 92 91 91 89 90 86 75 75 75 78 77 77 75 75 79 81 81 83 80 78 80 81 83 80
94 91 93 94 93 92 92 92 92 91 91 91 91 93 90 95 96 94 97 96 95 94 94 93 91 90 91 91 90 90 89 88 89 87 85 82 78 79 78 80 77 79 79 80 83 82 82 82 85 86 86 86 85 87 88 89 90 90 91 88 87 87 88 88 88 89 90 90 92 91 91 92 92 92 89 88 88 86 85 76 79 78 76 75 75 75 77 79 79 84 83 80 80 80 82 82
95 94 92 91 91 92 93 92 92 91 92 91 91 93 92 95 95 91 93 94 94 95 94 93 92 93 91 91 91 91 90 89 89 88 87 84 80 80 79 79 84 82 81 82 81 84 82 83 83 82 83 83 88 86 89 89 89 90 91 89 90 89 89 89 89 90 88 85 85 87 92 92 92 92 92 91 87 87 84 84 82 85 76 76 81 75 79 81 81 86 80 80 79 80 80 86
96 92 91 92 93 92 92 91 91 91 92 92 91 92 93 91 97 93 95 94 95 94 93 93 93 93 92 91 92 92 90 89 88 87 85 81 79 80 79 78 82 80 84 84 82 85 84 84 87 84 85 84 87 88 90 90 91 91 91 89 91 90 91 91 90 91 90 91 91 92 92 92 92 92 92 91 89 89 87 87 85 87 79 79 78 75 76 79 84 88 79 80 80 82 79 83
96 94 95 94 93 94 92 90 91 92 92 93 93 93 94 91 94 97 97 96 95 94 94 94 94 94 94 92 91 91 91 89 88 87 84 78 78 77 78 80 79 80 81 81 86 86 88 87 88 88 86 88 89 89 89 89 87 90 88 89 91 91 91 91 91 91 92 92 92 91 91 87 91 92 92 92 90 90 88 88 88 88 83 81 84 78 79 77 78 89 80 84 89 80 80 79
96 95 95 96 96 95 93 92 93 91 92 93 94 95 96 93 93 94 97 97 96 95 95 94 94 94 93 92 91 91 90 89 87 86 80 77 76 77 79 80 82 80 82 86 82 84 84 85 87 88 89 89 86 88 86 85 85 87 87 88 90 90 87 89 89 91 90 90 87 87 87 91 90 92 92 92 91 91 91 88 88 88 87 88 85 79 81 86 80 89 84 87 84 89 86 79
96 96 97 97 96 94 92 93 92 92 92 93 94 95 96 94 96 96 95 97 97 96 95 95 94 93 92 92 91 91 90 89 87 85 78 77 81 79 78 79 83 83 83 85 81 84 82 82 84 87 88 87 86 85 87 86 87 88 88 87 87 86 87 88 88 89 89 90 89 91 91 92 91 89 90 92 92 91 90 89 85 89 88 88 80 77 79 80 84 84 90 80 78 81 82 81
97 96 96 96 95 94 94 92 92 92 92 93 94 95 95 98 98 98 97 97 97 96 96 94 94 93 93 92 92 91 89 88 87 86 81 77 79 82 80 81 80 81 82 81 82 81 82 82 84 84 86 87 85 87 85 86 86 87 88 87 86 89 89 88 88 90 91 91 91 92 91 90 89 89 90 92 92 91 92 89 89 89 89 90 79 80 83 77 90 90 88 78 79 79 80 86
97 98 98 97 95 96 93 91 92 92 92 93 92 93 97 98 98 98 98 97 96 96 96 95 94 94 93 93 92 91 90 88 87 86 81 82 78 81 84 84 81 81 81 82 81 83 85 82 83 84 86 86 86 87 86 87 87 88 89 90 89 87 89 90 90 91 91 91 91 90 91 88 88 89 90 89 92 92 92 92 90 90 87 85 78 81 88 81 90 84 77 75 79 78 78 82
98 96 96 98 98 96 95 92 91 92 93 93 93 95 98 97 96 96 97 97 95 95 95 94 94 94 94 93 92 92 90 89 88 87 84 80 82 83 82 84 86 85 82 85 83 83 84 84 82 82 86 85 85 87 87 88 87 86 86 87 88 89 91 91 91 91 89 88 90 90 89 87 88 89 88 90 93 92 93 92 91 89 86 78 78 80 86 90 90 84 77 79 79 80 77 79
97 96 97 98 94 92 91 93 92 93 91 94 95 96 98 97 97 97 96 96 96 95 95 94 94 93 93 93 92 92 90 89 87 86 82 81 84 85 85 86 86 86 85 86 84 86 84 84 85 85 84 85 87 86 85 88 89 86 86 88 89 90 91 90 90 90 89 88 89 88 86 87 88 88 89 93 92 91 93 92 91 89 84 77 87 80 89 91 88 81 81 76 80 82 79 77
102 97 96 95 92 92 92 92 92 93 91 92 92 93 98 98 98 97 97 97 97 96 95 94 94 94 92 92 92 91 90 89 85 85 80 81 80 80 81 83 84 85 86 86 87 87 87 87 86 85 85 87 87 88 88 89 88 89 88 90 90 90 90 89 89 89 89 89 89 89 89 90 89 90 93 92 90 91 93 93 92 89 88 85 89 89 91 91 90 90 89 89 87 75 79 77
100 102 99 94 94 95 93 94 93 93 93 91 92 94 96 98 98 98 97 97 96 96 95 94 93 93 92 91 91 90 90 87 85 82 79 78 79 80 80 84 80 84 82 83 83 83 84 88 88 86 86 87 89 89 89 89 90 90 90 90 90 90 89 89 89 89 89 89 90 91 90 91 91 92 92 91 88 88 92 92 92 90 91 87 89 91 91 89 86 88 88 87 79 84 82 80
94 100 101 94 94 93 93 92 93 93 93 94 95 94 97 99 99 98 98 97 96 96 95 93 93 92 91 90 91 91 90 88 82 82 83 79 81 80 80 79 83 85 86 86 83 82 84 85 86 88 88 89 88 87 88 87 88 86 87 87 88 88 89 89 89 89 90 91 91 92 92 92 92 92 91 87 90 86 92 92 92 91 88 89 89 92 92 89 81 82 79 87 88 85 78 79
95 96 99 97 97 93 94 91 93 94 94 93 94 96 98 99 99 99 99 97 96 95 94 92 91 91 90 87 89 89 83 84 85 80 83 83 81 83 80 81 84 81 83 83 86 86 86 85 88 86 86 88 86 87 87 87 86 86 87 88 89 89 90 89 89 89 90 91 91 92 92 92 92 91 90 90 89 90 91 93 92 89 87 89 92 91 82 90 79 79 80 79 82 90 85 78
95 95 100 98 95 96 93 92 93 94 94 94 94 96 97 99 99 99 98 95 96 95 91 85 81 85 85 84 86 86 83 82 83 85 87 84 84 82 79 82 83 86 87 86 85 85 87 86 85 85 85 85 85 87 88 88 87 86 87 87 88 89 90 89 91 90 90 92 92 92 92 92 90 86 86 88 89 88 92 93 93 92 92 93 93 90 84 89 81 79 78 81 81 87 82 77
97 94 96 101 98 96 93 92 92 94 94 94 97 97 99 97 97 97 97 95 95 94 91 80 87 85 81 85 86 86 84 83 83 86 86 86 86 82 81 85 84 83 85 83 85 85 85 85 84 85 84 85 88 89 89 89 87 90 89 89 90 90 90 91 91 90 92 92 92 92 91 90 87 87 89 90 88 91 92 93 93 93 93 93 91 88 87 88 85 81 79 80 80 81 82 82
94 94 95 99 100 94 93 93 93 94 94 95 96 98 98 97 96 96 96 96 95 95 93 91 92 90 87 88 87 87 86 82 85 85 87 87 86 84 83 81 81 82 82 84 83 85 84 86 86 87 86 87 87 88 90 89 90 90 90 91 91 91 91 91 91 92 92 92 91 90 90 90 89 88 89 90 91 91 93 93 93 93 93 91 92 90 88 88 81 80 77 81 83 86 86 85
93 94 92 92 98 100 95 94 95 94 93 93 96 98 96 96 96 96 95 96 95 95 95 93 88 86 85 87 87 88 88 86 86 87 86 87 88 87 84 83 84 85 84 86 86 87 87 87 87 87 88 87 90 89 88 89 88 90 91 91 91 90 90 91 92 92 92 92 91 90 90 90 90 91 90 91 91 91 92 93 93 91 88 91 90 91 89 88 86 78 80 78 82 84 87 86
92 92 92 93 97 100 94 96 94 94 92 93 96 98 97 97 97 96 95 95 95 93 92 92 89 89 90 88 87 88 88 84 87 88 88 88 87 85 83 83 84 84 83 85 84 86 85 86 86 87 87 89 88 88 87 90 90 91 91 91 91 90 90 91 91 91 91 91 90 89 88 89 89 90 90 91 91 91 92 93 93 92 91 89 90 91 90 90 89 84 87 80 79 82 81 81
92 92 93 91 94 100 94 95 93 95 91 92 94 98 98 96 95 95 95 93 94 95 91 91 91 92 91 90 89 89 89 84 84 87 87 89 87 84 82 84 84 86 85 85 84 83 85 84 86 87 87 87 86 88 89 89 91 91 91 90 90 90 90 90 89 90 89 90 89 88 89 89 89 89 89 90 87 90 93 93 92 92 91 89 88 88 89 89 88 86 79 80 80 80 80 81
91 93 93 93 96 96 99 94 93 95 93 91 93 95 99 95 94 95 93 93 95 92 91 93 91 90 90 90 89 89 89 89 87 87 86 88 88 88 86 84 83 86 87 85 87 85 86 87 88 88 88 87 89 90 90 91 91 91 91 90 89 89 90 89 90 90 91 90 90 90 90 89 88 88 90 89 90 92 93 92 92 91 91 91 89 85 81 83 80 87 87 81 81 81 82 80
92 92 92 94 95 93 95 99 99 99 99 99 99 99 96 99 94 94 95 93 92 92 91 90 93 91 90 90 89 89 89 90 90 89 88 87 88 89 87 84 84 84 86 87 88 88 86 86 87 86 89 89 89 87 90 91 91 91 90 90 89 88 89 90 90 90 91 90 90 90 90 90 89 89 89 90 91 92 92 92 91 90 89 90 88 83 82 76 83 84 87 88 80 81 82 81
91 91 92 93 93 93 94 93 94 96 94 94 94 95 93 97 98 97 93 94 94 92 91 90 90 92 89 89 88 89 89 89 89 90 88 88 88 89 87 85 85 86 85 84 86 87 87 87 85 86 87 87 88 89 91 90 90 90 89 88 87 87 88 88 89 89 90 91 91 91 91 91 91 90 90 92 91 93 92 91 92 91 89 88 88 88 86 80 78 85 88 89 83 80 86 80
91 91 91 92 93 95 93 91 92 93 94 92 93 93 92 96 93 96 95 93 92 92 92 90 90 91 87 89 88 89 89 89 90 90 89 89 89 89 89 89 87 85 86 86 86 86 88 87 86 87 88 87 88 90 91 91 89 89 89 89 87 88 89 89 90 90 90 91 91 91 91 91 90 91 91 91 93 93 90 90 90 90 89 88 88 89 86 85 79 85 86 89 85 81 87 81
91 91 92 94 92 94 91 91 91 94 93 91 92 92 93 93 93 94 93 93 94 92 90 89 90 90 88 88 89 88 87 88 89 89 88 88 89 88 89 88 89 88 87 87 85 86 89 89 87 86 88 88 88 91 90 90 89 88 87 86 87 88 89 89 90 90 90 90 91 91 92 91 91 92 91 92 92 92 90 87 87 86 86 87 88 90 89 83 81 83 84 87 86 84 86 83
91 92 92 92 93 92 92 91 90 90 92 90 91 91 93 92 93 94 92 92 92 90 86 89 89 86 87 87 87 86 86 84 85 88 88 88 89 88 87 89 90 90 89 86 88 85 87 88 90 87 88 89 89 90 89 88 88 87 86 86 86 87 88 90 90 90 90 91 90 91 91 92 92 92 92 92 92 91 86 87 87 87 87 87 90 90 88 87 85 85 86 87 87 86 87 84
92 92 92 92 93 92 93 90 90 90 89 90 90 91 92 91 91 92 90 94 91 89 85 88 85 82 82 84 85 87 88 84 87 88 88 89 89 90 90 89 90 90 90 90 88 88 85 87 90 89 89 90 91 90 88 88 88 86 86 86 87 88 88 88 88 88 87 88 90 90 90 91 92 92 91 92 92 90 91 90 89 89 89 90 90 91 91 89 87 86 89 88 89 89 88 83
91 91 91 92 93 93 92 90 90 90 90 90 90 91 91 91 92 91 90 91 91 90 88 82 84 84 86 88 87 89 89 89 88 89 89 89 89 88 87 87 88 88 90 89 90 90 90 89 88 91 91 88 88 89 87 86 86 85 86 86 86 86 87 87 89 88 88 87 88 89 90 91 91 91 93 92 92 91 91 91 90 90 89 90 90 90 91 90 88 89 88 90 90 90 87 86
90 90 91 92 93 93 91 90 91 90 90 90 89 90 90 89 89 91 90 90 91 91 88 88 87 83 86 88 87 88 89 89 89 88 89 89 87 83 84 87 87 88 89 88 89 87 87 90 91 90 89 89 88 86 87 85 85 86 86 87 88 87 88 88 89 89 89 88 89 89 89 90 91 91 92 93 92 92 91 91 90 90 91 91 91 91 91 91 91 91 90 90 89 90 89 86
90 91 91 92 92 92 91 91 90 90 90 89 89 90 89 89 89 89 89 90 91 89 88 87 85 80 85 87 88 89 89 89 89 89 89 85 83 87 87 85 87 88 89 89 90 87 87 87 89 90 89 87 88 86 86 85 86 85 85 86 87 87 88 89 88 89 90 89 89 89 90 90 90 91 92 92 92 91 91 91 90 91 90 90 90 90 90 90 90 90 89 90 88 89 89 88
90 91 91 91 91 91 91 91 90 90 90 89 89 90 90 89 88 89 90 90 90 90 88 87 86 82 84 84 87 88 88 89 88 89 87 86 88 88 89 90 90 88 88 89 90 91 90 91 91 90 88 89 87 85 87 86 87 87 86 87 86 86 87 89 90 90 90 89 89 89 89 90 90 90 92 93 91 91 91 91 90 89 89 89 89 89 89 89 89 88 88 89 87 87 88 88
89 90 90 90 91 90 90 90 90 90 91 90 90 91 90 89 89 89 89 89 89 89 89 87 87 86 87 87 87 89 89 89 89 87 86 85 86 87 88 88 90 89 90 91 91 90 88 90 89 89 88 87 88 85 87 87 85 87 86 86 86 87 89 89 88 88 89 91 90 90 90 90 90 91 92 92 91 91 91 89 89 88 88 85 86 87 86 86 85 86 87 89 87 84 86 86
90 90 91 91 91 91 91 90 90 90 91 92 92 91 91 90 89 89 89 90 89 89 88 87 86 88 88 88 88 89 89 87 87 88 87 89 88 86 88 89 90 90 91 91 90 90 88 88 88 88 89 87 86 86 86 87 87 89 89 88 89 87 88 86 87 89 89 89 89 91 91 91 91 91 92 92 91 91 91 91 90 89 88 87 85 85 87 84 86 84 86 87 86 87 86 86
90 90 91 91 90 90 91 90 90 92 91 90 90 90 90 89 90 90 89 89 89 87 87 87 87 88 88 88 88 89 88 87 89 88 89 90 90 89 88 89 90 90 91 89 89 87 86 89 87 86 86 85 85 87 86 88 86 85 85 85 87 85 85 86 87 89 88 89 89 89 89 90 90 90 92 92 92 91 90 91 90 90 89 89 87 87 86 88 86 86 84 84 84 86 87 86
