Climate/data/grids_germany_multi_annual_air_temp_mean_1981-2010_10.asc
NCOLS 654
NROWS 866
XLLCORNER 3280414.711633467
YLLCORNER 5237500.62890625
CELLSIZE 1000
NODATA_VALUE -999
[rows 357 to 407 of 866, columns 96 to 191 of 654]
105 105 105 105 105 104 104 104 104 105 105 105 105 105 105 104 104 104 104 104 104 104 104 104 104 104 104 104 104 104 104 103 103 103 104 104 104 104 104 103 103 103 103 103 103 103 103 103 103 103 102 102 102 102 102 101 101 101 101 100 100 101 101 101 101 101 101 101 101 101 101 100 100 100 101 101 101 101 101 101 101 101 101 100 100 100 100 100 100 100 100 100 100 100 101 101
106 106 106 105 105 105 105 104 104 105 105 105 105 105 105 105 104 104 104 104 104 104 104 104 104 104 104 104 104 104 104 104 104 104 104 104 104 104 104 104 104 104 104 104 103 103 103 103 103 103 102 102 102 102 102 102 101 101 101 101 102 101 101 101 101 101 101 101 101 101 101 101 101 101 102 101 101 101 101 101 101 101 101 100 100 100 100 100 100 100 101 101 101 101 101 101
106 106 106 106 106 105 105 105 104 105 105 105 105 105 105 105 105 105 104 104 104 104 104 104 104 104 104 104 104 104 104 104 104 104 104 104 104 104 104 104 104 104 104 104 104 104 103 103 103 103 103 102 103 102 102 101 101 101 101 101 102 101 100 100 101 101 101 101 100 100 101 101 101 101 101 102 102 102 101 101 101 101 101 100 100 100 100 100 100 100 100 101 101 101 101 101
106 106 106 106 106 106 105 105 105 105 105 105 105 105 105 105 105 105 104 104 104 104 104 104 104 104 104 104 104 104 104 104 104 104 104 104 104 104 104 104 104 104 104 104 104 104 103 103 103 102 102 102 102 102 102 102 101 102 102 101 101 101 100 100 101 101 99 99 100 100 101 101 101 101 102 102 102 102 101 101 101 101 100 101 100 100 100 100 100 100 101 101 101 101 101 101
106 105 105 106 106 106 106 105 105 105 105 105 105 105 105 105 106 105 105 104 104 104 104 104 104 104 104 104 104 104 104 104 104 104 104 104 104 104 104 104 104 104 104 103 103 104 103 102 102 102 102 102 102 102 101 101 102 102 101 101 101 101 100 101 100 100 99 98 99 99 100 100 101 101 101 102 102 102 102 101 101 101 101 101 100 100 100 100 100 100 101 101 101 101 101 100
106 106 107 106 106 106 106 106 105 105 104 104 105 105 105 106 106 105 105 105 104 104 104 104 104 104 104 104 104 104 104 104 104 104 104 104 104 104 104 104 104 104 104 104 103 103 104 102 102 102 102 102 102 102 102 101 101 100 101 100 101 101 101 100 100 99 99 98 99 99 100 100 100 101 101 101 102 101 102 102 102 101 102 101 100 100 101 101 101 101 101 101 101 101 101 101
106 107 106 106 106 105 105 105 105 105 104 104 105 105 106 106 106 106 105 105 105 105 104 104 104 103 104 104 104 104 104 104 104 104 104 104 104 104 104 104 104 104 104 104 103 103 102 102 102 102 102 102 102 101 101 101 101 100 100 100 101 100 100 99 99 99 99 99 100 100 101 101 101 101 101 101 101 101 102 102 102 102 102 101 101 101 101 101 101 101 101 101 101 101 101 101
106 107 106 106 106 105 105 105 105 105 104 103 104 105 106 106 106 106 106 105 105 105 104 104 104 104 104 104 104 104 104 104 104 104 104 104 104 104 104 104 104 104 104 104 104 104 102 102 102 102 102 101 101 101 101 101 100 100 100 100 100 100 100 99 99 99 99 99 100 100 100 100 100 101 101 101 101 102 102 102 101 102 101 101 101 101 101 101 101 101 101 101 101 101 101 101
107 107 106 103 103 104 105 105 105 105 104 103 103 105 105 106 106 106 106 106 105 105 105 104 104 104 104 103 103 104 104 104 104 104 104 104 104 103 104 104 104 104 103 103 103 104 102 102 102 102 102 102 102 101 101 101 100 100 100 100 99 99 100 98 99 99 99 100 100 100 101 101 101 101 101 101 101 102 102 101 102 102 101 101 101 101 101 101 101 101 101 101 101 100 100 101
107 107 106 106 105 105 106 105 105 105 104 104 103 105 105 105 106 106 106 105 105 105 105 105 104 104 105 103 103 103 104 104 104 104 104 104 104 104 103 104 103 103 103 103 103 103 103 102 102 102 102 102 101 101 101 101 101 100 100 100 99 100 100 100 100 100 100 100 101 100 101 101 102 101 102 102 101 103 103 103 102 102 102 102 101 101 102 101 101 101 102 100 100 100 101 101
107 107 107 107 107 107 106 106 106 105 105 104 103 103 105 106 106 106 106 106 105 105 105 105 105 105 104 104 104 104 103 103 103 103 103 104 104 103 103 103 103 103 103 103 103 103 103 102 102 102 102 102 102 102 101 101 101 101 100 99 100 100 100 100 100 100 101 102 101 101 101 101 102 102 102 102 103 103 102 102 103 103 102 102 102 102 102 102 102 102 102 102 102 102 101 101
107 107 107 107 107 107 106 106 106 105 105 104 104 104 105 106 106 106 106 106 105 105 105 105 104 104 104 104 104 104 103 103 103 103 103 103 103 103 103 103 103 103 103 103 103 103 103 102 102 102 102 102 102 101 101 100 100 100 100 99 100 100 100 101 102 101 101 102 102 102 102 101 102 102 103 103 103 102 103 103 103 103 103 102 102 102 102 102 102 102 102 102 102 102 101 101
107 107 107 107 107 107 107 106 106 105 106 105 105 105 105 105 106 105 105 105 105 105 105 105 105 104 104 104 104 104 103 102 102 102 103 103 103 103 103 103 103 103 103 103 103 103 103 102 102 102 102 102 101 101 100 100 100 100 99 100 100 100 100 100 101 101 101 102 102 102 102 102 102 102 103 103 103 103 103 103 103 102 103 102 102 102 102 102 102 102 102 102 102 102 102 101
106 107 107 107 107 107 107 107 107 107 107 107 106 105 105 106 106 106 105 105 105 105 104 105 105 105 104 104 104 104 104 102 102 102 102 103 104 104 104 104 104 103 103 103 103 103 103 102 102 103 103 101 101 101 102 100 101 101 102 101 101 101 102 101 101 101 102 102 102 102 102 102 102 103 103 103 103 104 104 104 104 104 103 103 103 103 103 103 102 102 102 102 102 102 102 101
103 106 106 107 106 107 107 107 107 107 107 107 107 107 106 106 106 105 105 105 104 105 104 104 104 104 104 104 104 104 103 103 103 103 102 103 104 104 104 104 103 103 103 103 103 103 104 103 103 103 102 102 102 101 102 102 102 101 102 102 103 103 101 102 102 102 102 102 102 102 102 102 103 103 103 104 104 104 104 104 105 104 103 103 104 103 103 103 103 103 102 102 102 102 102 101
104 105 105 106 106 107 107 107 107 107 106 106 107 107 106 106 106 105 105 105 104 105 105 105 105 104 104 104 104 104 105 104 103 103 103 103 103 103 104 104 103 103 103 104 104 104 104 104 104 104 103 103 103 103 102 103 103 102 102 103 103 103 102 102 102 102 102 102 102 102 102 102 103 103 103 104 104 104 104 105 105 105 104 104 104 104 103 103 103 103 102 102 102 102 102 101
103 104 105 105 105 106 107 107 107 107 106 106 107 106 107 105 105 105 105 105 105 105 104 105 104 104 105 104 104 104 105 104 104 103 103 103 103 104 104 104 104 104 104 104 104 104 104 104 104 104 103 103 103 103 102 103 103 103 103 103 103 103 102 102 102 102 102 102 102 102 102 102 102 103 104 104 104 104 105 105 104 104 104 104 104 104 104 103 103 103 103 102 102 102 102 101
104 103 104 106 106 106 107 107 107 107 107 106 106 106 106 106 106 105 105 103 104 104 104 105 105 105 104 104 104 105 105 105 105 104 105 104 104 104 104 104 104 104 104 104 104 104 104 104 104 104 103 103 103 103 103 102 102 104 104 104 102 102 103 102 102 102 102 102 102 102 102 102 102 103 104 104 104 105 105 105 105 104 104 104 104 104 104 104 103 103 103 102 102 102 102 101
104 103 103 105 105 106 106 107 107 107 107 107 106 106 106 106 106 106 105 103 103 103 103 104 104 104 104 104 104 105 104 104 104 104 104 104 104 104 104 104 104 104 104 104 104 104 104 104 104 104 103 103 103 103 103 103 103 103 104 103 103 103 103 104 102 102 102 102 102 102 102 102 102 103 104 104 105 105 105 105 105 105 104 104 104 104 104 104 104 103 103 102 102 102 102 101
105 103 103 104 104 106 106 106 106 107 107 107 107 107 106 106 106 106 106 105 104 104 103 103 103 104 104 105 105 105 105 105 105 105 105 104 104 104 104 104 104 104 104 104 104 104 104 104 104 104 102 102 103 103 103 103 103 103 103 102 103 102 103 103 103 103 102 103 102 102 102 102 103 103 104 105 105 105 105 105 104 104 104 104 104 104 104 104 104 104 103 102 101 102 102 101
105 105 105 105 105 106 105 106 106 106 106 107 107 107 107 107 107 106 106 104 104 103 103 104 104 104 105 105 105 105 105 105 105 105 105 104 104 104 104 104 104 104 104 104 104 104 104 104 104 104 103 103 103 103 103 103 103 103 103 103 103 103 103 103 103 103 103 103 103 103 103 102 103 104 104 105 105 105 105 104 104 104 104 104 104 104 104 104 104 104 103 102 102 101 101 101
105 105 105 106 106 106 106 106 106 106 106 107 107 107 107 107 107 106 105 105 105 103 104 105 105 104 105 105 105 105 105 105 105 105 105 105 105 104 104 104 104 104 103 104 104 104 104 104 104 104 103 103 102 102 103 103 103 103 103 103 103 103 103 103 103 103 103 103 103 103 103 103 104 104 105 105 104 104 105 105 105 105 105 104 103 104 104 104 104 103 103 103 102 101 101 100
105 105 105 106 107 107 106 107 107 107 106 106 108 108 107 106 107 107 106 106 106 104 105 105 106 106 106 106 106 106 105 105 105 105 105 105 105 105 104 104 104 103 103 103 104 104 104 104 104 104 104 104 104 104 103 103 103 103 103 103 103 103 103 102 102 102 102 102 102 102 103 103 103 103 103 104 104 104 105 105 106 106 105 104 104 103 104 104 104 104 103 101 101 101 101 100
104 104 106 107 106 106 107 107 107 107 107 107 107 107 107 106 106 107 106 106 106 106 106 106 106 106 106 106 106 106 105 105 105 105 105 105 105 105 104 104 104 104 103 103 103 103 104 104 104 104 104 104 104 104 103 102 103 103 103 103 103 102 102 103 103 102 102 102 102 102 102 103 103 103 103 104 104 104 105 106 106 106 104 104 104 104 104 103 103 103 103 101 101 101 100 99
103 104 105 106 107 107 107 107 107 107 106 106 107 107 107 105 107 107 107 107 107 106 106 106 106 106 106 106 105 105 105 105 105 105 105 105 105 105 105 103 104 104 103 103 103 103 103 104 104 104 104 104 104 104 103 103 103 103 103 103 103 103 103 103 103 102 102 102 102 102 103 103 103 103 103 104 104 104 105 106 106 106 105 104 104 104 103 103 103 102 101 100 100 100 100 98
105 105 107 107 107 107 107 107 107 107 107 107 106 107 107 106 107 108 108 108 107 106 106 106 106 106 106 106 105 106 106 105 104 104 105 104 104 104 105 104 104 103 104 103 103 103 103 104 104 104 104 104 104 103 103 103 103 103 103 103 102 103 102 102 102 102 102 102 102 102 103 103 103 103 104 104 104 105 105 105 106 106 105 104 104 103 103 103 101 100 100 99 99 99 99 98
107 105 107 107 107 107 107 107 107 107 107 107 106 106 106 106 106 107 107 108 107 107 107 107 107 106 106 106 106 106 105 105 105 106 105 105 104 105 104 103 103 103 103 103 103 103 104 104 104 104 104 103 102 102 102 103 103 102 102 102 102 102 103 102 102 102 102 102 102 102 103 103 103 103 102 104 104 104 104 104 104 104 104 104 102 102 101 101 100 100 100 99 98 98 98 97
107 107 107 107 107 107 107 107 107 107 107 107 107 106 106 106 106 107 106 107 107 107 107 107 107 107 106 106 106 105 106 106 106 106 105 105 105 105 104 103 102 103 103 103 103 104 104 103 104 104 103 102 101 102 103 103 102 102 102 102 102 102 102 102 102 102 102 102 102 102 102 103 103 102 102 103 103 103 103 104 103 103 103 101 101 101 100 100 99 99 98 98 97 97 96 96
107 107 107 107 107 107 107 107 107 107 107 107 107 107 106 106 106 106 106 107 107 107 107 107 107 107 107 106 106 106 106 106 106 106 105 105 105 105 104 104 103 104 105 103 103 103 103 103 104 104 104 102 102 102 102 103 103 102 102 101 101 102 102 102 102 102 102 102 102 102 101 103 102 102 102 103 103 102 102 103 102 102 101 101 101 100 99 99 98 98 98 97 96 96 95 94
107 107 107 107 107 107 107 107 108 108 108 108 108 107 106 106 106 106 107 107 107 107 107 107 107 107 107 107 106 106 106 106 106 106 106 105 105 105 105 105 105 104 104 103 103 103 103 103 104 104 104 102 102 102 102 102 102 102 102 102 102 101 102 102 102 101 100 100 101 101 101 101 100 101 101 101 101 101 101 101 100 101 99 99 99 98 98 98 97 96 96 95 95 95 95 97
107 108 108 107 108 108 108 108 107 107 108 108 108 108 107 106 106 106 106 106 106 106 107 106 106 106 107 107 107 107 106 106 105 106 105 104 104 104 104 104 105 104 104 105 104 104 103 104 103 104 103 103 102 101 102 102 102 102 102 102 102 102 102 101 101 100 100 100 100 99 100 100 99 99 101 100 100 99 99 99 99 100 99 98 97 96 96 96 95 95 95 94 94 97 96 93
108 108 108 108 108 108 107 107 106 107 108 107 108 108 107 106 105 105 105 106 106 106 106 106 107 107 107 107 107 107 106 106 106 106 106 105 104 104 104 104 104 104 103 103 104 104 104 103 103 103 102 102 102 102 101 102 102 102 102 102 102 102 102 100 100 100 100 99 99 98 98 99 99 98 99 99 99 99 98 98 100 98 98 96 96 95 96 95 94 94 93 93 94 97 94 91
108 108 107 107 107 108 107 106 105 106 107 107 108 107 108 107 106 106 105 106 106 107 107 107 107 107 107 107 107 107 106 106 106 106 105 105 104 104 104 104 104 104 104 103 104 104 103 103 103 103 102 102 102 102 101 101 101 102 102 101 101 101 100 100 99 99 99 98 98 98 98 99 98 99 98 98 98 98 97 99 97 98 95 95 95 95 94 94 93 93 93 92 96 96 94 90
109 109 108 107 105 106 105 105 105 105 107 108 108 108 108 107 107 107 107 107 106 107 107 107 107 107 107 107 107 107 107 105 105 105 105 104 103 104 104 104 104 103 103 102 103 103 103 102 102 101 101 101 101 101 101 101 101 100 101 100 100 99 98 98 98 98 98 98 97 97 97 96 96 97 96 96 96 96 97 96 95 96 95 94 93 95 93 93 92 92 91 94 96 95 91 89
110 109 108 106 106 105 105 106 106 107 107 107 107 107 108 107 107 107 107 107 108 108 107 107 107 107 107 107 106 106 106 104 104 104 104 103 103 102 102 102 102 102 102 101 101 101 101 100 100 100 100 100 100 100 100 100 99 99 99 98 98 97 98 97 97 97 97 96 96 97 96 95 96 95 96 95 95 95 96 95 95 94 95 93 93 93 92 91 94 95 96 93 93 96 93 92
107 107 106 106 106 106 105 105 106 106 106 107 108 107 108 107 107 107 107 107 107 107 107 106 106 106 106 105 105 105 104 103 103 103 102 102 102 101 101 101 100 101 100 100 100 100 100 99 99 99 98 98 99 99 99 99 99 98 97 97 96 97 96 96 96 96 95 96 96 95 95 94 95 95 95 94 95 95 95 95 94 93 92 92 92 91 91 92 91 93 94 92 91 92 92 94
108 107 107 106 106 107 105 105 106 106 107 107 107 107 108 107 107 107 107 107 107 106 106 105 105 104 104 104 104 105 104 102 103 101 102 100 102 99 100 100 99 99 98 99 98 98 97 97 97 97 97 97 98 98 97 98 97 96 96 96 95 95 95 95 95 94 94 95 94 94 93 94 93 93 94 95 93 93 94 93 93 92 92 91 91 90 91 90 92 93 92 95 92 91 90 90
110 108 107 106 106 105 106 105 106 106 107 107 106 106 107 107 106 106 106 105 106 105 105 105 103 103 103 104 104 104 104 101 102 100 100 99 101 99 97 97 98 98 97 97 98 96 96 97 96 96 95 95 96 97 96 96 95 94 94 94 94 94 94 93 94 93 94 93 93 92 92 92 92 94 92 92 92 92 91 91 91 91 90 90 90 90 90 90 90 90 91 94 92 90 90 89
109 107 107 106 107 107 106 105 106 107 107 107 107 106 106 107 106 105 106 105 105 106 106 105 104 105 104 104 104 104 103 102 101 99 100 99 100 98 98 99 100 100 98 98 97 98 100 100 98 96 97 96 96 95 94 94 93 94 94 93 91 93 91 91 91 91 92 92 92 93 93 92 91 91 91 92 91 91 92 91 92 90 90 90 90 89 89 89 88 89 92 91 94 90 90 88
108 108 107 107 107 107 107 105 106 107 107 106 105 105 107 107 107 107 107 106 106 106 104 105 104 103 103 103 102 101 101 101 101 101 102 99 99 98 98 96 99 100 99 100 100 100 100 96 99 96 96 96 94 97 96 96 95 97 95 93 93 94 93 93 94 93 93 92 94 93 92 92 92 92 93 92 93 92 91 91 90 90 90 89 89 90 91 89 88 89 88 90 90 93 89 91
108 108 106 106 108 108 108 106 106 106 105 104 105 105 107 106 106 107 106 106 106 105 104 104 103 102 101 101 102 102 103 103 103 102 101 101 99 98 100 99 101 101 101 100 99 98 96 95 98 97 94 94 93 95 96 95 96 94 94 94 94 94 94 94 94 94 93 94 93 94 92 92 94 94 94 94 94 95 95 93 94 92 91 91 90 92 92 90 89 88 87 87 89 91 89 92
107 108 107 107 107 106 106 105 105 105 104 105 106 106 106 106 106 107 105 105 105 104 103 101 101 102 102 103 103 104 105 104 104 104 103 102 102 102 102 101 101 101 101 99 98 98 98 96 98 97 93 93 94 96 95 92 92 94 94 94 93 93 91 91 92 91 94 94 94 93 93 92 89 92 90 90 90 93 91 91 92 92 92 92 91 91 90 91 90 88 89 86 87 88 91 89
106 106 106 107 107 105 106 104 105 103 105 106 107 106 106 105 105 105 104 104 103 102 100 102 103 103 103 104 104 105 104 102 102 103 103 102 102 102 101 101 100 100 98 97 98 97 97 95 97 97 98 94 96 95 96 93 93 92 94 94 94 94 94 93 90 91 91 92 93 91 91 91 90 90 90 88 89 91 91 89 90 91 87 87 88 86 89 86 88 89 86 86 86 89 88 89
105 105 105 106 108 106 107 105 106 105 106 106 106 106 104 103 104 103 102 102 102 104 103 103 104 104 104 105 105 105 103 102 102 102 100 101 101 102 101 100 97 97 94 96 97 96 96 95 95 96 98 96 96 94 93 93 93 92 93 92 93 92 91 92 93 89 89 89 89 88 90 89 88 87 89 89 90 90 91 89 88 89 90 90 88 86 88 87 86 85 89 85 87 87 88 87
105 107 106 108 108 106 107 106 106 106 104 103 104 104 102 103 103 102 101 103 104 105 103 104 105 105 105 105 104 103 103 102 102 101 101 101 101 101 100 100 99 94 95 94 97 95 94 94 95 95 96 95 94 93 93 93 90 90 93 93 90 93 89 88 91 91 92 92 92 91 90 91 88 87 86 89 89 89 89 88 86 86 88 87 89 89 89 86 87 85 87 89 84 87 84 88
104 104 108 107 107 107 106 107 104 104 102 101 100 101 101 101 99 101 102 100 102 104 104 105 105 103 103 102 102 102 102 102 102 101 101 100 101 100 100 99 97 98 98 95 96 94 94 94 92 93 95 97 97 96 95 92 90 91 93 92 89 90 91 91 92 90 89 89 88 88 87 89 88 88 88 86 89 88 89 89 86 87 84 86 88 85 86 87 89 85 85 86 88 87 88 86
107 107 107 106 106 104 103 106 104 103 103 99 99 100 103 102 99 100 101 102 101 104 105 105 105 103 102 100 100 102 102 102 101 101 101 100 98 100 97 98 100 98 97 95 97 97 96 94 93 94 96 95 95 97 96 95 95 94 95 93 91 91 89 89 87 90 87 86 85 85 86 86 88 85 86 84 88 86 88 86 87 86 87 84 86 88 86 85 84 84 85 86 87 88 85 84
109 107 105 101 103 103 103 104 106 100 101 100 100 103 104 98 105 105 106 105 105 105 105 105 104 103 103 104 101 102 101 101 102 101 98 98 97 96 98 99 98 100 98 96 98 95 96 93 94 95 94 95 95 97 95 96 96 96 91 92 89 90 87 87 87 88 88 88 87 84 85 85 86 87 85 85 86 86 89 83 84 84 86 83 84 86 83 85 84 85 85 85 84 87 87 84
107 106 103 103 101 103 103 103 106 100 99 102 100 100 103 105 104 105 105 104 104 105 104 104 103 101 99 102 101 102 100 99 101 97 98 97 95 96 98 99 96 98 100 97 95 94 93 92 92 91 93 91 95 96 93 95 95 97 95 91 91 86 86 85 86 85 86 85 85 84 84 85 85 84 85 85 85 86 84 85 81 81 84 82 83 82 82 84 83 84 83 83 85 87 88 86
102 105 105 103 101 102 103 106 106 104 103 102 107 107 105 106 104 104 106 105 103 103 100 100 101 102 100 100 97 100 99 98 99 99 98 96 95 96 96 98 94 97 100 97 94 93 90 90 92 90 89 88 91 96 93 91 90 94 94 94 92 87 87 90 90 90 89 85 85 81 82 83 85 82 81 83 83 81 82 79 82 82 81 82 82 82 83 84 84 83 83 85 87 87 88 86
102 103 106 101 102 105 102 102 103 105 106 104 107 104 106 106 104 103 104 105 105 102 102 103 101 101 99 98 97 99 98 98 98 98 95 93 94 98 96 93 93 93 96 94 93 89 94 91 88 90 87 89 87 91 93 90 90 91 95 93 94 94 90 93 93 94 91 88 86 88 85 82 80 79 81 79 81 77 79 82 81 80 79 82 83 84 80 80 82 82 85 87 84 85 87 86
