Climate/data/grids_germany_multi_annual_air_temp_mean_1981-2010_14.asc
NCOLS 654
NROWS 866
XLLCORNER 3280414.711633467
YLLCORNER 5237500.62890625
CELLSIZE 1000
NODATA_VALUE -999
[rows 533 to 573 of 866, columns 376 to 469 of 654]
173 171 172 172 171 163 164 167 172 172 173 164 166 172 168 169 159 152 160 155 151 155 155 159 157 155 154 151 154 151 151 150 149 151 152 149 150 154 154 155 154 151 154 154 155 156 153 157 155 157 157 159 159 159 160 156 155 155 156 155 155 154 154 154 154 153 153 153 152 151 -999 -999 -999 -999 -999 -999 -999 -999 153 155 156 157 -999 -999 -999 -999 -999 -999 -999 -999 -999 -999 -999 -999
173 167 165 171 164 165 163 167 169 173 173 167 169 165 165 169 167 161 158 151 153 157 156 156 153 153 149 152 156 157 150 150 149 148 150 151 153 154 155 155 154 151 155 155 156 156 156 157 157 157 157 158 158 160 160 156 156 153 154 154 154 153 154 153 150 153 154 153 152 150 -999 -999 -999 -999 -999 -999 -999 -999 151 153 155 -999 -999 -999 -999 -999 -999 -999 -999 -999 -999 -999 -999 -999
170 172 169 165 162 165 164 164 170 172 172 173 171 167 164 165 169 165 161 158 157 158 159 157 153 155 154 156 156 152 152 152 148 147 148 151 152 153 154 154 153 152 155 155 156 157 158 158 158 157 158 159 159 158 159 158 158 154 154 154 151 151 151 148 149 153 153 152 152 150 150 -999 -999 -999 -999 -999 -999 -999 148 151 150 -999 -999 -999 -999 -999 -999 -999 -999 -999 -999 -999 -999 -999
172 173 168 165 166 165 168 167 174 165 167 168 171 167 164 163 165 167 166 165 157 160 158 155 157 156 154 160 152 151 156 149 151 149 150 150 151 153 153 153 154 153 154 154 155 158 157 156 158 158 158 157 157 157 158 157 156 156 153 153 151 151 150 151 152 152 150 150 151 152 153 -999 -999 -999 -999 -999 -999 144 146 148 152 155 -999 -999 -999 -999 -999 -999 -999 -999 -999 -999 -999 -999
172 174 171 171 170 171 173 174 174 164 169 164 164 167 166 164 164 165 167 166 162 161 154 157 158 164 155 161 157 150 152 152 153 151 150 152 153 150 153 153 156 156 156 156 157 156 158 156 157 157 157 159 156 157 158 158 156 152 150 151 148 150 153 152 150 150 154 153 153 151 151 149 -999 -999 -999 -999 -999 -999 149 153 157 -999 -999 -999 -999 -999 -999 -999 -999 -999 -999 -999 -999 -999
174 174 172 171 172 172 173 173 172 172 171 167 165 169 168 163 162 165 166 167 168 156 159 160 162 166 160 160 157 155 155 155 153 154 152 151 152 152 155 155 153 155 156 158 157 156 157 156 156 155 157 156 154 156 155 158 154 151 145 145 148 151 153 153 152 154 154 155 155 154 153 149 -999 -999 -999 -999 -999 -999 -999 156 157 -999 -999 -999 -999 -999 -999 -999 -999 -999 -999 -999 -999 -999
174 174 169 171 174 174 173 170 170 164 164 169 163 163 164 169 162 163 165 167 169 163 162 164 163 155 160 163 157 158 155 152 154 156 153 152 151 152 153 153 153 154 155 156 156 156 157 153 155 156 152 152 150 151 150 156 156 148 147 146 152 153 154 155 155 155 155 155 156 154 154 154 153 -999 -999 -999 -999 -999 -999 -999 -999 -999 -999 -999 -999 -999 -999 -999 -999 -999 -999 -999 -999 -999
175 174 174 174 172 172 171 170 170 168 163 166 164 167 160 164 165 162 164 166 168 171 161 156 156 155 159 156 156 155 156 155 154 156 153 151 152 151 151 152 154 154 155 157 156 157 155 155 154 153 151 148 150 151 153 154 156 153 150 150 154 155 155 154 155 156 156 154 154 154 154 154 152 -999 -999 -999 -999 -999 -999 -999 -999 -999 -999 -999 -999 -999 -999 -999 -999 -999 -999 -999 -999 -999
175 174 174 172 168 169 171 168 169 166 165 168 161 162 164 166 164 168 163 164 166 170 170 167 156 156 159 156 152 158 158 158 156 156 155 154 153 154 153 152 154 154 152 153 155 156 154 159 149 146 146 144 150 152 154 156 155 155 155 155 153 154 156 157 158 155 156 155 155 154 154 154 -999 -999 -999 -999 -999 -999 -999 -999 -999 -999 -999 -999 -999 -999 -999 -999 -999 -999 -999 -999 -999 -999
174 172 172 165 167 168 169 167 166 161 165 163 165 161 162 165 168 166 165 163 162 165 171 168 165 159 161 157 156 157 158 159 157 156 153 155 154 153 152 152 151 154 154 155 155 155 153 147 143 138 143 147 151 153 153 153 153 155 156 155 154 154 157 157 156 158 156 155 155 155 154 154 -999 -999 -999 -999 -999 -999 -999 -999 -999 -999 -999 -999 -999 -999 -999 -999 -999 -999 -999 -999 -999 -999
174 172 171 168 165 166 166 168 168 167 163 168 170 166 165 166 164 163 167 163 162 162 168 169 167 158 163 158 156 158 159 160 156 154 155 153 152 156 153 154 151 152 154 155 154 153 148 142 142 142 142 147 152 150 153 155 156 157 156 157 156 157 157 157 158 158 158 158 157 158 158 155 155 -999 -999 -999 -999 -999 -999 -999 -999 -999 -999 -999 -999 -999 -999 -999 -999 -999 -999 -999 -999 -999
170 174 173 171 171 170 171 169 169 169 168 168 171 166 163 165 170 169 162 161 165 162 165 170 170 168 158 160 156 158 161 157 154 157 157 153 153 155 156 153 154 154 154 152 148 152 149 142 140 143 145 147 149 153 154 157 157 157 158 157 157 158 156 158 158 157 156 159 159 159 159 156 156 -999 -999 -999 -999 -999 -999 -999 -999 -999 -999 -999 -999 -999 -999 -999 -999 -999 -999 -999 -999 -999
171 172 173 173 172 171 172 172 172 168 167 170 170 168 165 165 168 171 166 163 162 163 163 163 168 170 168 163 157 160 158 158 157 156 155 153 149 155 158 156 155 155 154 154 150 150 145 141 145 144 150 151 153 154 155 156 158 156 157 157 157 158 157 156 157 157 158 156 157 156 160 161 157 -999 -999 -999 -999 -999 -999 -999 -999 -999 -999 -999 -999 -999 -999 -999 -999 -999 -999 -999 -999 -999
169 171 167 170 173 173 172 170 173 169 172 169 169 171 167 167 170 172 172 168 165 164 165 172 165 168 170 169 165 159 161 160 157 159 158 154 153 156 157 154 155 156 155 154 149 147 142 147 149 151 151 152 152 153 151 155 156 156 157 157 158 156 153 153 156 155 157 157 156 157 157 164 158 161 -999 -999 -999 -999 -999 -999 -999 -999 -999 -999 -999 -999 -999 -999 -999 -999 -999 -999 -999 -999
168 171 172 173 172 172 173 173 173 173 174 172 170 172 170 169 168 170 173 173 172 172 172 172 164 166 168 170 169 167 165 159 163 158 159 156 156 158 159 157 157 156 153 151 146 143 148 149 151 152 152 151 152 152 152 154 155 155 156 156 157 156 155 155 155 154 156 155 155 156 156 151 156 158 159 -999 -999 -999 -999 -999 -999 -999 -999 -999 -999 -999 -999 -999 -999 -999 -999 -999 -999 -999
170 170 168 171 172 171 172 171 170 171 174 174 172 173 172 172 172 173 173 170 166 164 162 171 165 165 166 169 169 169 164 160 157 163 159 155 157 158 159 159 158 154 151 151 149 148 149 150 152 152 151 153 152 153 153 154 154 155 156 155 156 155 156 153 153 154 155 156 156 157 157 155 157 160 161 162 162 -999 -999 -999 -999 -999 -999 -999 -999 -999 -999 -999 -999 -999 -999 -999 -999 -999
166 162 159 165 171 170 165 166 168 170 169 172 174 173 173 173 173 172 171 172 171 162 163 168 172 164 166 167 169 168 167 159 159 157 159 156 157 159 159 160 153 149 147 147 149 147 149 150 150 149 151 151 152 151 152 155 153 155 155 155 155 152 153 153 153 155 156 157 158 159 158 157 157 159 163 161 161 159 -999 -999 -999 -999 -999 -999 -999 -999 -999 -999 -999 -999 -999 -999 -999 -999
161 162 165 166 172 170 167 164 164 169 172 173 170 170 171 173 173 173 172 170 167 166 161 164 169 171 169 166 168 168 167 160 157 160 158 157 157 157 159 156 155 148 143 143 142 143 145 145 148 145 147 150 150 152 152 153 156 156 154 154 153 153 152 155 154 155 155 156 156 158 160 158 159 163 161 160 159 160 -999 -999 -999 -999 -999 -999 -999 -999 -999 -999 -999 -999 -999 -999 -999 -999
167 163 166 168 170 168 164 165 167 168 169 172 169 171 169 173 172 173 173 172 170 168 160 160 163 167 171 168 170 169 168 159 159 161 159 159 157 159 156 157 155 150 147 145 139 141 140 143 141 140 146 149 150 149 150 153 152 155 153 155 154 153 154 156 154 154 154 155 158 160 160 162 163 162 160 156 157 157 -999 -999 -999 -999 -999 -999 -999 -999 -999 -999 -999 -999 -999 -999 -999 -999
164 166 165 170 164 168 166 165 164 166 170 168 169 170 171 171 171 173 173 172 169 169 160 162 160 163 171 167 171 168 169 166 159 155 159 158 159 160 156 153 149 147 149 152 149 148 143 134 132 144 146 149 150 149 151 153 153 153 151 155 156 157 156 154 156 156 157 159 159 159 159 160 160 154 156 157 157 157 155 157 159 -999 -999 -999 -999 -999 -999 -999 -999 -999 -999 -999 -999 -999
163 161 169 164 163 162 161 159 159 168 168 168 168 168 169 168 170 171 172 172 172 170 163 170 170 168 171 163 168 170 168 168 161 158 160 159 164 158 154 150 151 154 150 147 148 149 145 133 129 142 148 148 150 151 152 152 152 150 152 156 156 156 154 157 158 155 159 159 160 161 161 157 156 158 158 158 157 156 154 157 157 160 -999 -999 -999 -999 -999 -999 -999 -999 -999 -999 -999 -999
165 161 164 162 163 166 162 162 161 162 167 167 168 169 170 170 170 172 170 172 170 170 169 166 171 171 163 163 162 167 170 169 167 167 165 165 158 160 160 157 148 143 145 146 141 138 145 141 136 139 146 146 150 154 153 152 151 153 157 157 158 158 156 158 159 159 159 161 160 161 161 160 159 160 159 159 158 157 154 159 160 160 161 162 -999 -999 -999 -999 -999 -999 -999 -999 -999 -999
163 168 163 169 162 163 163 161 162 160 160 165 169 169 169 171 170 170 169 172 171 170 168 168 162 171 165 161 161 164 168 169 169 168 167 160 157 152 153 148 144 142 145 142 132 132 139 144 141 133 141 147 149 155 154 151 154 155 157 154 156 158 158 156 158 160 160 160 162 161 160 157 157 158 157 157 156 156 156 159 158 162 161 161 -999 -999 -999 -999 -999 -999 -999 -999 -999 -999
162 164 167 162 162 162 163 163 162 162 161 165 169 165 169 170 167 166 170 171 172 171 170 168 170 170 171 170 168 162 164 168 169 168 166 160 161 161 153 147 146 143 146 143 139 135 138 138 143 140 139 150 154 156 156 156 158 156 154 155 156 155 156 156 158 160 159 160 155 157 157 155 157 157 156 155 157 158 154 159 162 163 160 159 160 162 -999 -999 -999 -999 -999 -999 -999 -999
164 166 164 163 162 163 163 162 163 162 162 164 164 162 168 168 166 169 172 172 172 171 170 169 169 170 169 170 169 166 164 165 168 168 167 163 163 158 153 146 143 145 146 149 145 143 140 145 145 144 140 146 154 155 157 156 153 153 152 154 154 152 154 157 159 159 160 160 155 154 154 152 157 158 158 158 158 159 160 160 163 163 160 158 158 160 162 163 159 155 -999 -999 -999 -999
163 166 162 162 162 163 162 163 163 163 162 162 162 165 169 167 170 170 172 170 170 172 172 171 170 168 169 169 170 165 162 165 166 167 167 165 158 157 151 145 141 145 152 146 147 147 146 145 145 149 148 148 152 151 154 153 151 145 142 152 155 152 156 160 159 157 157 159 155 153 153 155 157 158 158 160 159 157 160 162 163 163 160 158 158 161 160 161 161 159 -999 -999 -999 -999
163 164 164 163 163 163 164 163 164 163 163 162 161 165 160 165 166 169 170 167 170 169 171 171 170 168 168 166 169 170 167 162 165 166 166 165 161 159 148 144 140 144 153 155 149 145 147 150 151 150 151 150 147 144 149 150 155 143 144 152 150 153 151 159 161 158 154 153 156 151 156 157 156 157 159 161 160 158 160 162 163 161 160 158 158 159 160 160 162 161 159 155 154 153
163 164 164 164 164 163 163 163 164 163 162 162 161 163 160 160 164 165 165 165 168 170 170 172 169 164 166 167 167 169 168 161 162 165 165 165 161 152 146 145 138 149 154 149 145 144 148 151 152 152 151 152 153 151 152 149 143 140 148 152 152 155 158 159 158 158 156 157 156 158 158 158 157 157 157 161 160 161 161 162 163 160 160 159 157 159 158 159 160 159 158 157 155 151
163 163 165 165 165 164 164 164 163 162 162 161 160 161 160 162 159 166 166 169 170 168 169 172 172 170 165 166 166 168 170 166 161 162 163 162 160 152 149 143 140 153 147 148 140 144 149 152 153 152 152 153 155 154 150 150 149 146 150 152 157 158 159 158 155 156 156 155 156 159 158 159 158 157 156 161 161 161 162 160 159 159 159 159 157 154 158 157 159 157 158 157 152 147
164 164 165 165 166 165 166 164 164 162 162 160 159 161 162 159 160 165 169 169 167 166 166 169 172 170 169 168 165 168 169 169 166 168 161 161 161 159 156 158 147 153 146 141 142 141 145 147 151 153 155 153 154 156 154 152 152 150 150 151 156 157 159 157 153 156 151 151 155 157 152 158 160 156 160 160 161 162 162 161 161 159 157 156 158 157 152 158 156 152 156 156 148 -999
165 164 165 166 167 166 165 165 167 163 159 160 161 163 162 162 161 163 165 169 166 170 169 170 170 172 170 169 165 169 169 168 164 159 165 164 165 163 162 158 154 161 145 141 141 143 142 141 148 151 155 155 154 158 155 153 152 154 152 153 156 157 157 156 155 154 152 151 152 153 152 157 161 159 161 161 161 161 163 160 160 160 160 159 158 157 149 155 152 148 153 150 150 -999
165 165 165 166 168 166 166 165 167 163 160 161 160 163 164 161 159 158 164 166 168 170 167 167 170 170 171 171 170 170 169 169 168 166 164 161 161 164 163 160 155 159 153 150 145 151 146 147 141 144 154 157 157 155 158 156 152 155 154 156 155 156 157 152 153 150 150 148 151 154 159 160 161 161 161 161 161 161 161 157 158 158 158 158 156 156 152 150 155 149 149 151 150 148
165 166 166 166 166 167 166 168 166 164 161 161 161 166 161 165 162 162 165 165 165 166 165 166 168 168 170 172 171 170 170 170 165 163 163 159 160 164 164 164 162 156 153 146 144 143 152 151 146 147 151 155 155 156 157 155 155 156 157 155 154 157 155 151 148 148 147 150 156 159 159 160 161 161 161 161 161 160 161 162 160 158 159 159 158 157 155 154 155 154 154 153 149 151
167 166 165 166 167 168 168 168 165 164 162 163 163 166 161 166 162 163 165 165 166 166 165 165 166 168 171 171 171 171 170 171 168 164 161 157 159 164 161 163 162 163 160 157 154 149 148 155 154 156 156 153 157 157 158 158 158 159 159 155 153 155 153 149 145 146 149 152 154 158 161 161 161 162 161 163 162 161 161 161 161 161 162 160 160 159 158 157 158 159 158 156 155 154
167 166 165 166 168 168 169 168 167 165 163 163 163 164 169 162 164 162 164 166 165 166 168 169 168 171 170 171 171 170 168 169 170 167 163 158 161 159 163 159 160 158 158 159 160 158 154 158 154 159 157 154 155 155 155 158 161 160 158 157 152 151 148 141 141 151 151 154 158 159 159 161 162 163 162 163 163 163 161 161 160 160 161 161 161 160 159 159 159 159 158 157 156 157
166 168 166 168 167 168 168 169 168 168 164 168 165 165 167 168 168 167 167 166 166 166 167 168 170 169 168 171 171 170 168 167 169 168 168 162 162 160 159 161 158 159 160 160 161 160 160 158 159 160 160 158 151 154 155 157 160 157 158 152 149 145 140 141 146 148 155 157 156 160 160 162 163 162 163 163 163 163 163 162 161 161 162 160 160 160 161 161 160 160 159 159 159 156
166 166 167 166 167 167 169 169 169 169 165 169 163 168 170 169 165 164 161 165 165 164 167 167 170 168 167 170 170 164 167 167 165 168 169 167 164 163 162 160 157 160 159 161 161 161 162 161 160 160 160 162 161 156 158 155 158 161 156 153 150 141 142 137 155 157 158 157 158 161 162 162 163 163 163 163 164 163 164 163 163 163 163 161 158 160 160 161 160 159 159 158 156 157
166 166 167 168 167 167 169 168 169 169 168 166 162 166 170 168 165 166 168 167 167 166 165 167 167 168 167 167 167 169 169 168 168 161 165 168 167 168 163 163 162 160 159 161 162 162 162 163 162 162 162 162 162 162 161 156 156 160 155 152 148 144 142 147 155 156 157 161 160 160 162 163 163 163 164 163 163 164 164 165 164 164 163 161 162 163 161 160 159 159 156 156 155 156
164 166 167 168 166 166 168 168 169 169 170 169 165 163 168 168 168 162 167 167 166 165 162 166 168 167 167 165 167 167 169 167 167 165 165 170 167 167 165 166 164 161 161 162 162 163 162 163 162 162 163 163 164 163 162 152 153 161 159 157 151 148 145 155 159 159 160 162 162 162 163 163 163 163 164 164 164 164 163 164 164 164 163 162 163 162 161 160 159 158 156 152 154 152
165 165 166 168 166 166 166 168 168 168 170 170 170 170 164 162 163 162 163 166 164 163 165 166 167 165 164 164 162 164 165 167 166 165 166 169 166 167 166 167 165 164 163 163 165 163 164 162 162 161 163 163 163 163 161 159 153 157 161 161 156 151 150 154 159 162 162 162 163 162 163 163 163 162 163 163 164 163 164 164 162 162 163 163 163 162 161 159 158 156 154 152 148 149
165 165 166 168 166 166 166 166 166 168 168 170 170 169 165 163 168 166 163 165 166 160 163 166 165 161 162 163 163 163 165 166 166 164 167 168 167 167 166 167 163 165 164 164 164 164 164 163 163 163 163 165 164 162 161 159 152 152 155 163 158 153 154 155 159 163 163 162 162 164 158 163 163 162 164 164 164 164 164 165 164 163 163 163 163 163 161 159 158 155 153 146 147 149
