Climate/data/grids_germany_multi_annual_precipitation_1981-2010_10.asc
NCOLS 654
NROWS 866
XLLCORNER 3280414.711633467
YLLCORNER 5237500.62890625
CELLSIZE 1000
NODATA_VALUE -999
[rows 153 to 203 of 866, columns 192 to 287 of 654]
81 81 82 81 82 82 81 81 81 82 83 82 82 82 82 82 81 81 80 80 79 79 80 81 81 81 81 82 82 81 81 83 83 83 84 84 85 85 83 83 84 82 81 80 80 78 78 77 77 76 76 75 75 75 74 74 74 74 73 73 -999 -999 73 -999 74 74 73 73 73 72 72 72 71 71 71 70 70 70 70 71 70 70 70 71 72 72 71 71 72 72 71 72 72 71 71 71
80 80 81 81 81 81 81 80 81 81 81 82 83 83 83 84 84 84 82 81 81 80 80 81 81 82 81 82 81 81 81 82 83 84 85 82 82 82 82 82 82 81 81 79 78 78 77 77 77 76 76 76 75 75 74 74 74 74 74 74 -999 -999 74 -999 73 73 73 73 72 71 72 70 71 70 71 70 70 70 71 70 70 69 69 71 71 71 71 70 70 70 70 70 70 70 70 70
80 79 81 81 81 81 81 82 81 81 81 84 84 85 85 86 87 86 85 83 83 82 81 80 81 82 81 80 80 80 81 80 82 83 84 82 80 81 81 80 79 79 79 79 78 78 77 77 76 76 76 75 75 75 74 74 74 74 74 73 73 -999 -999 73 73 73 72 71 71 71 71 70 71 70 71 70 70 69 70 69 68 68 69 69 69 69 70 69 69 69 69 69 69 69 70 70
79 80 79 80 81 81 82 82 82 82 83 84 83 85 85 88 88 87 86 84 83 83 82 81 81 81 81 80 80 81 80 80 80 82 82 81 79 80 80 79 79 79 79 78 78 78 77 76 76 76 75 75 75 75 74 73 74 74 74 73 73 -999 -999 73 73 73 72 71 71 71 70 71 71 71 69 69 69 70 70 69 68 68 68 69 69 69 69 69 69 69 69 68 68 68 68 70
79 79 79 79 80 80 80 81 82 82 82 83 84 86 87 89 89 89 87 85 84 83 82 81 81 81 80 80 80 81 80 80 80 81 82 80 79 79 78 79 79 78 79 79 78 77 76 76 76 75 75 75 75 74 74 73 74 74 73 73 73 -999 -999 73 73 73 72 72 71 71 70 70 70 69 68 69 70 70 70 69 69 69 68 68 69 69 69 69 69 69 69 68 68 68 68 69
78 77 79 79 79 79 81 81 81 82 82 81 84 85 87 90 91 89 87 85 84 82 82 81 81 80 80 80 79 79 80 80 81 81 80 80 78 78 78 77 80 78 78 77 77 76 76 76 75 75 75 75 74 74 75 74 74 74 73 73 74 73 -999 -999 73 73 72 71 70 69 69 69 68 68 69 69 69 69 69 68 68 67 68 68 68 68 69 69 69 68 68 67 67 67 68 69
75 77 77 78 78 78 79 80 80 80 81 83 83 85 86 90 89 89 87 85 84 81 81 81 79 79 80 78 78 79 79 79 79 80 81 80 78 78 78 77 77 76 76 77 75 76 76 75 74 74 74 75 74 74 75 74 74 74 73 73 74 74 73 -999 -999 72 71 70 70 69 69 68 68 68 69 68 68 68 69 67 67 68 68 68 68 68 68 68 68 68 68 68 67 67 68 68
75 77 77 76 76 77 78 79 80 80 81 82 84 84 85 87 89 86 86 84 82 81 80 79 80 80 80 78 78 79 79 79 79 80 81 79 78 78 77 76 76 76 76 75 75 75 74 74 74 74 74 74 75 74 75 74 74 74 73 74 74 74 74 -999 -999 72 71 70 70 69 69 67 68 68 68 68 68 68 67 67 67 67 68 68 68 68 68 68 68 68 68 68 67 68 68 69
76 76 76 75 76 77 77 77 78 79 81 82 84 84 85 85 86 85 83 82 83 82 80 80 80 80 78 78 78 78 78 78 78 79 80 78 77 77 76 76 76 75 75 75 75 74 73 73 75 74 74 75 75 74 74 75 74 76 75 74 74 74 73 73 -999 -999 -999 70 70 69 67 67 68 68 68 68 68 68 67 67 67 67 67 68 68 68 68 68 68 68 67 68 67 67 68 68
74 74 75 74 75 75 75 76 77 80 80 81 83 83 83 83 82 82 81 82 80 79 79 80 81 79 78 78 78 79 79 77 77 78 79 76 76 76 76 75 75 75 76 75 75 74 73 73 74 72 74 74 74 75 76 75 74 76 75 74 74 74 74 73 73 -999 -999 -999 69 69 67 66 68 67 68 67 68 66 66 66 67 67 67 67 67 67 67 67 67 67 67 67 67 66 67 68
73 73 74 73 74 74 75 76 76 78 80 80 80 82 81 80 79 80 80 79 79 78 79 79 80 79 79 78 78 78 77 75 75 76 76 75 74 75 75 75 74 75 75 75 74 74 73 72 72 73 74 74 74 74 76 77 74 75 75 77 76 75 73 73 73 72 -999 71 -999 -999 67 66 66 68 67 67 66 66 66 66 66 66 67 67 67 68 67 67 67 67 67 66 66 66 67 67
73 73 73 73 73 73 74 76 76 76 78 80 80 81 80 79 78 78 78 79 79 79 79 80 80 80 78 78 78 77 75 74 75 74 74 74 74 74 74 74 75 75 74 74 74 74 73 73 73 73 74 74 74 74 75 75 74 75 75 77 77 77 73 73 73 72 70 -999 -999 -999 -999 67 66 66 67 66 66 66 66 67 67 67 67 68 68 68 68 68 67 67 67 66 66 67 66 66
73 73 73 73 73 73 74 75 76 76 77 78 79 79 79 78 78 77 78 78 79 80 80 80 79 78 78 78 78 77 75 74 75 74 74 74 74 74 73 73 75 74 74 74 74 73 73 73 73 73 73 74 74 74 74 75 74 75 75 77 77 75 73 73 73 72 70 70 68 67 -999 -999 -999 66 67 66 66 66 68 70 69 67 67 68 68 68 68 68 67 67 66 66 66 67 66 66
71 71 72 73 73 73 74 74 75 75 77 78 77 78 79 78 77 77 77 77 79 79 79 77 77 77 77 76 76 76 75 74 74 74 74 73 73 73 73 72 73 72 73 73 73 73 73 73 73 73 72 73 73 73 74 73 73 75 75 75 75 75 74 73 73 71 70 69 68 67 66 -999 66 -999 -999 -999 -999 -999 -999 65 69 69 67 68 68 67 67 67 68 67 66 66 66 67 65 67
69 71 71 72 72 72 74 74 74 75 75 76 76 76 77 77 77 79 77 77 77 79 79 78 77 76 76 76 75 75 74 74 74 73 73 73 72 72 72 71 72 73 73 72 72 72 72 72 72 72 72 73 72 72 74 72 72 73 75 73 73 73 74 74 71 71 70 69 68 67 66 65 -999 -999 -999 -999 -999 65 65 -999 -999 -999 65 67 67 67 67 68 67 67 66 66 66 65 67 67
69 69 71 72 72 72 72 73 74 74 75 76 76 76 77 77 77 77 78 77 77 79 80 77 77 76 76 75 75 75 75 73 74 73 73 72 72 72 72 71 72 72 72 72 72 72 72 72 72 72 73 72 72 72 71 72 73 73 73 75 75 74 74 74 72 71 69 68 68 67 65 65 65 -999 63 63 -999 64 64 -999 -999 -999 -999 -999 -999 -999 -999 -999 -999 -999 -999 -999 -999 65 65 65
69 69 70 70 72 72 72 73 74 74 74 76 76 76 77 77 77 78 78 79 79 79 77 77 77 77 76 76 75 74 75 74 73 73 72 72 72 71 71 71 72 72 72 72 72 72 72 72 72 71 70 72 71 71 71 72 73 73 73 74 73 74 74 74 72 70 69 68 68 67 65 65 65 63 63 62 62 62 62 63 -999 -999 63 63 63 63 63 64 64 64 64 64 64 -999 -999 -999
68 69 70 71 72 72 72 72 73 73 74 74 75 75 76 76 76 77 77 78 78 78 76 76 77 76 76 76 75 75 75 74 73 72 72 72 72 71 71 71 72 72 72 72 70 70 70 70 71 71 71 71 72 71 73 72 73 72 74 73 73 73 73 73 72 70 68 68 68 66 65 65 63 63 62 62 62 62 62 62 62 63 63 62 63 62 62 62 63 63 64 64 64 64 64 64
69 68 70 70 71 70 72 72 72 72 74 74 74 75 77 76 76 78 77 77 77 76 77 76 76 76 76 75 75 75 74 74 72 72 72 71 71 71 71 71 72 72 72 70 70 70 70 70 71 71 71 71 71 71 71 72 73 73 73 73 73 73 73 72 71 71 68 67 66 66 66 64 63 63 62 62 62 62 62 62 62 62 62 62 62 62 62 62 62 62 63 64 64 64 64 64
69 69 69 70 70 70 71 71 73 72 72 74 76 76 77 76 76 77 77 78 76 76 75 75 75 76 75 75 75 75 74 73 72 72 71 72 72 71 71 71 72 72 71 71 70 70 70 71 71 71 70 72 71 72 71 73 73 73 73 73 73 73 72 71 70 70 68 67 66 66 66 64 63 63 63 62 62 62 62 62 62 62 62 62 62 62 61 62 62 62 63 64 64 64 64 65
69 69 69 70 70 70 70 72 71 72 72 74 75 76 75 77 76 77 76 77 76 76 76 76 76 75 75 75 75 74 75 73 73 72 72 72 71 71 71 71 72 72 71 71 72 72 71 71 72 71 72 72 72 71 72 73 73 73 72 73 73 72 72 71 70 69 67 67 66 66 65 64 64 63 63 62 62 62 62 62 62 63 61 61 62 61 60 60 62 62 62 64 64 65 65 65
69 69 69 69 70 70 69 71 71 73 72 73 74 74 75 75 74 75 76 76 76 75 75 75 75 75 75 74 74 74 74 74 73 71 71 72 71 72 72 71 71 71 71 71 71 70 71 70 70 71 72 71 71 72 72 72 72 72 72 72 72 72 72 70 68 67 70 68 67 66 66 64 64 63 63 63 63 63 63 63 62 62 62 61 61 60 59 59 60 61 62 63 65 65 64 64
70 69 69 69 69 69 70 70 71 71 72 72 73 73 75 74 74 74 74 74 73 74 74 73 73 74 73 74 73 73 74 72 71 71 71 71 71 72 72 73 72 72 71 70 70 70 70 71 70 71 71 71 70 70 72 71 71 71 72 71 71 71 70 68 69 69 70 69 68 68 65 64 64 64 63 62 62 62 62 62 62 62 62 60 60 59 59 58 59 60 61 63 64 64 64 65
70 70 69 69 69 69 68 70 71 71 72 73 73 73 73 74 74 74 74 73 73 73 73 73 74 73 73 72 72 73 73 72 72 71 71 71 71 71 73 71 72 71 72 70 71 71 71 70 71 70 71 70 70 71 71 71 71 71 71 71 71 71 70 70 70 70 70 68 69 69 67 64 64 65 64 63 62 62 62 62 62 62 62 61 61 62 60 60 60 61 63 63 63 64 64 64
70 70 69 69 69 69 69 70 70 70 72 72 73 73 73 74 74 73 73 73 73 73 73 73 73 73 73 72 72 72 72 72 72 72 71 71 71 71 70 72 72 73 72 71 71 71 71 71 71 69 71 71 71 71 71 71 71 71 71 70 71 70 71 71 70 70 70 69 69 69 67 67 67 64 64 63 63 63 63 64 63 63 63 62 63 61 62 62 62 62 64 65 65 64 63 64
70 69 70 69 70 69 69 69 69 71 71 71 72 72 73 72 73 73 73 73 73 73 73 73 73 73 73 72 72 71 71 71 71 70 70 70 70 70 71 71 71 72 72 71 70 70 70 70 70 68 68 69 68 70 70 71 71 70 70 72 72 71 71 71 70 70 71 71 68 69 69 66 66 65 64 63 64 63 64 64 64 65 65 63 64 62 65 63 64 66 66 65 66 64 63 64
69 69 69 69 69 69 70 70 70 70 71 72 73 73 73 72 73 73 72 72 72 72 73 73 73 74 74 73 72 72 70 70 69 70 70 70 71 70 70 71 71 72 71 70 70 70 70 69 69 68 68 69 69 70 70 71 70 70 72 72 72 72 71 72 70 71 71 70 69 69 66 66 64 65 65 64 64 64 65 66 66 66 66 65 66 64 66 68 68 66 66 65 65 65 64 63
69 69 69 69 69 69 70 70 70 70 71 73 73 72 73 71 72 72 72 71 72 72 73 73 74 74 75 73 72 72 70 70 69 69 70 71 71 70 71 70 70 70 72 70 70 70 69 68 68 67 68 69 69 69 70 71 70 70 71 72 72 73 72 70 70 70 71 70 69 69 68 64 64 65 65 65 64 64 65 66 66 67 67 69 67 68 69 70 70 68 66 66 65 66 65 63
69 69 69 69 69 69 70 70 70 70 72 73 72 72 72 73 72 72 71 71 72 71 72 74 74 74 73 74 72 71 70 69 69 69 69 70 71 71 70 70 70 70 71 70 70 70 69 68 70 68 68 69 69 69 70 70 70 71 71 72 73 72 72 71 70 70 70 70 68 68 68 65 64 64 65 64 64 64 66 66 66 66 68 69 69 68 70 70 68 68 68 66 65 66 65 65
69 69 69 69 69 70 70 70 70 71 71 73 73 73 74 72 72 72 73 71 72 71 73 73 74 74 73 73 72 71 70 70 70 71 70 71 71 71 71 70 69 69 70 69 70 69 70 69 69 69 69 69 69 70 68 70 71 71 71 71 72 72 72 70 71 70 70 69 69 67 67 65 64 64 63 63 65 64 64 66 66 68 69 69 70 70 68 68 67 67 66 64 63 67 66 64
69 69 69 70 70 70 70 70 70 72 72 73 73 74 73 73 73 73 72 71 71 71 73 73 73 73 74 73 71 70 71 69 70 70 70 70 70 71 70 70 70 70 70 70 70 70 70 69 69 70 69 68 70 70 68 71 71 71 71 72 71 71 71 69 70 70 69 68 68 67 65 64 64 63 63 64 66 65 64 66 66 66 68 70 70 71 70 68 66 66 66 66 65 65 66 64
69 69 69 70 71 71 70 70 70 70 71 74 73 73 74 73 73 73 73 71 71 72 73 73 73 73 73 72 71 71 70 69 70 70 69 70 71 71 71 70 70 70 71 70 70 70 70 69 69 68 69 69 68 69 69 69 70 70 70 70 70 70 70 69 70 70 69 68 68 68 68 65 65 64 64 65 65 65 64 66 67 68 69 69 70 70 70 68 68 69 67 66 65 64 64 62
68 68 70 69 71 71 71 70 71 71 72 72 74 74 73 73 73 72 72 71 71 71 73 73 73 73 72 72 71 71 70 70 70 70 71 71 71 71 71 70 70 71 71 70 69 69 70 69 69 69 68 68 68 68 70 70 70 70 70 70 72 70 69 69 69 68 69 68 69 69 68 66 65 64 64 64 65 63 64 66 67 68 70 70 70 71 70 68 68 69 67 67 65 64 64 63
68 68 69 69 69 70 70 70 71 71 72 73 73 73 73 72 72 73 71 72 71 72 72 72 72 71 71 71 70 70 70 70 70 70 71 71 71 71 71 70 71 69 69 70 70 70 70 69 70 69 68 69 70 70 70 71 70 70 70 70 70 69 69 69 68 68 68 68 68 68 68 67 64 65 65 64 64 63 64 65 67 68 69 70 70 70 68 69 69 70 68 67 66 64 64 63
69 69 70 70 69 70 70 70 69 71 71 72 72 71 72 72 71 71 72 71 71 71 72 72 70 70 70 70 70 70 70 70 70 70 70 69 68 69 70 70 70 70 72 71 71 70 70 69 68 69 68 69 69 70 71 71 71 71 70 70 68 68 68 68 68 68 68 68 68 68 67 66 64 65 65 64 64 66 65 66 68 69 68 70 70 71 69 70 71 70 70 69 67 65 64 63
68 69 69 69 70 70 70 70 69 70 70 71 71 71 71 72 71 72 72 71 70 70 70 70 70 69 70 69 70 70 71 70 70 70 69 70 70 69 69 70 71 71 71 71 71 71 69 68 68 68 69 70 70 70 70 70 70 71 71 68 68 68 68 68 68 68 68 68 68 68 67 66 65 65 65 64 64 63 66 67 68 68 69 69 69 70 70 71 71 70 71 69 67 66 64 63
68 70 69 69 70 70 69 70 70 70 69 71 71 71 71 72 71 71 71 70 70 70 69 70 70 69 69 70 70 71 71 70 72 70 69 69 70 69 69 71 71 71 71 70 71 71 69 68 68 69 70 70 70 70 71 70 70 70 69 68 68 68 68 68 68 68 68 68 68 68 67 66 65 65 64 63 63 64 66 67 67 68 69 67 69 68 70 70 70 71 72 71 67 66 64 63
68 69 70 68 70 69 70 69 69 69 69 70 70 71 71 71 69 69 70 70 70 70 69 70 70 69 69 70 70 71 71 71 71 69 69 70 70 69 69 70 70 70 70 71 70 69 69 68 69 69 70 70 70 71 71 71 70 70 69 69 68 68 68 68 68 68 68 69 67 66 67 67 66 65 65 63 64 63 66 66 67 67 68 68 67 70 69 69 71 74 73 71 69 65 65 65
69 68 68 69 68 69 69 69 68 69 70 69 69 70 70 71 69 69 69 69 69 70 69 69 70 69 70 70 70 70 71 70 70 70 70 69 68 68 69 68 69 70 69 70 70 69 69 68 69 69 70 70 70 69 71 70 70 70 69 68 68 68 68 67 67 66 66 66 66 66 67 66 66 66 65 62 63 63 64 66 66 66 67 67 68 69 70 70 71 72 72 71 68 65 65 65
69 69 68 68 68 68 68 68 68 68 69 69 69 70 70 70 70 70 69 70 70 70 68 69 69 69 70 70 70 70 69 70 70 70 70 69 69 68 70 68 68 68 69 69 68 68 67 68 69 67 69 70 69 69 70 70 70 70 69 68 68 68 67 66 66 66 66 66 66 66 66 66 66 66 64 63 62 63 64 65 66 67 68 68 68 67 70 70 70 72 71 69 66 65 65 66
69 67 68 69 69 69 69 68 68 69 69 69 69 69 69 70 71 70 70 71 70 70 68 69 69 69 70 70 70 70 69 70 70 70 69 69 69 69 70 70 70 70 67 68 68 67 67 68 68 67 67 69 69 70 70 70 70 69 69 68 68 68 66 66 66 66 66 66 66 67 66 66 66 64 64 63 64 63 64 64 65 66 66 68 67 68 69 70 70 70 69 69 66 67 66 67
68 68 67 68 68 68 68 68 68 68 68 68 69 69 69 69 71 69 70 70 69 68 69 68 68 69 70 70 69 69 69 70 68 69 70 70 70 68 70 70 69 69 67 67 67 67 67 67 68 68 67 67 68 70 68 68 68 69 67 67 68 66 66 66 67 66 66 66 65 66 66 65 64 64 64 64 64 63 64 64 65 65 66 68 68 68 69 68 69 69 68 67 65 65 65 66
67 67 68 68 68 68 69 68 68 68 68 68 68 68 69 70 70 69 68 69 68 68 68 68 68 69 69 69 69 69 69 68 68 69 70 70 71 70 70 69 68 67 67 66 66 66 67 67 68 68 67 68 67 67 67 68 66 67 67 66 65 66 66 67 68 66 66 65 65 65 65 63 63 64 64 62 62 63 63 64 65 67 69 69 67 67 68 68 68 67 67 65 65 65 66 67
67 67 68 68 68 68 68 68 68 68 69 68 68 68 68 70 69 68 68 68 69 69 68 68 68 68 69 69 69 70 68 68 68 68 69 70 70 70 69 68 68 69 67 66 67 66 66 67 67 69 69 67 67 67 67 66 66 67 67 66 66 66 66 66 66 66 66 65 65 65 64 63 63 64 62 62 62 62 63 63 65 66 66 68 69 67 67 68 67 67 68 68 68 66 66 67
67 68 68 68 68 68 68 69 68 68 69 69 68 69 68 70 68 69 67 68 69 68 67 68 68 68 68 68 70 68 68 68 68 69 69 71 71 71 69 68 67 69 68 67 66 66 66 67 69 69 68 68 67 67 66 66 66 67 67 66 66 66 66 66 66 66 65 65 65 65 63 63 64 64 63 62 62 62 63 63 65 67 67 66 67 65 65 68 67 68 67 68 68 66 66 66
68 68 68 68 68 69 69 69 68 68 68 69 70 69 70 68 67 68 68 67 68 67 67 67 67 68 69 69 69 68 68 68 69 69 69 70 69 69 68 68 67 68 67 67 66 66 66 67 67 67 67 67 66 67 67 66 66 67 67 65 66 66 66 66 66 65 65 65 65 64 64 63 64 64 62 63 62 63 63 62 64 65 66 66 65 64 65 66 67 68 68 69 67 67 66 67
69 69 68 68 67 68 68 68 69 69 69 70 68 69 69 68 67 67 67 66 67 67 67 66 66 66 67 67 68 68 68 68 69 69 69 69 70 69 69 68 67 67 66 67 67 67 66 66 67 67 66 67 67 67 67 67 66 67 66 66 66 66 66 65 65 65 65 64 64 64 64 63 64 63 63 63 64 64 64 63 63 64 65 64 63 63 64 66 66 67 68 69 68 68 67 65
69 69 67 66 68 67 68 69 70 70 70 69 69 69 67 68 66 66 66 67 67 67 66 66 66 66 67 67 68 67 68 68 68 69 69 69 69 69 68 68 68 67 66 66 67 67 66 66 67 67 66 67 67 67 67 66 66 66 65 66 66 66 66 65 65 65 65 64 64 64 64 63 63 63 62 63 64 64 64 64 63 64 64 63 62 62 63 66 66 67 69 70 69 69 66 65
68 68 67 67 67 67 68 68 70 69 69 69 69 69 68 66 66 66 66 67 67 66 66 66 66 66 67 67 68 68 67 68 68 69 69 69 69 68 68 67 68 68 67 67 66 67 67 66 66 66 66 66 67 67 66 66 66 66 66 66 66 66 65 65 65 65 64 64 64 64 64 64 64 63 64 63 63 64 65 64 63 63 64 62 62 62 63 65 66 67 68 70 70 68 66 65
67 67 66 66 66 66 68 67 69 69 69 68 68 69 67 65 66 66 66 66 66 66 66 65 65 65 65 66 67 66 67 67 67 69 68 68 68 68 67 68 66 67 67 66 66 65 67 65 65 66 66 67 67 67 66 66 66 65 66 66 66 66 67 65 65 65 64 64 64 64 65 64 64 64 65 66 64 64 65 64 63 62 63 62 62 62 64 65 65 67 67 69 69 69 68 65
68 67 64 63 65 66 67 68 67 68 68 69 69 68 66 65 65 65 66 66 66 66 65 65 65 64 66 66 66 67 67 67 68 68 68 68 67 66 67 66 67 67 67 66 65 66 65 65 65 65 66 66 65 65 66 66 66 65 65 66 66 66 65 65 66 65 64 64 65 65 65 65 64 64 64 63 63 63 64 64 64 64 63 64 63 63 63 65 66 66 68 70 71 70 67 66
