Climate/data/grids_germany_multi_annual_air_temp_mean_1981-2010_17.asc
NCOLS 654
NROWS 866
XLLCORNER 3280414.711633467
YLLCORNER 5237500.62890625
CELLSIZE 1000
NODATA_VALUE -999
[rows 459 to 509 of 866, columns 192 to 287 of 654]
82 82 86 87 89 89 90 85 86 87 83 83 84 84 84 81 88 86 85 84 84 83 86 87 86 85 85 83 82 79 80 78 78 80 83 83 82 85 87 89 90 91 88 89 89 87 89 89 88 85 84 83 84 81 80 79 73 75 75 79 75 83 76 79 82 82 82 85 81 78 82 82 82 79 80 86 87 84 84 84 84 88 92 87 85 82 87 86 84 83 84 84 81 81 84 87
84 87 87 85 87 89 90 88 87 87 87 87 87 83 85 84 88 88 85 85 84 83 86 88 84 85 84 80 82 83 82 80 83 81 81 83 85 86 85 90 89 90 89 90 89 89 90 89 87 85 84 83 83 81 78 74 72 72 75 74 78 82 78 80 82 84 85 85 82 84 78 79 81 84 87 88 89 89 85 85 92 92 91 89 87 85 85 82 79 82 79 77 78 76 81 84
82 85 87 88 87 89 90 90 89 89 87 88 89 84 84 84 89 88 87 86 87 86 87 89 88 88 87 86 86 84 82 81 83 82 83 83 85 87 87 89 90 90 91 91 91 91 90 88 86 85 85 86 85 84 79 78 73 72 77 78 78 80 78 81 84 80 83 85 87 88 84 79 82 85 82 81 87 91 86 89 92 90 88 89 86 85 82 84 79 76 79 81 79 79 84 78
82 85 88 88 89 87 90 90 91 89 88 89 84 85 88 86 87 84 88 86 86 86 89 90 87 86 85 84 85 86 84 83 84 85 85 84 86 87 89 89 87 88 90 91 91 91 91 90 86 85 85 84 83 83 82 76 73 74 75 75 78 77 80 81 79 73 81 82 84 88 87 86 82 81 83 85 83 87 90 89 92 89 84 85 84 83 77 79 82 79 79 83 80 79 82 81
79 85 86 87 86 83 87 87 90 91 91 92 88 87 89 91 86 88 87 85 85 86 85 88 90 88 88 85 85 83 84 83 85 85 86 85 86 87 88 89 85 87 89 90 91 91 91 91 89 87 85 86 83 82 80 75 76 74 74 74 75 73 76 74 72 79 81 79 84 84 87 88 89 88 85 87 85 83 85 92 88 87 84 85 84 82 81 78 80 81 81 85 84 82 84 87
82 84 89 85 83 79 84 87 89 89 90 90 85 88 90 91 90 88 87 85 85 87 88 90 90 88 85 86 85 84 83 83 84 85 87 88 86 88 87 86 86 87 89 90 91 91 90 89 89 88 87 85 84 82 84 77 77 73 73 78 77 75 72 70 74 76 74 77 81 80 82 85 88 88 90 86 87 86 92 90 87 87 88 86 86 80 78 80 81 82 84 81 84 85 82 81
81 86 87 80 78 80 86 88 90 89 92 90 87 92 89 91 88 88 87 85 87 90 89 89 84 84 84 86 88 85 86 85 86 86 87 88 88 88 85 86 87 88 88 89 90 91 92 91 91 91 90 86 88 84 78 79 76 74 77 79 82 80 75 80 81 81 80 81 84 82 80 83 84 85 83 87 90 89 92 87 91 91 88 86 79 79 83 80 74 81 83 82 82 83 87 88
89 89 87 82 80 86 90 91 92 92 92 92 92 90 91 91 88 89 87 85 84 90 91 83 82 86 86 87 88 87 87 85 85 86 86 87 88 88 86 86 87 88 90 90 90 91 91 91 87 87 88 88 89 81 82 80 79 76 82 84 84 79 83 84 81 85 83 86 85 83 82 80 83 85 86 87 89 91 92 90 89 89 90 87 84 87 83 81 75 81 84 85 85 87 84 89
90 85 91 86 88 90 92 92 90 89 89 87 92 93 92 90 91 91 89 85 84 86 89 87 84 87 87 87 88 87 85 83 83 84 85 88 87 85 85 86 86 87 88 90 87 87 91 91 89 88 87 86 88 87 85 84 77 79 82 83 85 83 85 87 87 84 88 85 87 87 82 81 85 81 83 89 92 92 92 89 85 85 83 85 88 85 81 83 83 83 85 84 84 83 88 87
80 86 82 92 91 91 91 90 86 87 93 93 92 88 92 92 90 92 91 88 89 88 90 86 85 89 88 85 87 86 84 83 86 85 86 89 88 87 85 84 87 89 90 89 86 85 86 89 90 88 88 86 88 85 84 84 81 80 79 84 84 84 84 84 83 86 88 89 87 82 85 84 84 89 88 91 90 88 91 88 83 79 84 82 82 85 85 83 84 81 76 84 85 88 88 90
78 77 88 88 86 89 89 90 86 87 92 93 90 86 92 92 91 92 92 92 91 91 91 86 87 89 87 85 87 86 84 85 86 87 87 88 88 84 84 85 87 87 87 89 86 86 86 91 89 88 86 85 88 87 83 82 82 80 82 85 83 80 82 82 82 84 85 86 87 82 84 86 87 88 90 92 88 88 91 87 87 81 81 80 81 82 87 83 82 76 75 84 85 87 83 86
84 83 82 85 83 87 88 87 83 87 90 93 89 86 89 89 88 92 92 92 92 92 91 89 88 90 88 88 89 87 85 85 86 88 85 84 86 83 86 88 87 86 85 86 84 86 89 90 86 84 85 84 84 87 83 82 84 78 75 80 79 80 82 82 84 86 89 88 89 84 83 83 86 90 92 91 83 88 92 88 80 81 81 82 82 82 83 83 82 78 81 85 85 85 83 85
82 86 84 87 85 88 89 85 86 87 86 93 85 85 84 88 91 91 92 92 92 92 91 91 91 92 91 89 89 87 87 86 86 87 82 81 84 83 84 88 86 85 85 85 83 86 90 87 88 87 86 85 84 84 84 84 84 82 80 78 82 84 85 84 83 88 84 88 86 83 83 85 85 91 92 87 83 84 89 90 82 80 83 84 83 84 84 85 84 83 83 85 85 84 83 84
86 86 85 87 90 90 88 88 84 87 88 94 88 84 86 89 90 92 92 92 92 92 92 92 92 91 91 90 90 89 88 86 86 87 85 84 83 81 82 87 85 85 84 83 87 85 90 86 86 86 86 85 83 82 83 82 84 82 81 80 80 80 84 84 86 84 85 86 90 86 87 90 92 92 90 89 84 82 87 91 84 87 84 84 83 85 84 85 84 84 80 82 83 83 84 83
87 87 90 88 86 91 88 89 84 88 93 94 93 86 86 91 91 92 91 92 92 92 91 91 91 91 91 90 90 90 89 88 88 87 87 85 84 81 82 87 88 86 84 84 85 88 89 88 87 86 83 84 82 81 83 81 83 83 81 78 75 81 82 83 86 86 86 86 86 91 89 92 91 88 88 88 87 88 89 90 90 82 82 83 83 81 85 82 82 79 78 84 84 83 82 89
88 85 85 84 89 92 91 90 88 90 94 93 90 87 87 91 91 91 91 91 92 88 89 92 91 90 91 91 90 89 89 89 87 86 86 85 84 82 82 84 87 85 84 84 86 85 89 86 88 86 85 85 81 80 82 81 81 81 78 74 72 76 79 82 81 82 87 86 86 90 92 91 88 82 83 87 86 89 90 83 87 83 81 83 84 80 84 83 81 76 77 76 83 83 85 89
88 90 83 90 91 93 90 90 89 88 94 93 90 84 89 91 92 91 91 91 92 91 91 92 91 92 91 89 90 90 88 88 86 85 86 85 84 84 82 81 88 86 86 84 84 85 87 88 85 85 85 83 80 79 79 81 79 79 79 81 79 82 85 83 86 85 82 86 88 92 91 86 83 78 84 85 86 92 88 80 82 89 83 84 85 84 82 82 83 75 78 82 86 84 86 84
85 90 90 89 93 91 93 93 87 91 94 93 90 85 89 91 92 92 91 91 92 92 92 92 92 92 90 89 89 88 88 89 86 89 86 85 85 84 82 83 82 85 86 83 86 88 87 88 86 84 85 83 83 77 80 82 80 79 80 82 85 86 86 87 86 85 89 90 90 91 86 81 81 81 86 88 90 88 81 83 80 84 84 86 81 84 83 83 85 84 84 82 85 87 89 85
89 90 91 91 91 88 89 94 91 92 94 89 89 88 88 91 91 91 91 91 92 91 92 92 92 92 91 90 87 86 85 88 90 87 86 86 85 87 86 84 82 85 86 85 87 87 85 87 86 85 81 81 81 81 83 82 80 80 80 80 79 82 84 87 89 90 88 88 91 90 87 82 84 85 86 88 91 87 79 80 84 81 85 86 84 82 81 80 81 86 87 86 84 86 88 87
86 86 86 88 88 90 93 93 94 94 92 89 86 88 90 92 92 91 90 91 90 91 91 92 92 92 89 88 87 85 85 86 89 86 85 88 87 84 85 85 83 84 85 87 86 86 86 87 86 85 83 78 80 81 79 80 80 81 83 82 82 85 87 89 86 83 82 86 91 89 85 84 86 85 87 88 82 80 80 81 82 84 86 86 85 82 83 80 84 86 87 88 88 86 88 86
89 88 89 88 91 91 93 94 94 94 93 93 90 89 90 92 92 88 88 88 87 89 90 91 92 92 86 85 83 83 85 87 88 88 86 86 87 87 86 85 84 86 84 85 86 85 87 88 86 84 85 85 84 82 80 79 81 81 83 86 87 87 87 83 83 82 85 90 91 86 85 84 84 87 88 88 81 81 82 82 83 84 85 86 82 82 84 82 83 87 84 84 86 87 87 88
92 91 88 91 92 92 93 94 94 89 89 92 91 90 92 92 91 89 86 88 84 84 88 88 91 92 87 83 84 84 85 86 88 86 88 85 86 85 86 84 83 84 84 84 83 85 86 86 86 83 82 82 82 80 79 79 81 83 84 84 87 86 84 81 81 85 85 87 90 88 86 86 84 84 89 84 87 86 83 83 85 83 85 85 82 78 84 84 84 79 84 86 87 84 86 88
91 93 89 89 92 93 94 94 94 92 88 90 88 92 93 92 92 91 85 85 85 84 81 85 88 90 91 87 86 83 84 86 86 87 87 86 85 84 85 84 84 84 85 84 83 84 85 86 85 82 76 79 83 79 78 78 82 81 84 85 85 86 81 80 83 85 85 88 90 85 87 88 86 82 89 84 87 84 83 84 85 83 80 82 81 81 82 85 84 81 84 86 85 82 85 82
88 89 93 92 92 92 94 95 94 92 89 91 91 92 92 91 89 89 87 84 85 85 84 84 84 88 90 90 88 85 84 85 85 86 86 86 84 83 84 82 84 85 85 83 83 85 82 86 80 78 77 80 81 81 80 82 81 83 84 84 85 84 82 83 83 84 88 87 90 87 85 86 85 81 84 82 89 90 84 84 84 84 82 80 81 82 80 81 83 83 84 84 82 83 86 87
88 90 92 89 92 93 95 95 92 93 93 92 93 91 89 89 86 86 86 85 83 84 84 84 87 88 86 86 88 91 86 85 86 86 85 85 85 84 83 83 85 84 84 84 84 85 81 81 85 83 79 80 77 80 79 82 82 82 85 85 81 82 81 82 84 85 87 87 90 89 86 85 86 84 81 84 87 83 88 84 83 84 86 83 84 84 80 82 82 84 84 83 81 85 87 86
92 92 93 89 92 93 95 95 93 93 91 92 92 88 83 84 84 83 83 85 84 83 84 85 85 87 85 87 86 89 90 89 86 87 88 89 85 84 83 83 85 84 84 84 82 82 80 83 85 82 81 79 76 75 79 80 82 82 83 84 81 81 79 83 83 87 88 89 88 89 87 84 86 86 86 84 87 84 88 85 85 86 85 84 85 84 84 82 80 81 82 81 85 86 87 85
91 90 90 93 90 92 96 95 95 93 89 89 88 86 83 85 84 83 85 84 84 84 83 82 85 86 85 88 85 85 89 89 89 88 87 86 87 83 83 83 83 83 84 83 81 80 81 79 81 84 84 82 79 78 77 80 81 83 84 83 79 80 79 80 86 88 87 85 86 89 86 85 86 84 84 84 84 84 88 90 89 87 86 85 86 85 84 84 76 77 80 82 84 85 87 85
92 88 87 93 92 92 96 94 93 90 91 88 88 86 89 90 89 89 85 84 85 85 84 84 84 85 85 87 86 88 91 88 89 87 87 85 85 88 84 82 83 84 82 82 81 81 80 80 83 84 84 81 80 79 79 80 81 83 83 83 82 80 84 85 87 86 86 86 89 90 84 83 85 84 80 81 82 85 85 88 89 87 86 86 86 84 77 83 78 79 80 82 83 83 78 86
86 85 86 90 93 95 96 94 93 92 89 91 87 92 92 92 92 91 88 87 86 86 85 85 84 84 85 86 86 89 90 86 87 87 84 84 86 88 84 82 82 81 80 82 82 81 80 83 83 82 81 82 81 81 82 80 82 82 82 82 82 83 84 86 87 88 88 90 87 90 87 86 83 83 81 79 81 82 83 87 87 89 88 84 84 81 76 79 78 74 77 80 83 82 82 86
85 87 88 89 90 89 93 95 92 92 94 95 94 94 90 91 91 91 92 88 88 86 86 84 85 85 86 86 86 90 87 85 86 86 87 86 84 87 84 81 82 80 79 80 81 80 81 82 81 80 81 82 81 81 84 84 82 81 81 80 81 80 81 85 86 89 89 90 86 86 90 83 83 85 83 83 81 80 83 87 87 88 86 83 84 83 75 78 76 73 78 81 83 82 83 85
88 86 88 91 91 94 96 96 94 95 94 93 93 91 88 89 88 87 88 90 88 87 87 85 85 85 86 86 88 89 87 88 85 85 87 84 83 86 84 80 82 81 79 81 81 79 82 80 80 80 83 81 81 83 85 85 83 81 84 83 76 82 83 84 88 90 89 86 87 89 90 85 85 84 85 85 84 85 85 87 87 88 87 86 84 79 75 80 78 80 80 81 82 81 83 83
90 87 89 92 93 95 97 96 96 94 94 93 93 86 88 88 87 86 88 87 88 88 86 86 85 86 87 86 87 88 88 89 85 86 86 84 83 87 87 86 82 81 79 81 78 82 82 79 79 81 82 83 82 83 85 86 84 82 85 82 80 84 83 87 89 89 83 85 85 89 88 82 83 81 84 81 83 85 85 87 88 86 86 85 85 81 78 80 82 81 75 79 79 82 82 76
89 89 92 92 95 96 97 93 94 95 93 92 92 87 88 90 89 88 88 88 90 89 88 89 86 88 87 86 87 89 88 87 87 83 86 85 82 84 84 83 84 78 78 79 81 80 81 81 79 79 80 83 85 85 84 88 87 87 87 81 85 83 83 90 86 78 79 87 90 89 85 80 80 81 81 80 79 81 83 87 88 87 85 84 86 84 82 82 84 78 79 72 73 81 80 76
89 91 93 92 95 97 97 95 94 94 93 91 91 89 89 92 88 88 88 87 90 89 89 90 88 89 89 88 88 88 89 87 86 86 84 85 82 82 84 80 81 82 78 78 80 77 79 79 78 79 82 82 83 83 85 85 86 83 88 87 88 85 85 90 84 82 85 89 89 89 84 80 80 79 79 78 79 82 83 86 84 84 86 80 84 84 85 85 83 78 79 77 78 74 75 70
92 94 94 95 96 97 94 93 90 92 97 91 91 91 92 91 88 88 88 87 89 88 89 89 89 87 88 88 88 89 89 87 88 86 85 83 81 81 82 81 81 78 78 76 77 77 77 78 77 77 83 82 82 83 85 85 83 81 86 88 87 85 84 88 81 80 85 86 86 90 90 85 83 80 79 79 82 82 85 86 83 79 83 82 81 83 83 83 84 84 81 83 82 78 76 73
93 92 95 96 97 97 95 96 96 95 95 95 94 92 92 92 91 90 88 87 88 88 88 90 88 87 88 88 89 89 89 87 86 86 87 87 85 82 81 81 81 78 80 76 75 75 75 76 77 77 80 82 80 82 81 81 81 81 85 85 87 88 89 88 86 82 81 80 84 88 88 88 83 83 84 79 80 83 85 87 84 82 79 81 83 81 84 79 80 82 78 81 79 80 78 75
94 94 95 97 97 97 96 97 97 97 96 96 95 94 90 91 91 90 90 88 90 89 88 88 89 89 89 88 88 89 89 89 89 86 84 86 82 85 81 78 78 78 77 78 73 75 74 75 77 77 77 79 82 83 81 81 79 79 82 82 85 88 88 87 87 86 83 83 83 82 84 89 89 83 81 79 81 83 85 86 86 84 81 82 85 84 80 83 80 79 77 78 75 79 79 74
95 95 94 97 97 97 97 97 97 95 93 93 91 95 92 93 93 91 90 92 92 92 92 90 91 91 90 85 89 89 88 87 88 87 88 83 81 80 83 76 75 75 72 76 75 73 74 76 78 76 79 78 80 80 81 79 79 81 80 85 84 83 89 87 86 88 88 84 86 88 89 83 89 87 85 80 81 83 84 85 87 83 85 85 85 84 80 82 80 79 74 73 73 77 78 75
95 97 97 97 97 97 97 96 96 93 92 92 92 94 94 93 91 92 92 92 91 90 90 89 92 89 89 86 87 89 89 87 87 87 84 86 83 80 80 80 75 70 72 73 74 75 77 76 77 78 79 80 81 81 81 78 76 81 83 80 84 84 88 87 87 89 88 87 85 88 86 84 83 88 84 82 80 84 83 87 86 84 85 85 85 83 81 79 81 80 77 68 71 70 77 70
97 97 97 97 97 97 97 96 96 95 93 92 92 92 93 94 94 94 93 91 92 92 93 93 93 92 90 90 87 88 89 88 87 87 87 81 85 84 80 79 77 75 72 72 73 74 75 75 77 78 78 80 81 81 81 79 77 78 80 77 80 86 83 84 87 88 89 89 87 86 82 86 85 85 82 85 86 84 85 85 86 86 84 85 85 84 82 78 79 78 77 75 69 72 75 77
97 97 97 96 96 97 98 96 95 93 92 92 92 92 92 93 93 94 94 93 94 94 93 94 94 94 92 88 87 87 89 88 85 84 81 83 84 83 81 78 78 73 70 70 71 73 73 76 76 77 79 79 80 81 78 78 82 81 81 83 83 88 84 80 86 87 86 88 89 87 86 84 87 88 85 87 85 82 82 85 85 85 84 83 82 83 82 82 82 77 75 70 69 72 77 77
96 96 97 96 96 97 97 95 93 93 92 93 93 92 92 92 93 94 94 94 95 95 94 93 94 92 90 89 86 88 89 89 88 87 84 80 78 78 75 78 74 73 71 68 69 71 73 71 74 78 78 80 81 79 79 79 79 84 85 86 87 86 80 83 87 85 84 85 87 87 85 85 87 88 87 85 85 83 82 84 84 84 84 83 82 82 80 77 79 78 72 72 75 77 77 76
96 96 95 96 96 96 96 95 91 93 92 92 94 93 93 93 93 93 94 93 94 95 94 94 94 93 93 88 92 88 88 89 87 85 82 80 79 75 74 76 77 73 71 66 67 70 69 71 74 76 78 78 80 77 78 80 82 84 85 81 83 82 85 85 88 80 81 81 85 85 85 84 85 86 87 86 86 83 82 84 83 84 83 84 83 82 80 79 75 77 72 66 72 74 73 75
96 97 97 97 96 96 97 97 95 93 93 92 94 93 94 94 94 95 95 95 94 94 94 94 94 94 94 94 92 91 90 89 87 84 86 83 77 77 75 72 72 71 67 64 66 68 70 74 75 77 80 80 78 79 79 79 79 81 81 80 86 87 88 88 86 82 81 79 81 84 83 85 85 85 86 86 86 85 83 82 84 84 84 83 83 81 79 79 77 69 73 66 66 72 74 72
95 97 96 97 97 97 96 96 94 94 94 93 92 95 95 95 96 95 96 96 96 96 95 94 93 93 92 92 93 93 91 87 86 83 82 82 78 78 77 75 72 71 68 63 65 68 70 73 73 76 77 78 80 81 81 81 80 81 83 83 86 85 85 85 85 82 79 81 83 84 85 85 85 86 86 86 86 84 82 82 83 82 82 81 81 82 78 78 75 69 68 70 71 74 71 76
95 96 96 96 96 95 93 94 93 93 94 94 94 93 95 96 97 97 96 96 96 94 94 94 95 94 92 91 90 91 90 90 90 86 82 82 79 78 79 79 76 73 68 65 65 67 68 71 73 77 77 81 80 78 79 80 80 79 79 84 81 84 85 81 86 84 81 81 82 79 82 85 85 85 85 86 84 84 83 83 83 83 83 82 79 78 80 80 73 70 69 67 66 72 74 73
96 96 96 96 95 93 91 92 93 93 94 94 96 96 96 97 96 96 96 96 96 96 95 96 96 94 95 95 92 95 94 91 86 86 84 82 84 84 82 82 77 72 68 65 62 67 68 70 72 77 79 79 79 80 81 79 78 80 81 79 78 83 85 83 86 77 80 78 82 86 84 85 85 85 85 86 85 85 84 83 83 81 82 82 79 80 77 77 76 73 70 68 65 70 70 68
95 95 95 96 94 93 91 91 93 94 95 95 95 96 94 96 96 97 96 97 97 97 97 97 95 93 93 93 93 95 92 91 88 86 86 89 88 87 82 79 77 73 72 63 66 68 69 72 72 74 74 77 78 80 80 79 81 80 79 77 78 83 81 82 84 81 80 82 84 81 81 84 85 83 83 87 85 84 83 81 80 81 81 81 80 79 75 78 73 76 73 73 70 65 60 60
95 94 95 96 94 94 92 92 93 96 96 95 96 95 94 96 97 97 96 97 97 97 97 97 96 96 94 91 93 93 91 89 89 88 90 88 89 87 82 78 78 75 70 68 71 68 66 70 75 79 78 79 80 80 81 79 80 81 77 77 80 82 80 82 83 83 79 82 81 79 82 83 81 81 84 87 88 84 83 83 82 80 80 79 78 76 77 78 78 78 76 74 68 57 56 57
95 93 95 95 94 91 91 93 93 94 96 96 96 96 96 95 97 97 97 97 98 97 98 98 95 93 92 92 92 94 92 88 85 90 93 92 89 86 82 80 81 74 73 73 72 73 68 65 73 78 80 80 81 80 78 78 81 79 77 79 78 81 79 78 79 83 78 78 81 79 81 83 79 82 85 88 86 87 85 84 83 80 83 81 82 80 82 81 79 79 75 73 67 64 62 60
93 93 93 94 93 91 94 93 94 95 97 96 96 97 96 96 96 97 98 98 98 98 98 96 94 96 93 93 94 94 90 90 88 94 92 89 89 85 83 82 78 76 79 75 74 75 69 69 74 77 79 80 81 79 77 80 80 77 77 78 78 79 78 78 79 78 82 80 83 80 82 81 85 84 87 86 84 86 87 85 85 85 85 85 83 81 79 77 75 76 75 70 64 60 57 64
