Climate/data/grids_germany_multi_annual_air_temp_mean_1981-2010_17.asc
NCOLS 654
NROWS 866
XLLCORNER 3280414.711633467
YLLCORNER 5237500.62890625
CELLSIZE 1000
NODATA_VALUE -999
[rows 663 to 713 of 866, columns 192 to 287 of 654]
102 105 102 103 99 100 101 101 101 103 102 101 100 103 101 100 100 102 100 99 99 96 96 100 99 101 99 95 100 99 100 100 101 101 101 102 102 102 103 103 104 101 102 103 102 101 98 99 96 96 98 99 97 93 96 96 89 92 88 84 85 86 86 86 85 88 88 89 87 86 86 86 86 88 86 90 93 92 92 92 93 95 92 92 90 86 89 90 91 91 91 93 91 87 84 86
102 104 102 100 100 100 101 100 101 103 103 104 101 101 102 100 99 99 99 95 95 95 97 98 100 98 96 100 100 101 101 102 100 101 100 101 101 101 102 104 103 103 99 101 101 98 99 100 99 99 97 97 97 95 91 93 88 86 87 89 82 86 86 86 87 85 87 88 88 86 87 86 86 86 86 90 92 92 92 92 93 94 92 92 90 86 89 88 88 90 90 89 92 88 90 86
102 103 103 101 102 101 101 100 101 99 101 102 101 102 101 101 101 101 95 95 95 96 97 98 97 97 98 99 101 102 101 101 102 101 102 102 101 101 105 105 103 101 100 98 98 99 99 100 99 99 100 98 95 94 92 89 88 88 87 87 83 86 85 86 86 87 85 87 86 86 86 86 86 86 87 91 92 93 92 92 92 94 96 91 89 87 88 88 87 87 89 89 90 89 89 86
101 101 103 103 102 100 100 99 100 100 100 102 102 101 100 99 101 97 95 98 96 99 100 100 97 98 101 101 101 102 103 103 103 103 103 103 101 104 104 104 102 101 101 99 98 99 100 100 100 100 99 95 93 92 93 90 88 86 92 86 88 83 85 85 85 87 85 86 85 85 86 86 86 86 90 89 91 92 93 92 92 92 96 91 89 88 88 89 88 89 90 90 90 91 89 87
101 102 103 101 99 97 98 98 98 98 100 99 101 101 100 97 97 96 98 96 99 99 100 99 102 102 102 102 102 102 102 102 103 103 103 102 101 105 105 103 105 100 100 99 100 99 101 101 99 97 97 96 94 95 93 87 90 86 90 87 89 83 83 81 85 86 87 85 85 86 87 85 86 91 86 85 91 92 92 94 92 93 93 89 88 86 88 86 89 90 90 90 90 91 90 90
101 101 102 101 99 99 98 99 99 98 98 98 100 99 99 98 96 96 94 97 98 98 98 99 98 100 100 101 101 101 100 102 101 102 102 102 101 101 101 103 105 101 101 101 99 101 101 101 100 98 98 97 98 94 91 93 87 90 87 90 92 85 85 87 82 85 86 85 85 86 87 85 86 91 85 85 85 89 90 93 94 95 92 90 89 86 86 87 87 90 89 89 90 90 89 87
101 99 101 101 101 100 99 98 98 99 98 96 99 94 94 95 94 90 93 92 95 96 97 97 94 94 96 97 98 99 98 96 99 101 102 102 101 104 104 105 103 101 99 100 98 100 100 100 100 98 99 99 97 93 96 91 90 88 87 90 90 86 82 90 86 84 83 84 84 84 84 87 86 91 86 87 86 86 89 88 87 95 88 92 92 87 85 88 89 89 90 89 89 91 90 90
101 99 101 100 102 100 101 98 99 99 100 99 97 95 95 95 96 93 95 93 94 93 90 93 93 93 91 88 96 96 93 97 99 101 101 102 103 104 104 101 102 101 98 98 97 98 99 99 99 99 100 100 100 98 94 91 86 84 87 85 92 89 89 87 87 85 85 82 80 85 84 85 86 89 90 90 88 85 85 86 91 93 94 92 90 86 84 86 88 88 90 91 89 89 89 86
99 100 101 98 100 101 100 100 101 101 100 100 98 97 95 96 96 94 95 93 93 96 92 93 94 94 94 91 92 92 95 97 100 101 101 101 101 100 102 100 100 99 97 97 99 97 99 99 99 100 99 100 99 95 95 93 87 89 87 87 93 86 88 91 88 86 87 84 83 85 84 82 84 86 85 92 86 87 88 84 92 93 94 93 92 85 84 85 86 88 89 90 91 89 90 90
99 99 98 98 100 101 98 98 98 99 100 98 99 94 95 96 96 96 96 96 95 92 96 98 98 99 99 99 98 92 96 98 97 100 101 101 101 100 103 101 98 98 98 97 98 99 101 101 101 100 101 96 99 96 91 87 86 86 85 90 89 93 91 88 93 88 91 86 84 88 83 86 83 84 89 90 92 91 87 87 86 92 92 93 90 86 85 85 88 87 86 88 86 89 91 86
101 100 98 99 98 100 98 100 97 97 99 93 94 95 96 96 97 98 98 96 96 97 96 93 93 92 94 98 99 96 95 98 99 99 101 101 100 100 103 104 100 98 98 98 99 98 99 101 102 102 100 99 93 92 95 90 91 90 89 90 87 93 94 96 94 92 91 85 86 90 85 87 87 88 89 87 91 92 87 91 86 88 90 94 93 89 86 86 85 85 86 86 89 87 90 87
98 98 98 98 99 98 99 96 98 97 98 98 98 96 95 95 96 97 97 98 95 97 98 96 97 98 90 95 101 102 101 101 101 100 100 100 103 104 104 104 104 103 104 100 100 100 99 100 102 101 98 93 95 95 94 95 93 93 91 92 91 90 96 96 92 93 95 88 91 89 89 90 86 85 90 86 87 93 90 90 88 92 91 92 94 92 88 89 87 87 86 86 86 87 89 86
99 99 97 97 96 95 98 97 97 98 97 96 97 95 95 95 97 96 96 95 97 99 100 100 101 99 97 99 101 102 101 101 101 99 100 99 99 103 104 99 105 105 104 100 100 102 100 100 102 98 98 97 96 96 97 96 96 96 92 91 95 96 93 90 85 89 93 93 92 86 93 91 84 89 86 93 90 90 93 92 92 92 93 91 94 92 88 86 90 86 86 88 87 87 90 87
99 99 98 96 95 96 95 95 97 97 92 97 95 94 96 97 97 97 96 96 96 96 96 93 96 100 102 102 102 101 102 102 100 100 99 100 103 103 105 99 98 99 102 102 103 103 100 100 103 101 99 97 96 96 97 95 96 97 95 95 96 96 93 89 84 86 83 83 91 92 93 89 88 90 94 94 91 87 88 91 92 88 94 94 94 94 94 88 92 90 88 86 87 87 87 91
98 100 98 95 95 95 94 94 95 97 98 99 98 98 97 95 97 98 99 99 98 98 98 99 98 99 101 102 101 102 101 103 101 100 100 100 99 99 103 99 100 101 104 103 103 103 103 103 103 99 99 99 97 95 96 97 97 96 96 96 95 96 93 89 85 84 83 83 84 84 87 85 91 93 94 90 86 87 87 89 90 88 87 87 88 93 88 93 89 90 87 87 86 86 88 87
102 102 101 97 96 94 94 94 97 98 98 99 99 98 98 99 98 98 97 99 99 99 100 99 100 101 101 102 102 103 102 103 103 103 101 103 103 105 103 103 103 105 105 104 104 103 103 103 103 99 99 99 98 96 97 96 98 96 96 95 94 97 94 92 92 87 84 82 81 80 84 85 87 92 92 93 88 86 87 87 89 86 87 88 91 88 91 88 89 93 90 89 86 84 86 87
97 102 101 95 96 94 93 94 96 95 96 97 97 98 98 99 99 97 97 98 99 100 100 100 101 102 101 102 102 100 100 101 101 101 102 103 104 104 104 103 103 105 105 104 103 102 102 100 100 103 100 98 97 96 97 96 98 97 96 95 97 96 94 92 94 89 84 83 84 82 84 88 86 86 89 89 90 87 88 87 87 87 87 88 88 87 87 87 88 90 91 88 88 87 87 88
99 98 99 97 94 94 93 94 94 96 95 94 94 95 100 99 97 96 97 98 102 97 99 101 101 99 100 98 99 100 101 100 101 103 104 104 103 103 102 102 103 105 105 105 103 103 103 102 100 100 100 101 99 97 96 96 98 98 98 96 95 95 95 94 93 91 90 83 79 83 83 86 84 86 87 86 85 82 84 83 84 86 86 86 85 85 87 88 88 87 92 88 87 87 88 86
101 96 96 94 94 94 94 94 93 93 94 95 99 100 97 99 100 98 101 100 101 102 102 103 101 97 98 99 100 102 103 103 104 105 103 103 103 102 102 102 103 104 104 103 102 104 102 100 99 99 99 99 99 100 99 101 100 97 95 94 95 95 97 94 94 92 90 85 81 82 83 81 81 84 81 84 83 85 85 86 86 87 87 86 86 82 84 87 88 93 93 93 88 88 88 87
98 95 96 93 95 95 94 94 94 96 93 94 100 95 95 98 98 100 98 101 102 101 99 101 103 103 101 104 102 104 102 101 100 102 101 102 102 101 102 103 103 103 102 105 105 102 102 102 101 100 100 98 99 101 100 99 97 97 97 96 95 96 95 95 95 94 94 92 85 84 85 83 83 82 82 84 85 86 85 85 82 82 86 86 88 87 83 88 87 88 89 89 89 91 89 90
96 95 95 96 94 94 94 94 94 96 99 99 96 91 92 94 94 95 96 96 97 97 99 99 104 104 104 102 102 101 101 100 104 103 100 101 102 102 103 104 104 102 104 106 103 101 101 101 101 100 99 100 100 100 98 97 98 96 96 97 96 97 96 96 94 93 92 85 85 85 86 83 85 83 84 83 87 85 86 87 84 84 87 88 87 86 85 84 85 88 87 91 91 94 93 91
93 95 94 93 96 95 94 94 97 96 96 96 95 93 94 95 95 95 95 97 98 98 97 98 100 100 101 100 99 99 100 100 101 100 102 102 101 101 102 103 103 102 103 105 106 105 105 102 102 103 101 100 99 100 100 97 96 97 96 94 95 97 95 94 93 92 84 87 85 88 87 82 87 82 85 83 86 87 87 87 83 86 83 87 87 86 86 88 85 84 85 85 87 90 90 91
93 95 94 94 94 95 97 98 96 94 92 93 95 94 95 94 93 94 96 95 94 100 97 99 99 99 98 98 98 99 100 101 103 101 101 102 101 101 101 101 101 101 102 102 102 103 106 103 104 103 101 102 100 100 100 98 98 97 96 94 89 95 91 89 89 89 85 94 91 93 90 83 88 83 85 83 86 86 87 86 83 86 87 85 83 88 89 85 85 85 85 86 86 86 88 86
96 95 96 98 99 99 99 95 93 93 93 92 94 92 93 91 95 94 95 94 100 97 96 97 100 99 98 97 98 99 99 99 100 99 100 101 101 101 101 101 101 101 102 102 102 102 105 106 102 102 104 102 100 100 99 100 98 98 97 96 90 88 90 92 90 95 96 96 91 89 87 86 86 84 86 84 85 84 87 86 86 87 88 84 86 88 87 85 85 87 86 86 86 86 86 86
94 96 99 96 96 99 94 92 92 91 91 94 94 94 90 91 92 91 93 94 96 95 95 96 100 101 96 95 97 98 98 99 102 100 100 100 100 101 101 101 101 102 102 102 102 103 103 105 102 101 102 102 101 100 100 100 100 98 97 96 91 93 93 91 88 94 97 95 90 86 84 87 88 85 86 85 86 84 88 89 88 87 88 85 85 87 86 86 86 86 89 87 86 86 87 86
93 98 94 94 98 93 95 89 90 90 90 91 93 91 90 92 92 92 94 99 95 97 97 99 100 98 96 97 98 98 99 100 103 100 99 99 99 99 101 101 101 102 103 103 103 104 104 105 102 102 101 102 102 101 99 99 100 99 99 93 95 94 96 91 97 98 98 93 90 89 86 84 87 85 86 85 86 84 89 90 87 88 89 86 85 86 90 86 88 86 87 88 87 87 87 87
90 93 90 97 92 90 93 97 93 88 89 90 91 89 91 92 92 97 92 93 93 92 94 96 96 96 97 97 98 98 99 101 99 101 100 100 99 99 101 102 102 103 103 104 104 105 106 101 103 103 104 101 102 100 97 98 99 97 97 98 93 95 94 93 93 95 98 96 95 91 86 85 84 87 86 86 86 85 86 88 90 90 89 88 86 86 87 88 87 87 86 88 88 87 89 87
92 93 87 96 96 91 91 91 94 90 88 88 88 89 91 92 95 92 91 92 92 93 95 97 99 94 95 96 98 99 99 100 98 99 100 100 100 100 102 102 103 103 104 104 104 106 104 101 101 101 103 101 99 98 92 96 99 92 93 94 95 94 94 91 91 92 98 97 94 91 90 90 86 85 85 86 86 87 87 88 86 87 87 88 90 87 88 88 91 88 92 91 88 89 90 89
82 83 88 88 92 89 87 87 97 88 88 87 88 89 91 93 89 91 92 91 92 94 96 95 97 95 95 97 98 97 98 100 99 99 99 100 100 100 102 103 104 105 104 105 106 105 103 102 102 100 104 100 99 99 99 92 92 95 88 92 95 94 93 95 91 93 98 99 94 90 89 93 88 91 87 86 86 86 88 87 88 87 87 89 88 90 91 90 92 88 87 87 88 88 89 90
85 83 83 86 95 97 87 86 88 96 96 91 89 90 89 91 91 90 90 91 92 92 93 96 96 94 95 97 96 98 99 99 99 99 98 99 99 100 103 104 106 106 105 108 106 104 103 101 101 102 104 101 101 101 101 93 97 91 87 87 93 91 92 95 98 95 97 99 96 94 90 96 91 88 94 89 86 89 87 91 90 89 93 90 89 90 89 89 90 90 89 89 88 88 87 88
81 82 81 82 80 88 97 84 84 88 87 90 90 91 90 92 89 90 91 91 92 91 91 92 92 93 95 95 96 97 98 99 99 100 101 101 101 101 103 103 105 104 106 108 104 103 103 102 102 102 102 103 102 102 101 101 95 97 94 92 91 91 90 92 96 99 94 97 97 98 95 96 95 91 96 92 92 93 92 93 90 91 94 94 90 91 90 93 93 92 90 90 92 92 91 91
79 79 78 78 81 88 96 86 85 86 87 88 95 90 92 92 90 93 90 91 91 90 91 91 93 92 92 93 96 96 98 99 100 100 101 101 100 100 101 105 106 104 106 108 107 105 104 103 103 102 103 103 104 104 103 103 102 102 101 95 93 92 96 94 94 99 99 99 99 99 96 97 94 93 95 95 94 96 94 92 95 94 90 90 91 94 91 92 94 90 91 94 94 91 90 91
76 77 77 80 83 85 87 91 86 86 87 90 93 93 92 91 90 93 93 90 90 90 91 92 91 93 95 96 96 97 98 99 100 100 100 100 100 102 103 105 104 106 108 108 108 106 104 104 103 103 102 102 103 103 103 103 103 101 100 101 101 100 99 99 99 100 99 99 100 100 99 98 95 89 90 96 94 96 95 91 97 94 93 94 92 94 96 97 94 97 95 91 93 91 91 90
77 78 83 82 82 82 84 96 90 87 87 87 89 91 94 93 92 91 89 89 91 90 92 92 92 93 95 96 95 91 96 98 99 99 99 100 98 99 102 102 103 108 109 110 108 107 104 102 101 102 101 103 102 104 101 101 102 96 92 98 98 99 99 99 99 99 98 96 97 96 99 99 94 94 94 95 95 99 98 98 98 91 92 95 95 96 96 94 94 93 92 91 91 92 91 89
76 79 81 79 81 82 84 97 83 88 86 88 89 90 90 94 91 89 90 90 92 90 92 93 93 95 96 96 96 93 92 96 93 95 96 98 98 100 100 102 105 108 110 111 110 110 106 104 94 94 100 102 103 101 100 95 101 101 94 89 93 95 97 95 98 97 96 92 89 95 98 99 98 95 98 97 93 93 91 93 96 98 98 98 97 93 95 97 94 94 93 92 91 90 87 84
76 78 76 77 79 81 82 85 89 85 86 86 86 86 90 92 94 92 90 92 92 90 92 93 91 92 95 95 96 94 92 92 92 91 92 94 97 101 99 100 106 107 108 111 111 110 107 101 98 95 91 99 101 95 101 93 92 100 95 95 90 92 96 94 92 89 89 92 86 87 88 93 98 98 98 93 89 91 90 94 98 94 93 97 95 96 94 95 94 94 93 92 87 86 78 87
79 75 75 78 80 82 83 94 86 84 85 86 85 86 90 91 94 92 90 93 93 92 93 92 91 91 91 89 92 94 94 93 90 93 92 93 96 99 100 101 107 106 107 102 105 111 109 102 101 96 95 95 101 93 94 96 93 100 97 96 93 89 90 92 88 91 92 88 87 91 89 90 90 89 88 91 94 92 91 93 92 96 94 95 96 94 94 94 94 91 86 92 88 86 87 84
75 78 76 77 78 80 82 93 85 84 85 84 85 82 86 87 92 93 92 93 89 92 92 93 93 92 93 92 91 94 93 95 92 92 93 94 94 94 97 98 106 102 99 100 105 104 109 107 98 97 99 93 94 95 91 95 91 93 99 95 91 90 92 89 90 88 93 91 92 89 93 88 93 89 91 92 90 91 91 93 92 92 93 92 92 90 91 94 94 90 90 90 90 87 76 75
76 75 77 78 82 81 82 83 85 84 85 85 84 86 86 86 88 91 93 91 89 89 89 92 89 88 89 89 89 90 90 91 94 95 94 94 95 101 102 103 98 96 99 105 107 106 107 107 98 99 98 99 92 94 95 91 94 97 95 92 91 94 90 90 88 93 95 95 89 88 90 92 91 91 91 91 91 93 92 91 90 88 89 87 89 86 87 88 92 90 79 85 77 85 74 77
76 77 77 78 79 79 81 91 88 85 84 83 86 87 88 89 91 92 93 88 87 87 89 90 91 91 91 89 91 91 90 91 92 93 93 92 96 100 97 95 96 96 97 98 97 100 100 106 101 98 100 101 96 94 92 92 91 95 92 90 91 94 93 94 91 88 91 95 92 92 90 92 92 93 92 95 95 92 90 87 83 91 94 93 89 86 86 79 83 90 85 82 74 73 76 77
76 76 78 79 81 85 92 93 89 84 84 85 83 82 82 83 85 87 92 88 86 88 88 89 88 90 89 90 87 87 87 90 91 90 92 92 94 94 94 95 95 96 97 95 95 95 98 104 104 104 104 103 100 97 96 94 92 92 94 91 90 94 93 93 93 92 90 94 97 91 91 91 92 93 95 94 93 92 93 92 89 92 93 93 89 88 90 87 82 82 73 80 74 75 76 75
76 76 77 78 79 81 83 88 87 85 86 85 86 84 85 86 88 87 91 92 88 88 87 87 87 89 89 89 89 88 89 87 88 88 91 92 93 94 95 94 96 96 98 95 95 95 96 95 98 98 98 103 103 100 99 101 98 94 92 95 92 94 95 94 93 93 92 93 97 96 93 94 94 94 96 94 95 95 93 93 93 94 94 93 87 91 88 89 82 84 77 82 86 76 75 77
77 75 75 77 81 81 84 88 93 85 86 86 85 83 83 83 85 86 90 89 89 88 87 87 89 89 90 89 90 87 87 89 88 88 88 92 94 94 94 95 95 95 94 97 95 95 96 96 97 96 97 98 103 103 103 102 102 102 95 92 97 96 94 95 97 97 99 99 99 97 97 94 95 96 96 94 93 93 94 93 94 95 92 91 86 91 88 90 88 78 86 78 86 76 77 76
76 76 78 78 81 83 83 86 95 91 87 81 82 83 84 85 85 86 87 90 88 88 88 87 88 89 90 90 89 88 90 90 89 88 90 90 93 93 94 94 95 95 95 96 98 98 99 97 97 98 97 97 97 100 100 99 100 99 100 97 97 100 100 100 98 97 97 97 96 99 99 98 98 97 97 96 95 96 94 94 94 95 93 89 85 89 92 86 90 84 89 85 81 76 76 76
75 77 78 80 80 81 86 85 93 89 82 85 86 82 85 85 84 85 86 88 88 91 88 88 89 88 89 90 90 91 90 90 89 90 92 92 91 91 93 94 94 95 95 95 95 96 97 97 99 100 97 97 100 99 98 97 96 99 100 101 98 98 96 97 96 95 95 94 94 97 97 97 96 96 96 97 97 97 97 96 96 95 93 89 89 90 93 89 91 89 84 77 79 80 78 77
78 78 83 80 89 82 82 92 86 87 88 83 84 84 86 85 86 85 85 85 89 87 88 88 89 89 89 90 90 88 88 90 89 89 91 92 92 92 93 93 93 93 94 94 94 96 97 97 97 98 99 101 98 98 98 98 101 101 98 97 97 98 98 97 96 96 94 94 94 97 95 94 96 97 96 93 96 96 96 95 96 96 94 92 93 93 92 91 82 77 78 79 79 82 78 77
76 78 79 86 81 84 82 93 85 80 85 81 82 83 85 86 86 88 86 88 90 86 87 88 89 89 89 89 90 88 87 87 90 91 91 91 93 91 90 93 94 94 94 94 95 95 97 98 98 97 100 98 98 98 100 101 100 98 98 98 95 96 97 96 95 94 94 94 95 96 95 95 95 96 96 93 94 94 96 94 94 94 95 95 95 93 92 91 89 78 79 78 80 79 78 78
77 77 86 80 80 88 84 93 92 84 81 81 82 82 83 86 86 85 89 85 86 86 86 89 89 88 89 89 89 88 89 88 90 91 90 89 92 92 92 91 94 94 94 94 95 96 96 96 96 95 96 97 99 99 101 100 99 102 97 98 96 96 94 96 96 95 95 95 94 94 97 94 95 96 94 94 96 95 95 95 94 93 94 94 94 92 87 85 86 79 77 78 79 81 78 78
77 77 84 79 81 79 82 93 85 83 82 82 80 82 83 82 82 84 88 84 85 89 87 88 88 86 86 87 88 87 87 89 90 91 93 92 91 91 94 90 90 94 94 94 93 94 93 93 93 95 96 96 97 99 100 99 98 99 98 96 96 95 94 96 96 94 95 95 93 95 95 94 95 96 94 95 95 95 94 94 92 93 93 93 93 93 86 80 80 79 77 75 79 85 78 79
80 81 77 79 81 83 85 93 84 83 84 82 80 81 82 81 83 85 86 86 87 88 89 89 88 87 87 85 87 88 91 91 91 91 92 94 91 91 93 93 91 90 93 94 93 92 92 93 95 95 94 96 97 98 100 97 96 99 99 99 98 96 96 95 93 93 94 94 94 94 96 94 94 94 93 94 95 93 91 93 92 85 88 89 89 93 88 80 78 79 79 77 79 82 82 80
79 79 79 81 81 82 82 87 84 85 87 87 85 81 81 83 83 84 85 87 87 89 89 88 86 88 89 87 87 88 90 92 94 92 94 94 93 93 90 96 91 90 92 94 92 93 94 94 95 94 94 96 97 100 100 99 96 96 97 97 97 97 96 97 95 95 95 96 94 94 93 93 94 94 93 93 93 91 89 91 86 88 82 85 89 90 92 77 79 81 80 80 88 83 81 78
