Climate/data/grids_germany_multi_annual_precipitation_1981-2010_17.asc
NCOLS 654
NROWS 866
XLLCORNER 3280414.711633467
YLLCORNER 5237500.62890625
CELLSIZE 1000
NODATA_VALUE -999
[rows 615 to 655 of 866, columns 276 to 367 of 654]
790 811 782 777 739 782 767 756 712 762 765 764 736 683 709 654 709 704 657 706 725 729 718 710 704 707 721 709 710 709 705 712 716 715 718 714 713 719 715 693 686 715 689 664 655 653 634 637 639 645 643 656 692 725 738 732 740 747 741 753 736 756 738 734 743 749 739 735 738 736 728 721 692 690 713 711 678 695 708 689 693 704 700 688 694 675 657 660 654 658 651 648
812 801 795 764 779 774 779 757 733 739 771 747 733 661 665 689 644 654 711 727 715 712 721 716 712 720 706 701 711 716 712 722 724 724 733 714 706 721 711 694 677 677 702 663 654 653 654 642 640 641 653 673 687 728 734 742 732 730 727 732 749 753 738 738 707 735 740 734 728 712 723 715 704 706 689 671 667 678 678 672 668 674 676 672 669 673 640 653 654 662 639 629
809 753 783 708 790 751 785 739 733 709 759 730 746 654 711 737 687 673 711 669 709 722 730 704 715 701 712 714 707 714 702 713 725 732 728 707 706 688 708 685 667 674 658 662 649 646 637 636 639 638 650 674 723 736 734 739 740 743 742 758 761 745 736 739 730 723 723 725 727 713 666 676 666 667 678 686 707 710 709 693 689 686 688 689 686 675 663 662 654 656 641 643
784 728 709 715 805 736 785 788 685 669 670 680 660 681 747 756 724 672 722 720 728 686 706 690 685 682 684 673 676 685 698 709 719 724 721 703 717 708 697 672 659 658 645 646 642 637 637 638 642 644 661 745 743 732 725 712 733 738 752 756 740 756 750 740 731 723 709 708 684 673 710 690 699 706 705 705 695 706 692 689 690 684 674 664 666 669 668 655 656 650 649 650
717 716 697 726 717 787 815 815 685 711 736 734 754 777 763 771 730 692 715 739 747 731 731 700 693 705 699 704 697 695 692 696 698 705 715 707 690 681 686 663 657 661 662 648 641 646 642 639 643 658 699 757 728 716 684 706 748 743 706 770 754 749 761 732 701 693 675 674 688 695 707 702 706 706 710 704 693 690 678 682 676 684 683 674 672 672 652 645 650 652 650 657
763 815 718 680 782 795 777 785 691 681 755 756 787 802 787 737 715 693 767 764 759 732 725 711 694 724 694 707 719 705 698 695 708 705 693 692 691 690 672 660 655 648 643 642 643 645 648 643 661 708 724 725 756 743 715 683 726 729 736 722 723 758 739 731 682 702 715 708 710 706 703 700 698 699 694 685 678 681 680 697 688 693 710 680 668 660 641 653 653 655 649 657
831 849 791 718 698 680 678 683 682 747 679 743 764 784 767 751 775 747 696 761 757 764 742 725 721 725 716 713 707 705 704 698 706 694 680 699 691 671 658 659 657 649 645 671 654 652 656 661 668 674 699 712 740 715 701 684 673 706 705 758 753 716 710 706 709 738 689 710 708 695 697 694 704 703 698 688 692 709 707 703 690 679 672 676 692 678 656 641 658 658 652 650
770 823 803 754 758 752 721 763 777 760 701 762 791 790 801 760 787 795 783 767 726 766 757 736 744 746 741 736 713 703 711 719 712 692 703 691 665 656 656 659 658 658 661 686 671 660 661 659 683 700 687 673 689 660 666 656 694 694 664 696 698 697 687 671 689 724 718 712 714 702 700 714 724 733 729 726 722 721 722 722 717 701 697 684 681 682 696 660 645 658 654 650
756 778 805 769 788 757 730 772 791 768 720 687 790 798 802 790 784 785 742 788 763 675 729 744 740 743 747 726 722 727 726 725 703 701 702 677 666 666 692 677 681 665 673 702 672 669 691 689 675 676 680 696 686 688 676 710 718 739 727 685 673 686 729 682 685 710 721 720 705 705 712 710 711 715 703 701 692 683 696 698 707 686 690 686 665 656 651 647 642 649 652 656
772 807 815 736 798 709 774 751 792 796 690 735 783 816 815 801 800 800 734 792 787 776 757 709 747 660 698 730 726 734 723 712 714 753 692 693 684 744 736 700 677 677 687 698 706 736 694 684 684 684 701 701 709 739 685 745 755 735 757 705 694 732 703 700 682 726 717 705 699 703 703 693 693 694 687 676 661 699 662 707 685 692 657 652 644 652 653 664 647 647 659 654
750 727 771 775 792 754 783 795 801 775 747 789 760 819 818 815 810 809 806 729 790 789 775 765 773 735 670 728 736 732 716 706 701 693 702 756 740 727 758 781 720 710 745 751 738 729 728 751 754 755 712 736 714 702 699 746 726 726 728 749 740 739 720 713 719 722 707 698 698 695 696 695 696 682 678 686 680 642 648 645 641 635 640 641 650 655 642 653 648 646 649 647
792 740 778 796 744 757 736 767 781 790 754 806 778 811 828 813 805 808 798 746 771 782 788 788 763 762 694 739 738 724 723 694 689 677 694 698 739 752 732 740 755 769 757 759 732 720 713 720 752 717 766 757 734 730 766 756 729 707 721 702 699 697 730 717 716 703 711 698 699 697 676 684 680 679 669 664 633 629 626 621 634 631 664 673 677 664 679 670 646 642 641 649
791 784 761 796 753 796 739 793 814 814 726 815 773 807 836 809 813 798 790 777 768 771 784 779 766 748 748 713 735 725 702 681 678 662 666 714 717 723 731 730 737 739 767 763 734 725 714 697 731 727 764 773 762 768 758 768 752 748 743 734 733 717 708 694 701 694 673 696 684 694 696 682 663 640 630 643 656 655 645 635 654 637 654 685 687 688 689 672 660 663 667 651
802 810 789 806 771 785 772 807 825 785 782 816 830 825 835 818 817 806 785 765 760 771 775 781 771 776 760 662 719 713 701 684 677 661 692 704 699 686 747 735 735 726 728 727 751 786 727 705 700 697 706 736 750 763 760 752 744 719 749 710 748 734 735 710 659 691 674 658 663 669 665 669 681 665 657 658 670 674 665 666 675 668 686 699 698 699 687 692 681 670 661 655
801 808 770 775 788 778 788 832 815 760 745 811 821 828 823 818 822 805 782 766 767 768 782 782 783 779 759 706 709 716 702 683 669 670 689 660 692 693 721 731 736 738 724 728 752 713 748 746 727 723 709 721 739 747 751 746 746 729 713 736 699 688 735 725 698 701 703 684 665 668 670 668 635 665 669 679 688 688 689 672 672 684 702 708 717 712 687 699 690 678 659 642
852 834 802 796 798 803 811 834 847 837 744 834 843 844 809 816 804 806 793 771 756 772 788 791 797 785 759 744 677 717 712 686 678 713 713 676 712 719 733 743 757 722 725 724 733 725 742 747 744 743 736 695 708 751 753 754 744 745 739 730 703 704 707 668 715 658 697 660 668 701 676 699 638 653 664 663 693 699 685 665 651 673 702 719 724 717 718 719 707 666 666 641
841 837 823 812 833 849 840 854 825 854 808 764 813 828 801 827 826 812 772 765 754 760 789 781 772 773 753 688 691 712 698 681 690 715 724 723 715 714 733 737 742 726 734 728 731 743 758 735 720 719 739 717 757 761 774 758 749 726 723 719 729 690 681 731 703 705 707 661 693 706 703 704 703 715 695 702 691 704 687 671 663 683 709 725 723 716 703 702 700 701 676 654
858 847 833 817 845 858 868 873 875 868 869 829 786 842 821 836 831 828 784 770 774 775 788 797 800 786 767 736 717 708 693 678 697 749 743 731 717 712 719 750 737 728 730 728 728 789 760 789 783 740 722 719 743 741 740 764 757 713 718 725 684 730 718 699 722 702 708 684 714 718 718 711 717 720 716 715 716 708 696 673 668 676 690 729 727 728 721 726 710 689 690 661
859 862 847 766 778 867 860 845 863 874 866 852 847 786 814 846 829 833 802 775 783 783 781 786 794 775 752 738 703 698 679 689 699 695 710 756 717 725 734 735 732 731 738 728 732 772 763 800 798 796 740 721 709 752 751 748 762 724 680 715 732 679 730 728 711 718 689 710 716 716 725 717 739 728 738 726 713 696 679 689 680 679 665 698 708 718 723 714 712 698 697 687
783 814 878 906 887 896 878 821 880 869 866 878 853 855 847 854 852 846 826 812 795 786 797 791 794 769 757 740 740 704 690 686 709 727 757 797 802 747 735 733 732 735 733 735 731 726 735 798 746 727 726 712 706 736 766 726 717 729 677 672 659 646 672 702 723 698 736 711 711 717 745 739 739 741 739 720 715 707 693 668 661 680 695 683 702 690 716 737 716 715 711 697
872 843 892 908 910 902 888 882 861 875 873 882 865 861 856 851 869 859 835 826 806 795 804 795 778 761 769 746 721 718 697 713 731 715 778 776 774 798 759 754 758 760 738 728 724 728 734 762 760 783 725 709 708 703 722 742 729 713 707 688 658 659 666 674 665 723 707 720 708 734 747 750 738 745 743 720 716 709 711 675 687 663 686 707 688 672 684 699 702 712 698 704
904 823 903 915 912 917 890 897 893 892 874 876 880 877 866 871 873 865 848 828 811 809 802 779 774 766 765 749 735 727 708 725 766 739 767 790 768 768 777 763 770 733 749 724 733 734 767 740 783 783 771 756 722 711 693 736 732 721 698 689 702 700 721 732 675 720 734 731 747 741 755 760 761 740 751 736 720 719 712 715 710 713 708 706 699 700 703 701 705 707 726 715
927 926 813 880 908 923 906 899 871 891 896 894 886 886 889 880 877 866 856 833 818 801 786 770 784 772 773 752 726 716 715 752 811 778 827 795 772 771 761 780 735 758 745 724 730 726 734 739 783 793 788 754 737 725 694 682 706 717 678 700 690 703 722 731 734 746 760 765 768 761 751 758 737 751 746 745 749 748 740 736 736 737 709 696 709 703 694 729 727 717 733 731
911 904 888 932 943 939 925 922 915 895 900 901 891 889 892 878 883 870 849 837 831 803 781 767 789 772 772 755 752 744 750 749 745 814 797 775 772 767 757 748 738 729 729 742 719 715 721 721 741 771 774 784 720 715 740 696 687 680 677 726 710 715 729 748 746 766 766 755 767 763 760 755 731 729 729 742 744 732 730 715 733 730 714 712 710 718 724 735 724 718 713 705
925 910 897 933 887 931 910 905 924 912 899 914 901 888 897 880 891 882 854 829 838 821 803 785 799 790 770 763 764 739 730 747 795 816 765 786 777 775 761 764 796 779 740 728 713 706 704 722 727 734 735 741 715 724 704 725 733 691 684 731 714 723 742 743 759 743 758 760 749 761 760 751 727 748 724 722 730 719 710 719 705 733 735 740 739 719 717 724 716 717 723 720
918 931 842 822 924 925 850 891 901 920 922 908 901 901 887 892 895 878 863 837 837 812 811 809 804 783 759 765 747 760 746 753 755 749 770 800 805 786 797 778 764 790 743 717 738 696 721 716 737 737 748 761 746 764 731 714 723 726 721 694 727 743 739 749 711 707 709 720 762 761 757 746 743 738 726 724 728 729 734 716 717 716 730 736 730 730 737 745 748 730 765 774
939 936 933 928 836 931 940 936 899 912 908 917 906 882 892 890 893 878 850 855 828 826 823 814 796 775 757 754 780 790 752 743 774 782 785 852 845 849 822 978 774 752 737 707 703 702 699 735 740 742 749 747 749 771 762 747 752 793 768 752 696 701 720 733 720 702 713 761 742 743 759 745 733 731 722 730 729 729 719 720 716 726 723 728 729 731 716 743 814 807 741 762
941 945 962 955 888 900 929 941 935 936 935 935 914 913 889 893 895 876 856 848 841 817 806 801 801 791 785 789 814 802 764 765 779 839 792 833 866 825 852 783 774 758 738 729 748 752 721 718 721 732 752 762 757 794 776 778 769 773 765 749 713 702 719 712 707 758 742 716 692 697 716 743 726 730 724 737 733 735 739 744 733 732 725 727 715 690 693 693 736 735 713 736
947 953 968 950 875 970 973 943 953 929 943 931 915 903 865 883 882 887 847 828 833 822 810 825 820 814 797 793 783 788 803 820 864 822 807 861 864 825 819 821 797 768 747 735 732 728 731 724 723 722 729 765 749 769 785 776 762 759 744 749 713 744 720 751 753 747 722 718 724 723 727 698 718 715 735 750 746 746 747 746 766 745 741 730 730 711 700 705 710 694 704 738
892 937 961 976 854 920 974 971 954 955 947 929 927 909 881 841 882 877 847 827 821 822 815 824 835 843 812 784 794 813 868 852 849 841 846 843 874 827 815 819 834 774 756 744 744 739 733 729 728 725 741 767 751 764 755 771 738 766 761 743 763 759 758 760 754 736 739 764 766 762 762 717 717 717 716 758 749 733 732 737 738 742 732 730 731 713 702 706 697 712 719 723
945 942 979 999 860 920 981 981 947 955 953 949 923 844 905 878 867 860 841 833 829 817 851 861 846 851 829 817 808 880 866 862 843 860 869 867 846 820 815 823 836 792 776 795 780 754 743 735 735 729 732 772 772 769 755 788 766 769 763 760 768 768 766 759 754 762 773 778 772 753 763 759 755 743 734 720 728 736 737 735 729 737 741 738 731 726 764 728 809 709 731 749
848 956 978 996 904 895 981 978 927 940 940 937 919 848 901 885 871 858 838 838 832 830 862 857 848 844 848 847 863 862 860 872 862 849 851 851 845 823 810 810 806 797 822 836 815 790 750 738 732 730 726 739 772 740 749 768 752 774 760 751 760 754 752 740 742 751 754 762 770 765 750 781 724 770 771 771 726 743 741 750 739 735 732 732 731 713 694 700 735 726 739 759
943 961 979 995 1017 921 978 967 938 915 827 876 862 908 877 869 882 878 846 840 834 861 866 862 857 854 854 852 883 913 870 848 847 846 846 853 849 837 810 799 790 798 829 828 784 814 761 751 734 735 724 727 729 741 731 733 725 771 765 757 751 752 734 748 752 743 761 760 752 749 748 749 749 740 740 761 740 743 751 747 747 734 716 737 737 726 749 780 792 805 760 740
943 965 972 996 1006 928 840 906 908 866 906 922 911 921 899 882 877 870 853 838 837 864 869 861 861 859 852 860 903 891 872 851 850 847 845 835 845 834 818 793 809 837 828 810 777 769 805 763 752 733 736 731 732 736 731 724 729 755 765 740 741 737 724 734 743 743 747 758 760 760 757 762 750 744 736 741 741 751 767 759 752 728 725 719 720 717 719 735 740 741 743 736
851 945 977 982 1000 986 955 876 917 871 911 906 882 883 893 858 869 873 875 879 858 879 873 851 860 852 860 865 879 903 894 860 849 847 840 858 875 823 818 789 840 802 810 812 812 799 753 799 754 747 736 740 752 742 738 724 723 752 742 734 741 729 723 725 736 732 726 742 737 751 751 750 751 752 755 749 753 758 760 771 762 747 718 715 721 722 722 717 721 721 711 717
853 960 929 967 962 956 947 951 942 919 821 820 861 858 845 828 877 903 895 893 867 850 858 859 849 858 876 912 886 883 925 876 857 844 834 849 878 864 809 786 793 801 827 806 776 766 745 749 780 781 771 759 773 746 773 767 745 727 719 732 716 721 715 709 706 721 721 721 730 740 737 756 820 780 838 799 800 793 854 864 798 748 716 746 811 738 730 727 718 718 718 698
797 849 963 951 918 949 939 933 945 932 918 869 857 839 871 842 897 902 902 890 874 872 858 848 838 858 914 876 883 879 869 862 875 856 842 834 867 819 801 782 817 830 824 806 803 792 785 756 747 781 785 778 787 762 779 756 755 736 716 712 717 713 706 696 709 716 718 716 722 726 732 740 762 825 839 874 864 768 761 751 742 739 786 782 810 802 745 733 733 715 704 697
946 816 950 901 938 950 938 935 934 908 867 853 870 885 885 893 889 901 892 863 867 848 833 825 832 849 855 881 887 876 865 851 836 844 825 811 860 825 799 784 792 822 820 794 803 804 749 782 786 757 780 774 787 777 776 768 757 748 731 719 714 712 710 701 705 711 713 710 720 721 725 764 775 788 804 804 789 828 846 826 789 740 732 704 708 729 728 713 733 716 681 694
945 821 855 925 918 933 935 907 910 907 886 889 880 907 888 894 882 873 816 839 854 846 836 836 837 841 845 875 897 928 870 856 844 842 819 820 869 834 826 778 831 794 812 770 797 786 765 754 756 758 764 784 785 778 767 759 758 740 744 732 726 723 706 696 700 708 703 705 710 720 719 723 746 767 794 801 809 870 861 823 820 783 759 747 687 724 680 688 694 695 692 693
788 927 938 927 901 904 904 905 911 896 889 896 894 891 882 885 869 866 871 867 805 854 837 830 837 845 868 881 907 872 903 876 841 832 831 812 816 845 792 774 778 813 775 794 788 782 779 762 774 780 770 795 796 777 772 763 765 754 740 737 730 736 718 701 705 700 698 701 707 744 761 744 734 751 795 815 793 801 796 808 794 781 782 774 774 800 723 705 695 709 700 700
840 783 900 906 888 903 906 876 884 875 873 859 863 865 880 874 870 869 853 844 834 851 844 833 842 851 920 918 899 865 852 861 886 879 828 813 803 831 817 775 761 782 765 786 810 806 798 804 790 783 772 771 780 775 766 758 749 744 731 726 724 726 716 706 710 710 704 703 701 705 711 705 716 728 762 829 822 829 778 759 740 729 770 787 793 808 773 723 724 739 732 711
