Climate/data/grids_germany_multi_annual_precipitation_1981-2010_09.asc
NCOLS 654
NROWS 866
XLLCORNER 3280414.711633467
YLLCORNER 5237500.62890625
CELLSIZE 1000
NODATA_VALUE -999
[rows 408 to 458 of 866, columns 480 to 575 of 654]
52 53 53 53 54 53 53 53 55 54 54 55 54 53 52 53 53 52 53 54 52 53 50 49 48 48 50 48 48 48 49 47 47 47 46 46 46 46 47 47 47 47 47 47 47 48 48 49 49 48 46 46 46 46 47 47 47 47 48 48 48 48 47 48 47 47 46 47 47 47 49 50 50 50 53 53 51 52 53 54 54 55 55 54 55 55 55 54 55 55 57 54 55 57 54 53
52 52 54 54 54 54 53 53 53 53 54 54 54 54 54 53 52 53 53 55 54 54 52 48 48 47 46 48 49 48 48 48 49 48 47 47 48 47 47 48 47 47 47 47 47 47 47 48 48 46 46 45 46 46 47 46 47 47 47 48 48 47 47 47 47 47 46 46 46 47 48 50 49 51 51 52 53 52 53 54 54 55 55 57 57 57 55 54 55 57 55 55 54 55 56 53
52 52 54 55 55 53 54 54 54 55 56 55 55 55 55 54 54 54 58 57 56 54 51 49 48 46 48 49 48 48 49 48 48 48 47 49 47 46 47 47 47 47 47 47 47 47 47 47 47 47 46 45 46 46 47 46 48 47 47 46 46 46 46 46 46 46 46 46 48 48 48 49 50 51 52 51 52 52 53 54 54 55 56 55 57 56 55 56 56 58 56 57 55 55 53 53
53 53 53 53 55 55 54 54 55 55 57 56 56 55 55 55 55 54 55 55 53 53 53 50 48 47 48 48 48 48 50 48 48 49 47 47 46 46 45 47 48 48 47 48 47 48 46 47 47 46 47 47 47 46 47 47 47 48 48 48 47 46 46 46 46 46 46 47 47 48 48 49 50 51 51 52 52 52 54 54 56 56 56 56 55 57 56 56 58 57 55 55 61 55 55 55
54 53 54 53 53 55 54 55 55 56 56 56 56 55 55 55 55 55 55 55 53 51 50 48 47 47 50 48 47 49 49 49 49 48 47 47 46 45 46 48 49 49 49 48 47 47 47 47 47 47 48 48 47 47 48 48 47 48 47 48 47 47 46 46 46 46 46 47 48 48 48 49 50 50 51 52 52 52 53 56 56 57 55 56 56 56 56 56 57 57 56 55 56 57 56 56
55 53 54 53 53 55 54 55 56 56 56 56 55 55 55 55 54 55 55 55 53 53 51 49 47 48 49 48 47 48 48 48 48 48 47 45 45 46 47 48 47 48 50 50 48 48 47 47 47 48 48 48 48 48 48 48 47 47 47 47 47 48 47 47 46 46 46 47 48 48 48 48 50 50 50 51 52 53 55 56 55 56 56 57 56 59 57 56 57 58 57 57 56 59 60 62
54 54 53 53 55 53 55 56 56 55 55 55 55 55 55 55 55 55 54 55 54 53 49 49 48 49 48 48 48 49 48 47 47 47 47 47 49 49 49 48 49 50 50 50 49 50 48 47 49 50 50 50 51 48 48 48 47 47 47 47 47 47 49 48 47 47 47 48 48 48 48 49 49 50 50 50 51 55 53 55 55 55 56 56 57 61 58 60 58 59 57 57 56 58 59 60
55 55 53 54 55 56 57 58 57 57 57 56 56 55 56 56 54 53 53 55 54 53 53 50 49 48 48 49 49 50 48 49 48 49 48 48 48 48 49 50 50 49 49 51 51 51 49 49 52 52 52 52 53 51 51 49 48 48 47 48 49 48 49 48 47 48 50 50 48 48 48 48 50 50 50 50 50 54 53 54 54 55 55 56 58 63 62 58 60 60 59 58 58 57 58 60
55 55 55 55 55 57 57 58 57 58 58 56 56 56 55 56 55 54 54 54 54 53 52 50 50 50 49 50 49 49 48 48 48 49 49 49 49 49 50 51 51 50 50 51 51 51 50 48 52 49 52 53 52 51 51 48 48 48 48 48 48 48 48 49 49 50 50 50 49 48 48 50 50 50 50 51 51 52 52 54 54 55 56 56 59 59 59 59 58 59 60 59 60 59 60 61
53 53 53 57 58 59 58 58 59 58 58 56 57 57 57 57 57 54 53 51 51 50 51 51 50 50 50 51 51 49 49 49 49 50 50 50 51 50 50 51 51 51 51 52 52 50 52 50 50 52 52 49 50 50 51 48 48 49 49 50 48 50 48 49 49 50 50 50 50 48 47 48 50 50 50 52 52 51 52 53 54 55 56 56 57 58 61 60 58 59 59 62 62 61 59 63
55 52 55 55 53 55 56 58 58 59 58 56 58 58 58 57 57 57 56 54 53 51 52 50 51 51 50 51 50 48 48 49 48 50 50 51 53 51 52 52 51 50 52 52 52 52 52 49 48 52 52 49 49 49 51 48 48 49 51 50 50 48 49 49 48 50 50 50 49 49 49 49 49 51 51 53 53 51 53 54 53 54 55 56 57 58 60 59 58 58 64 62 63 62 62 61
52 56 57 57 56 57 57 57 58 59 59 58 58 58 57 57 57 57 55 55 53 53 53 53 52 53 52 51 50 49 47 47 50 50 52 52 52 53 52 53 51 51 52 53 53 53 52 51 49 48 49 48 48 50 50 48 49 51 50 51 51 51 50 49 49 49 48 49 50 49 50 50 50 50 51 53 52 51 53 54 54 55 56 56 56 61 63 61 61 59 61 61 62 64 62 60
52 55 55 57 56 56 56 58 58 58 59 58 59 56 57 56 57 57 55 57 54 56 54 52 52 53 51 50 50 49 48 48 51 52 53 53 53 51 52 52 51 52 54 52 51 51 52 51 50 52 49 50 50 50 50 49 51 48 49 49 51 52 50 50 50 48 50 50 49 49 49 50 51 51 52 52 51 51 53 54 54 54 55 56 58 60 61 62 62 61 60 61 61 61 61 60
53 52 55 55 55 56 55 57 58 57 57 55 56 56 56 56 58 58 58 56 54 56 54 54 53 54 53 52 50 48 48 50 51 51 53 53 54 54 52 52 52 53 52 51 50 51 51 50 52 48 51 50 50 50 50 49 47 48 48 52 51 51 50 50 50 50 49 51 50 50 50 51 50 51 52 52 51 51 52 54 56 56 56 57 58 59 60 61 62 62 61 61 60 60 61 62
55 55 52 55 53 55 55 56 57 56 57 56 56 55 56 58 58 58 58 56 56 56 56 55 55 53 52 51 50 52 50 48 52 52 52 54 55 54 53 55 53 52 50 53 53 53 54 52 52 52 47 47 49 48 49 47 47 47 48 50 52 51 50 50 50 50 49 49 49 50 50 49 51 51 52 52 52 52 54 54 54 56 57 56 58 58 60 60 62 62 61 61 61 60 61 60
55 55 53 52 53 53 55 56 57 56 55 55 55 55 57 58 58 57 57 57 58 56 56 55 57 51 53 51 52 52 52 53 53 53 53 55 56 54 53 56 54 53 51 50 52 52 54 52 51 49 51 48 45 45 46 47 46 46 47 48 49 51 51 49 50 51 50 50 50 50 50 50 51 51 52 53 53 53 54 54 56 56 58 58 58 58 59 60 61 61 60 61 60 61 61 61
55 53 52 52 53 55 56 56 57 55 53 53 53 53 55 55 57 57 58 58 59 58 56 55 54 55 53 51 52 52 52 53 53 53 54 57 57 55 55 54 54 54 52 52 50 54 52 52 51 50 49 48 45 45 48 47 47 47 47 46 48 52 51 50 50 50 50 51 50 50 49 50 50 51 52 53 53 54 54 55 56 56 55 59 59 58 59 60 60 61 61 61 61 61 61 60
55 55 53 53 53 52 55 57 56 55 53 53 55 53 55 57 57 58 55 57 57 54 57 56 55 53 53 53 52 52 51 52 54 53 55 56 54 54 54 52 55 54 54 54 52 56 53 52 52 50 50 48 47 48 46 49 46 47 46 46 47 50 50 51 50 50 50 50 51 50 49 49 51 51 52 52 53 53 55 54 56 56 57 58 58 60 60 59 60 60 60 61 62 60 60 59
55 55 55 55 53 52 53 55 52 53 54 55 56 58 55 53 56 56 58 55 54 57 58 57 55 55 54 54 54 54 54 53 55 58 56 56 57 56 54 54 55 54 55 54 53 51 54 54 53 52 52 48 49 51 48 47 47 46 46 46 46 48 51 51 51 50 51 51 51 51 49 47 50 51 51 52 53 55 54 56 56 57 57 57 57 58 60 59 59 58 59 59 60 60 60 58
56 56 54 54 52 54 52 52 52 56 57 58 58 57 59 56 56 53 52 53 55 56 57 58 58 58 55 55 55 56 54 54 57 56 57 59 57 55 58 55 56 54 56 55 54 53 53 53 54 53 52 47 52 53 52 53 47 46 46 46 46 47 50 50 50 51 52 52 51 51 49 50 51 50 51 52 54 55 56 57 58 57 57 57 57 58 58 58 58 59 59 59 58 59 58 58
56 56 56 55 52 53 56 55 55 58 57 56 57 59 57 57 58 58 57 57 53 56 54 56 56 55 54 53 55 56 55 56 55 57 59 60 58 57 55 56 56 54 55 54 54 54 51 52 52 52 47 52 52 52 53 53 53 48 46 46 45 46 51 50 50 49 50 53 51 50 51 50 51 51 51 52 54 55 55 58 58 57 56 57 57 57 58 58 58 60 57 57 58 57 58 58
56 56 57 56 56 53 57 57 57 58 61 59 58 60 58 59 60 59 59 59 55 55 53 56 52 53 53 55 53 55 54 56 56 57 59 59 58 58 57 57 57 56 56 55 54 54 53 53 52 53 53 52 52 53 54 53 52 51 48 46 44 46 45 46 47 48 47 48 48 49 49 48 49 51 52 52 52 55 54 56 56 56 56 57 58 58 58 58 58 58 58 57 57 58 59 59
55 55 56 55 55 53 55 57 56 58 61 61 61 61 61 59 60 60 61 60 59 57 54 54 53 53 53 53 53 55 55 58 58 59 59 59 58 58 58 58 57 57 57 58 58 54 55 53 52 53 52 52 52 53 55 53 53 52 47 48 45 45 46 46 46 46 47 47 47 47 47 49 49 49 51 53 55 53 56 56 55 56 57 57 58 58 58 58 58 58 58 57 58 58 59 57
59 59 55 54 54 55 55 57 58 58 61 59 60 61 61 61 60 60 61 61 58 54 54 56 55 57 57 56 58 58 59 58 59 60 58 59 58 56 58 57 57 58 57 59 59 57 56 56 54 55 54 53 53 54 54 53 54 53 51 51 52 48 46 46 45 45 47 47 48 48 48 48 50 49 52 55 55 55 55 56 55 56 56 58 58 58 58 58 58 58 59 57 58 57 59 58
59 58 57 55 55 55 53 54 56 60 59 60 59 61 61 62 62 60 60 59 59 59 54 58 58 58 60 60 56 57 59 60 59 60 59 59 58 59 58 57 57 60 59 57 59 60 58 57 52 55 55 54 53 54 56 56 54 52 53 51 53 49 51 46 46 47 47 49 48 48 48 48 49 50 51 53 54 55 56 55 56 55 57 56 56 56 58 59 58 58 58 57 58 58 56 56
59 58 57 55 55 56 56 59 58 59 57 59 58 58 60 61 62 59 60 59 59 54 59 59 58 58 60 58 59 55 58 60 60 60 60 61 60 60 58 56 57 57 56 58 58 57 57 57 52 55 57 55 53 54 55 56 55 55 55 55 55 55 54 54 50 48 49 50 48 48 48 48 49 48 48 50 49 54 54 54 55 56 56 57 57 57 57 59 59 58 58 57 58 57 55 57
58 58 58 57 57 58 55 58 60 59 58 57 60 61 61 61 61 59 60 60 60 55 60 60 58 59 59 58 60 59 57 58 60 62 57 59 59 57 57 58 57 57 57 57 57 57 56 56 56 53 55 57 57 54 57 57 56 55 56 57 57 55 56 55 56 53 49 51 49 49 49 49 48 47 47 47 47 51 53 56 57 58 58 57 59 59 58 57 57 57 56 56 56 55 56 56
58 57 57 58 58 56 56 61 63 63 62 57 60 58 58 60 61 60 60 59 59 56 59 56 59 58 59 60 60 57 57 55 56 58 55 55 55 58 56 55 58 58 58 58 57 56 53 54 53 53 53 55 56 55 56 57 57 56 58 57 58 58 57 57 55 53 53 52 49 50 49 49 48 47 47 48 47 47 55 55 56 57 58 59 59 57 57 56 56 55 55 56 55 56 56 58
60 58 58 59 57 57 61 62 62 64 63 59 57 58 58 60 59 59 58 59 59 56 58 60 60 60 60 59 59 58 56 58 55 60 58 56 56 56 56 56 56 55 55 56 55 55 53 54 53 52 53 56 55 54 56 56 56 56 56 57 58 58 57 57 56 55 52 53 50 49 49 48 48 48 48 47 47 47 50 53 54 58 58 58 59 59 57 55 56 55 56 56 57 57 58 58
61 59 58 58 57 59 61 63 65 64 62 61 60 59 59 60 61 59 60 58 59 60 60 61 60 60 60 60 61 60 56 59 59 61 61 58 56 56 57 58 58 55 58 57 56 56 54 54 55 51 52 56 55 54 57 57 56 56 57 58 59 58 57 57 58 55 53 54 52 49 49 48 48 48 48 47 47 47 48 49 53 57 59 60 60 61 57 57 58 58 56 58 57 57 59 60
59 59 59 59 59 59 62 63 64 63 63 61 59 60 61 61 60 60 61 60 59 61 62 60 62 61 62 60 60 59 59 60 61 62 62 59 60 59 57 59 60 55 57 56 57 57 56 56 54 53 53 56 55 56 56 56 57 57 56 57 57 58 58 57 55 56 54 55 49 50 51 51 51 48 48 47 47 47 48 49 50 56 59 59 60 58 58 56 57 56 53 57 59 61 60 59
59 59 58 60 61 59 62 65 65 64 60 60 61 61 61 61 61 61 61 62 60 61 62 61 61 62 60 61 60 60 58 60 62 62 63 60 60 60 58 59 59 58 54 58 57 57 57 57 58 56 54 55 55 57 58 58 58 57 57 56 59 58 55 52 51 52 54 49 52 53 51 49 48 48 48 48 48 48 48 49 49 50 51 54 54 55 54 54 55 55 54 56 58 61 63 62
61 59 60 62 62 59 64 65 65 65 63 60 60 62 62 62 62 62 62 61 58 62 62 61 60 62 61 62 61 61 60 61 63 63 61 61 61 61 58 58 59 59 59 54 56 58 59 59 58 58 56 56 55 56 57 58 60 58 58 55 57 57 56 54 53 50 50 52 55 53 53 52 51 49 49 49 48 48 49 49 49 49 50 51 52 54 53 53 54 55 56 56 57 58 60 62
61 60 64 60 60 60 61 62 65 65 64 62 62 63 61 61 62 62 58 59 60 59 63 62 61 62 62 62 61 62 61 61 63 63 62 61 62 62 61 59 60 60 58 57 56 59 58 60 59 59 58 56 55 55 58 60 60 58 59 57 54 57 57 55 54 51 48 55 54 55 53 52 51 51 49 49 48 48 47 48 48 49 49 50 51 52 52 53 54 54 54 55 56 56 60 59
61 61 61 67 57 58 62 64 64 66 64 65 64 63 63 63 64 61 60 60 61 61 61 61 62 63 62 62 63 62 61 59 61 61 62 62 61 60 61 61 61 60 58 56 59 57 57 57 58 59 59 58 59 57 59 63 63 60 58 56 54 59 58 55 52 49 52 50 52 53 55 54 53 50 49 50 47 48 48 49 47 47 48 48 50 51 51 52 54 55 55 57 57 58 58 57
60 61 60 63 58 58 61 61 63 64 62 63 64 63 63 62 63 63 59 57 57 60 61 61 62 64 63 62 62 63 62 63 59 61 62 60 61 61 61 62 61 61 62 59 60 58 59 59 59 59 60 60 60 59 58 61 60 61 60 58 58 57 55 54 50 51 57 54 54 52 54 52 53 53 52 48 51 50 51 51 48 47 46 47 48 47 50 52 55 56 56 56 55 58 58 54
61 60 62 61 56 59 62 64 65 63 63 62 62 61 62 61 62 63 63 57 60 59 60 61 62 62 64 64 63 61 61 63 60 60 58 61 61 61 61 61 61 60 58 61 61 60 56 58 60 59 60 61 60 59 60 60 59 60 59 59 58 58 57 52 51 56 55 56 57 54 53 53 54 52 49 53 52 51 51 50 49 50 47 47 46 47 47 49 53 56 56 54 55 50 54 56
60 58 59 60 56 61 62 64 65 64 63 62 63 62 61 61 62 62 61 60 59 56 61 63 62 62 63 64 63 64 63 63 61 61 60 60 61 60 61 61 62 61 58 60 62 60 60 59 59 59 59 61 61 59 62 62 59 61 63 60 59 58 57 53 55 54 54 53 57 58 56 53 54 50 50 50 53 52 51 50 50 48 49 50 49 48 45 49 53 56 55 55 54 56 59 55
61 62 62 60 58 59 63 64 64 64 64 64 63 63 63 62 62 61 61 60 57 60 63 63 64 63 63 64 63 62 64 61 61 62 61 59 61 60 61 62 62 61 59 60 61 61 61 61 58 60 60 64 60 62 63 64 61 61 61 60 61 56 57 58 55 52 53 54 55 56 55 54 52 51 49 51 53 54 53 52 51 51 50 50 50 48 48 48 54 55 54 49 55 54 55 55
60 61 61 59 59 61 59 60 62 62 63 62 62 64 62 62 62 63 61 60 59 60 61 63 63 64 64 63 64 63 63 64 65 63 59 58 60 60 62 63 63 62 59 59 58 60 61 63 62 60 61 60 62 64 63 63 62 61 62 61 59 59 59 59 56 55 52 55 52 52 55 52 52 50 51 53 55 56 54 53 52 50 51 49 50 49 50 48 53 54 54 52 55 55 54 52
59 60 61 59 59 61 60 63 64 63 63 63 63 64 64 63 63 62 62 62 59 60 63 63 64 64 64 64 63 64 63 63 64 63 58 61 61 60 61 63 63 63 60 62 59 61 62 63 62 60 63 61 61 61 63 63 63 61 60 60 58 59 59 58 56 56 52 53 53 51 54 57 56 57 55 51 54 57 56 53 53 54 53 51 50 48 50 49 47 52 54 55 56 56 56 61
58 58 58 58 58 61 62 60 63 65 64 64 64 64 64 64 64 63 63 64 61 60 63 64 64 64 65 64 63 66 64 64 66 62 61 59 62 61 62 64 64 63 62 63 62 63 60 61 63 59 61 61 63 64 63 65 65 62 63 62 60 59 59 58 56 57 54 56 55 55 53 55 55 58 57 54 57 57 53 51 53 53 53 52 52 49 49 50 49 48 53 56 58 58 57 59
59 57 59 58 58 63 64 58 60 63 64 64 65 63 63 64 64 65 64 62 59 59 64 63 65 64 64 64 64 66 65 65 66 64 63 58 61 62 64 64 65 63 63 63 63 64 63 61 62 62 62 60 62 65 62 63 64 63 63 59 59 60 59 57 58 57 54 55 57 54 53 55 56 56 57 57 57 56 53 52 55 52 53 52 52 51 49 51 51 52 52 56 58 59 57 55
59 58 59 61 60 61 61 62 62 60 60 62 64 64 63 63 65 64 63 63 62 61 62 64 64 63 63 64 66 65 66 66 66 68 64 63 61 63 65 65 67 66 65 65 62 62 63 62 64 64 64 62 61 63 63 63 63 65 59 63 63 60 59 59 58 57 55 55 55 56 55 56 57 54 54 56 58 55 52 57 57 52 54 53 50 49 51 51 53 54 52 55 60 59 57 57
58 60 61 58 60 63 62 63 62 62 62 63 64 65 65 65 63 64 65 65 64 63 63 61 63 64 62 65 64 65 66 69 68 69 66 65 63 64 63 65 66 67 64 65 64 64 64 62 64 64 63 63 63 63 63 63 62 64 61 62 64 61 59 58 59 57 56 54 55 56 57 58 57 56 56 57 58 57 58 56 58 53 54 53 51 52 52 53 55 54 52 57 57 59 55 60
59 56 58 61 63 62 62 63 63 63 63 65 63 64 64 65 64 65 65 66 64 62 60 61 61 63 64 66 66 66 67 69 69 70 67 65 65 64 65 67 65 66 67 66 65 64 65 63 64 64 64 62 63 63 62 63 64 64 63 60 63 64 60 59 58 57 57 55 56 58 57 59 57 55 56 57 57 53 60 59 57 56 57 53 51 53 56 54 54 53 55 56 59 62 57 60
60 61 61 62 62 62 63 64 65 65 65 65 62 64 66 66 66 65 66 64 63 61 61 61 64 65 66 68 68 69 68 70 70 70 70 64 64 65 64 68 69 70 69 68 68 65 64 64 61 65 65 62 63 63 64 64 64 64 65 63 63 62 63 61 60 58 57 57 55 59 59 58 58 55 58 58 58 56 58 60 57 58 55 56 53 52 54 52 53 54 55 57 60 62 59 62
61 62 62 63 63 64 62 63 66 66 64 65 65 64 63 63 65 66 63 65 62 62 61 62 63 63 64 66 71 71 70 72 72 69 67 68 66 69 66 71 71 73 70 69 70 68 67 63 63 64 66 63 62 63 66 64 65 63 64 63 61 63 64 62 61 57 58 58 58 59 61 59 60 59 59 59 57 57 55 59 57 56 56 54 53 53 56 55 56 56 57 57 59 59 60 60
60 61 62 64 64 64 64 65 67 66 66 67 65 63 65 65 66 65 64 63 64 64 62 65 64 66 65 67 70 73 72 73 74 73 71 70 70 69 68 74 73 74 71 69 69 69 66 63 63 63 66 65 64 65 65 65 66 65 63 64 64 61 65 64 60 62 59 57 60 62 61 60 61 61 60 60 58 54 52 58 54 57 56 56 55 57 57 53 57 58 58 60 60 62 60 58
63 61 63 63 63 67 65 67 68 68 66 65 65 64 66 65 66 66 65 63 65 64 65 65 66 68 68 71 71 72 74 75 71 70 73 72 71 71 70 74 73 71 70 70 70 67 69 65 62 64 64 65 65 63 65 65 65 65 65 65 65 64 65 63 60 63 61 59 57 64 64 62 61 60 60 54 52 57 54 56 56 56 56 57 56 56 60 54 55 59 58 58 60 62 61 58
62 62 64 64 65 67 68 67 68 67 66 67 66 63 63 65 66 66 67 66 64 62 61 62 65 66 68 70 72 69 70 72 70 72 73 72 73 73 70 73 71 72 72 69 70 68 68 67 61 66 66 65 65 63 64 63 64 63 65 63 65 67 66 63 64 64 64 61 59 59 65 65 62 58 57 56 58 56 59 56 59 57 54 55 55 53 53 54 56 56 58 58 58 62 63 61
