Climate/data/grids_germany_multi_annual_precipitation_1981-2010_13.asc
NCOLS 654
NROWS 866
XLLCORNER 3280414.711633467
YLLCORNER 5237500.62890625
CELLSIZE 1000
NODATA_VALUE -999
[rows 328 to 368 of 866, columns 376 to 469 of 654]
137 133 134 132 131 128 134 135 135 132 128 128 132 131 131 130 129 129 129 127 127 125 123 124 124 123 122 121 121 121 122 122 121 121 123 123 122 122 122 123 123 123 125 126 126 128 127 128 130 132 133 132 132 133 133 133 130 132 133 135 135 135 137 136 136 136 137 139 140 143 143 143 148 148 151 149 146 147 145 146 146 147 148 147 148 146 143 140 142 143 141 135 136 133
137 135 130 135 132 130 134 132 132 132 130 130 130 130 129 129 128 128 128 126 126 125 123 124 124 120 119 121 121 122 122 122 121 121 123 123 122 123 123 123 123 124 125 127 129 129 130 132 132 132 134 132 132 132 133 130 130 130 132 132 132 135 137 137 136 136 139 142 141 144 143 143 145 149 153 151 148 147 148 148 149 147 147 151 150 148 144 142 138 137 138 137 136 137
144 138 134 130 131 135 136 133 132 131 129 130 128 129 131 129 130 129 129 128 126 123 123 125 121 124 121 120 122 122 122 122 121 121 123 122 123 122 123 125 123 124 124 126 127 129 134 136 136 134 134 132 132 132 132 130 129 130 132 134 134 135 136 137 137 138 139 140 144 144 144 146 149 147 148 150 147 146 148 148 149 149 149 148 148 151 150 150 144 142 144 148 147 139
137 136 134 134 132 132 134 132 132 132 131 128 128 130 130 129 130 128 128 124 125 123 123 122 118 123 120 120 121 122 122 123 123 122 123 123 123 124 124 123 123 123 125 126 128 129 133 134 134 136 134 132 133 133 130 130 129 130 131 132 134 135 136 138 138 138 139 139 142 143 144 147 148 148 145 145 145 151 148 148 148 149 149 147 148 148 149 147 146 144 148 145 146 143
134 133 133 131 135 135 133 132 131 131 127 125 127 128 131 130 129 128 127 125 124 123 122 120 118 121 122 121 121 121 123 123 123 122 124 124 124 124 124 125 124 124 124 126 127 128 132 133 133 133 132 133 133 133 130 131 130 131 132 133 134 134 136 139 138 138 139 139 142 144 144 148 150 145 147 145 144 145 148 153 151 151 149 147 145 145 147 145 146 146 144 147 148 148
131 131 131 131 134 134 133 130 132 129 128 127 127 128 128 128 128 128 127 125 124 121 123 121 121 127 131 125 122 122 124 124 124 124 124 124 124 125 125 125 125 125 124 125 127 128 131 132 133 133 131 133 133 133 131 129 129 130 132 132 132 135 135 136 137 139 140 139 139 141 145 145 149 145 144 142 142 145 150 150 149 156 151 150 147 146 143 146 147 146 145 147 148 147
132 132 130 132 133 132 129 129 129 129 126 129 128 129 127 128 127 129 128 125 122 123 123 124 126 127 124 125 121 123 125 125 125 125 125 125 125 126 126 125 125 125 125 125 127 129 129 131 132 134 132 133 131 131 132 132 132 132 132 133 135 134 138 138 138 139 140 139 139 143 148 145 144 144 143 142 142 144 145 148 149 149 149 152 148 146 144 145 144 146 149 153 149 147
132 128 128 128 129 130 130 129 128 128 128 128 130 129 130 127 127 128 124 125 125 124 125 126 126 123 122 125 126 123 127 125 125 126 126 126 126 126 127 128 126 126 125 125 126 127 128 134 134 133 132 132 132 131 130 131 132 132 132 134 135 138 137 141 141 141 139 139 140 140 144 144 144 143 142 142 142 144 145 146 146 149 148 146 145 141 147 146 147 146 148 148 148 147
130 131 129 130 131 129 129 125 125 127 129 130 128 129 130 125 124 126 123 124 125 125 125 128 128 124 126 128 128 123 127 127 127 127 126 126 126 127 128 127 126 126 126 125 125 127 130 133 133 133 133 132 132 131 132 131 131 131 133 135 134 139 140 140 140 141 140 139 140 140 143 142 141 143 144 142 142 144 144 145 144 146 145 146 144 144 146 146 145 146 147 148 146 147
130 127 127 126 128 126 127 126 126 129 129 126 126 126 126 126 126 127 126 126 125 126 127 128 128 127 127 133 127 126 127 128 128 128 128 127 127 127 128 126 126 126 126 125 126 128 130 133 134 134 134 133 131 132 132 130 130 132 131 134 134 136 137 139 137 141 140 140 139 140 140 141 143 144 143 142 142 142 143 142 142 142 141 141 144 145 146 148 148 147 147 146 149 148
127 124 126 126 125 126 126 125 125 124 125 125 125 126 126 126 127 127 125 126 126 130 128 130 131 129 127 129 128 125 127 128 128 128 128 127 126 126 126 126 126 126 125 126 126 127 132 132 132 135 136 136 135 134 133 129 131 130 131 134 134 136 138 138 140 141 140 141 141 141 142 142 144 144 140 140 139 142 142 142 141 142 143 143 146 146 150 150 148 148 148 147 146 147
126 125 123 127 127 125 127 125 125 124 128 128 128 128 127 125 125 126 126 128 127 127 129 130 133 130 128 127 127 124 125 125 125 125 125 125 125 125 125 124 124 124 125 126 126 126 131 134 134 134 136 134 134 134 133 130 129 128 132 135 135 136 137 137 139 139 140 141 140 140 141 141 141 140 139 139 140 141 142 142 145 145 144 146 147 150 147 146 148 147 146 145 143 145
128 123 124 127 131 127 123 125 125 125 125 126 128 128 127 127 125 125 125 127 128 129 128 133 133 131 128 126 128 125 125 125 125 125 125 125 125 125 124 124 122 123 124 126 126 126 129 133 133 133 137 133 132 132 130 130 129 130 132 135 136 136 137 137 137 140 141 140 140 140 141 141 141 144 141 142 141 141 141 144 145 147 147 148 148 148 146 145 147 146 144 141 146 148
129 127 124 128 129 128 125 124 125 125 126 124 125 126 124 127 127 128 127 127 127 128 128 131 133 130 128 127 126 126 124 125 125 125 125 125 125 123 124 124 124 123 123 126 125 126 128 131 132 132 135 133 133 132 133 132 132 132 132 134 136 136 136 137 140 141 140 140 140 138 142 142 141 141 141 143 140 140 144 145 146 149 150 149 150 147 145 144 148 146 142 144 143 145
130 129 126 129 128 129 126 124 125 126 126 123 123 124 124 125 124 123 124 124 123 123 124 127 127 128 127 128 126 128 128 128 125 126 126 125 125 124 124 124 123 123 123 125 125 125 127 129 132 132 133 133 133 133 133 132 131 131 131 132 134 135 137 138 139 137 137 137 138 138 140 141 139 139 142 139 138 138 140 141 146 147 149 145 143 144 145 143 145 142 139 139 141 140
132 129 128 130 130 128 128 127 126 126 125 123 123 123 123 125 124 122 120 121 121 121 122 127 127 126 127 128 134 126 130 130 126 125 125 124 124 123 123 123 124 124 124 123 124 124 126 129 129 131 132 132 132 132 131 130 130 130 132 132 132 135 138 136 136 136 136 138 138 139 141 138 139 138 138 138 138 140 141 143 143 145 144 144 141 147 141 143 144 142 138 139 136 135
132 131 128 129 129 129 128 129 126 127 123 122 122 123 123 122 122 121 121 120 118 120 122 125 125 124 126 129 129 130 127 125 125 125 125 124 124 124 124 124 124 123 123 124 123 124 125 131 128 129 130 131 131 132 131 132 132 132 133 132 132 134 138 140 136 137 138 138 138 138 140 138 140 139 136 138 139 138 141 143 143 143 143 142 143 142 138 141 142 142 137 136 136 138
139 137 134 129 129 129 128 127 126 125 123 124 124 122 122 122 122 120 117 114 114 118 120 121 124 124 124 129 129 129 132 128 125 128 125 124 124 122 123 123 123 123 122 123 123 123 124 126 128 128 129 131 131 131 131 132 132 132 132 132 132 134 134 137 138 138 139 140 138 138 139 137 137 137 137 136 138 139 138 140 140 139 142 143 143 141 142 141 141 141 138 135 135 134
135 136 139 136 130 129 128 130 128 125 125 123 124 123 122 122 122 119 116 109 105 115 122 121 122 124 124 127 127 132 130 125 127 124 125 124 124 122 123 123 124 123 122 123 123 123 124 126 126 128 128 129 131 132 131 131 132 132 133 132 132 133 134 137 137 139 140 141 140 140 138 138 137 134 134 134 137 138 138 139 140 141 142 143 145 142 139 141 138 139 137 134 131 132
135 135 135 137 138 133 129 132 128 128 126 125 124 125 124 124 123 122 118 113 114 117 120 122 122 124 124 127 128 131 127 126 128 127 123 124 124 122 123 122 122 122 122 122 122 123 124 126 127 129 129 130 130 130 133 133 133 132 133 134 133 134 135 137 138 139 142 141 140 141 140 138 137 137 135 136 136 137 138 141 141 138 140 141 144 143 140 145 137 138 135 133 130 129
142 139 142 136 136 138 132 133 132 130 129 128 125 123 126 124 125 122 119 116 117 120 122 124 122 122 125 127 128 129 125 128 128 127 128 124 124 123 122 122 122 121 123 123 122 123 124 127 127 127 127 129 129 129 132 133 132 132 133 134 133 134 136 138 138 138 138 140 138 138 136 135 134 133 134 133 133 133 136 137 137 136 138 141 141 141 138 135 134 135 131 130 130 129
137 139 146 147 144 138 136 138 138 135 132 131 130 128 128 127 125 124 121 120 119 119 121 122 122 123 125 126 128 128 127 131 130 129 127 124 123 123 122 122 121 120 121 123 122 123 123 126 127 127 127 128 128 128 133 131 132 133 132 133 133 134 132 135 135 136 139 138 138 139 136 136 134 134 134 133 133 132 135 135 135 136 138 140 140 139 138 136 134 134 130 129 129 127
139 142 142 148 148 144 138 136 137 136 134 134 133 133 135 131 127 124 123 123 126 125 123 123 124 127 128 130 128 130 130 130 130 127 128 124 124 122 122 122 122 121 122 123 124 123 124 124 125 126 126 129 129 129 129 130 130 130 130 131 132 132 133 135 136 136 136 137 137 137 138 138 136 136 136 135 136 137 137 137 136 136 139 140 139 138 137 136 135 132 131 130 128 128
141 143 145 146 151 149 142 138 142 138 139 139 135 136 137 136 131 127 127 128 129 129 126 127 128 131 131 128 129 131 132 131 129 131 125 124 123 124 123 122 122 122 122 122 123 123 123 125 125 125 126 128 128 128 129 128 128 128 131 131 132 131 132 135 135 136 137 138 138 138 138 137 138 137 136 137 136 136 136 137 136 137 139 138 139 138 137 135 133 133 131 129 129 129
141 141 142 146 146 147 147 143 145 142 141 142 140 141 144 135 135 130 129 128 128 130 127 127 127 129 128 129 130 129 130 128 128 127 125 124 123 123 124 122 122 124 123 122 123 123 126 125 125 125 126 129 129 129 129 129 129 129 130 132 132 131 132 135 135 136 137 137 136 136 138 138 138 138 137 137 136 135 137 136 136 136 137 139 137 139 137 134 133 133 132 130 130 130
141 142 139 140 139 143 147 147 143 143 144 143 142 142 145 140 136 134 131 129 128 128 130 127 126 126 129 127 129 130 130 127 128 127 127 123 123 125 123 125 126 125 123 123 123 122 124 125 125 125 126 129 129 129 129 130 129 129 130 131 132 131 132 134 135 135 136 136 136 137 139 139 138 139 137 138 136 136 138 138 136 137 137 137 137 139 136 135 135 134 132 130 130 130
134 137 138 138 137 138 145 142 140 137 142 142 142 142 142 139 139 137 134 131 129 129 129 126 126 126 127 128 128 129 126 128 127 127 127 123 127 126 123 125 125 124 126 124 124 123 124 125 125 126 126 126 128 129 128 130 128 128 129 129 130 131 132 133 135 134 136 136 137 138 138 140 139 140 138 139 138 138 138 138 138 138 137 137 137 137 137 135 135 134 134 134 133 133
129 130 132 132 135 135 135 139 136 137 141 139 141 143 142 140 137 136 141 132 129 129 127 126 126 126 126 129 127 129 126 128 125 125 124 124 126 127 126 125 125 125 124 124 122 122 123 126 126 125 127 128 126 127 127 127 128 128 129 130 129 130 131 133 133 135 135 136 136 139 140 140 139 139 139 139 138 138 139 139 139 140 139 139 137 138 137 136 136 136 134 133 135 132
128 127 131 129 128 129 131 132 129 133 134 137 137 137 139 139 139 134 135 131 129 128 126 127 126 127 128 126 129 127 126 127 127 124 124 124 126 127 127 126 125 125 124 125 124 123 123 126 126 125 127 128 128 127 126 127 127 127 129 130 130 129 130 132 133 133 135 136 136 137 139 141 141 141 142 141 138 140 141 140 142 143 141 138 138 138 137 136 136 136 135 135 135 135
125 126 126 127 127 127 129 129 129 130 132 135 134 134 136 137 138 139 137 131 128 129 128 127 126 127 128 126 126 130 128 130 129 126 125 124 126 126 127 126 125 126 126 126 127 127 126 127 127 126 125 127 127 127 127 125 128 131 130 131 130 129 131 132 132 133 134 137 137 137 140 140 140 141 139 141 141 142 143 144 143 143 140 137 138 138 136 136 136 135 137 135 135 137
123 125 127 126 128 127 128 128 130 131 131 133 133 136 135 137 139 138 132 132 127 126 126 125 125 126 125 125 127 127 130 130 124 124 124 125 125 126 124 125 124 125 126 126 125 126 126 126 129 128 128 127 126 128 129 127 129 130 131 130 130 131 132 133 134 136 135 134 135 137 137 137 139 138 138 138 140 141 142 143 143 140 141 140 138 137 136 137 138 138 139 140 136 136
128 131 127 129 128 129 130 128 129 129 129 134 134 135 138 138 138 137 132 129 125 124 126 125 125 124 125 125 127 128 128 125 125 125 124 124 125 125 124 126 123 124 125 125 126 126 125 126 127 127 127 129 129 128 128 129 131 131 130 131 130 131 133 133 134 135 137 136 134 135 135 134 136 137 136 137 137 140 142 141 139 142 141 140 141 141 142 140 139 139 137 140 140 138
133 129 126 128 128 129 130 128 128 129 130 131 134 134 137 138 138 137 136 125 126 125 123 125 124 126 129 126 125 125 128 123 130 130 123 125 125 125 123 124 124 125 126 126 126 126 126 128 127 128 128 130 130 130 129 131 132 131 130 131 131 131 131 133 135 135 136 136 136 134 135 134 136 136 136 139 139 139 140 139 139 141 143 141 142 142 142 140 141 141 141 141 143 146
133 130 128 128 128 129 129 131 132 133 130 129 134 135 138 138 138 138 136 126 130 124 124 126 127 129 129 128 126 125 123 127 130 130 124 125 125 124 123 127 124 124 125 126 125 126 126 129 128 127 128 130 130 130 129 131 132 131 131 131 131 133 131 134 136 136 134 135 136 134 133 134 136 137 135 138 139 141 139 139 141 143 142 141 142 142 143 143 144 145 143 143 143 148
134 131 128 127 126 127 128 129 131 132 133 130 130 134 136 139 138 136 135 129 129 127 126 128 131 129 128 128 126 123 125 129 126 127 125 124 127 124 122 123 126 124 125 126 127 125 127 128 127 129 129 129 130 130 130 129 131 131 132 131 132 131 133 136 137 135 135 136 138 134 134 133 136 136 136 136 136 137 140 140 141 142 141 140 142 143 146 149 149 149 149 150 143 146
135 132 131 128 125 126 129 131 131 133 132 131 129 131 135 137 138 134 131 133 131 130 131 132 132 131 128 128 126 123 125 124 126 127 124 124 123 123 126 122 120 123 124 127 128 128 127 127 128 129 129 129 129 131 130 131 132 131 132 132 132 132 132 135 135 135 137 136 135 133 133 134 136 136 136 139 139 139 139 140 141 142 142 143 143 146 150 154 151 153 152 151 151 150
139 137 131 127 125 125 126 132 133 135 135 135 130 129 134 134 133 133 131 126 130 135 135 136 135 134 132 127 126 123 123 124 125 126 125 123 122 123 123 121 120 122 124 127 128 128 128 128 128 128 129 129 129 131 129 132 131 131 132 132 132 131 136 136 137 137 136 136 135 135 133 135 135 137 135 139 140 140 140 140 140 141 142 143 143 148 151 153 158 158 153 154 154 152
137 134 131 127 128 125 127 131 134 135 134 135 135 126 128 126 126 127 134 133 134 129 133 136 136 133 131 126 125 123 122 122 122 124 124 122 122 121 121 120 121 122 123 127 128 128 128 128 129 130 130 129 130 131 130 131 132 131 132 132 132 137 137 137 137 138 137 137 137 135 135 135 136 138 137 139 140 141 140 141 141 142 142 143 147 148 152 154 157 159 158 153 150 151
140 136 134 131 130 128 128 131 134 134 135 135 137 135 131 127 134 137 138 137 135 132 132 132 135 131 130 127 125 124 124 123 122 123 123 123 121 121 122 120 121 121 125 126 127 128 128 128 130 131 131 131 131 130 131 131 131 135 137 137 138 138 138 139 140 138 137 137 137 136 134 134 135 137 139 138 139 140 141 141 141 142 142 143 147 148 152 154 159 159 161 155 155 151
140 138 136 136 135 130 132 136 140 137 137 131 136 139 136 131 131 132 138 138 137 133 131 131 134 131 126 122 126 123 124 122 122 123 124 122 121 121 120 120 122 122 124 126 127 127 128 129 130 132 131 131 131 131 131 133 131 134 137 138 140 140 140 141 140 138 138 137 137 134 133 134 134 135 140 140 139 139 139 141 139 141 141 143 146 150 149 153 158 162 161 162 161 159
145 142 140 137 136 135 134 139 141 140 142 137 140 141 137 134 136 130 135 139 137 136 134 131 133 132 125 123 122 122 124 122 123 123 124 121 121 122 120 120 121 124 124 126 127 127 130 131 131 131 132 133 131 131 134 132 134 135 136 141 141 142 142 142 140 140 138 138 137 137 135 134 134 134 139 139 139 139 138 141 141 142 142 147 146 148 150 157 157 159 161 160 160 160
