Climate/data/grids_germany_multi_annual_air_temp_mean_1981-2010_15.asc
NCOLS 654
NROWS 866
XLLCORNER 3280414.711633467
YLLCORNER 5237500.62890625
CELLSIZE 1000
NODATA_VALUE -999
[rows 408 to 458 of 866, columns 192 to 287 of 654]
81 81 80 83 84 83 83 80 83 83 87 84 84 81 81 82 81 82 82 83 83 85 83 81 84 83 85 85 87 86 89 90 91 91 92 90 88 91 86 86 89 89 87 85 85 87 89 90 90 83 87 89 89 88 87 88 89 88 89 90 90 90 90 89 88 88 92 92 87 86 87 92 85 85 82 86 88 91 93 95 96 95 94 91 92 86 84 83 86 88 90 91 91 92 92 90
78 77 84 85 84 81 78 81 85 83 83 83 85 84 84 81 81 81 83 84 84 83 83 81 82 84 86 86 86 86 89 89 87 88 89 88 88 90 90 89 89 88 88 86 86 86 88 89 89 82 84 88 87 87 87 88 87 86 89 90 90 91 92 91 89 89 95 91 88 86 85 85 87 82 80 82 82 87 88 90 92 94 95 95 92 91 86 80 82 84 89 90 90 91 92 92
81 84 77 80 78 80 84 86 86 80 82 81 82 84 83 81 80 81 82 84 82 83 83 84 84 84 85 86 87 86 88 88 86 88 89 88 88 91 91 88 87 88 88 89 87 84 84 87 89 88 84 84 82 86 89 89 91 88 92 93 92 90 92 94 91 89 89 94 90 87 86 84 83 82 81 78 77 79 81 85 92 91 94 95 92 87 86 84 80 83 90 90 88 91 90 83
77 78 77 78 80 85 78 83 84 81 78 82 84 85 85 80 79 81 81 81 81 82 84 83 84 86 86 87 86 87 86 90 87 87 89 88 88 89 88 90 86 86 84 87 87 82 79 87 88 89 82 81 83 87 89 90 91 91 92 93 93 92 92 94 94 94 95 94 90 88 87 84 83 83 82 78 77 83 88 88 84 87 92 92 95 94 88 90 87 89 92 89 86 88 89 84
78 81 74 81 82 79 80 82 83 78 79 83 84 82 84 81 78 79 80 81 83 84 86 85 84 83 87 85 84 85 90 87 86 89 88 87 87 88 87 91 86 82 86 87 84 78 78 86 88 88 86 76 82 86 89 89 90 90 91 92 93 94 92 93 93 95 95 89 88 87 89 86 85 87 84 80 79 78 85 87 84 85 92 93 93 93 95 93 93 94 90 87 88 88 88 89
80 76 75 84 75 75 83 83 84 80 80 83 84 79 82 80 80 77 81 82 82 85 88 86 87 86 87 90 88 90 85 85 86 87 86 86 87 87 88 90 90 88 88 87 86 83 80 85 87 88 86 86 84 83 85 86 88 90 91 92 93 94 93 93 93 91 93 90 90 88 88 89 87 89 87 84 82 79 80 84 85 90 90 88 87 92 94 95 95 95 86 91 84 85 87 88
76 75 80 78 73 71 79 80 80 81 78 81 83 82 79 78 77 76 80 82 86 88 87 89 89 90 90 90 88 86 85 84 87 86 85 86 86 88 88 89 90 88 88 88 87 85 84 83 87 85 84 82 81 81 80 84 89 92 93 94 93 95 95 93 93 93 92 94 87 87 91 89 89 87 86 84 82 80 78 82 85 89 88 91 91 91 88 94 95 94 87 93 88 81 83 87
65 80 75 74 73 73 77 74 81 78 78 80 81 80 80 80 80 79 81 85 86 87 88 85 88 88 87 90 89 83 83 86 86 85 85 85 87 88 87 89 87 86 86 87 86 86 82 85 86 85 83 77 77 76 76 82 88 92 94 95 95 95 95 96 96 96 95 91 90 93 88 90 89 88 85 82 84 80 77 81 85 86 85 88 89 89 91 88 95 94 94 94 91 90 83 80
71 73 78 74 75 73 75 77 80 79 79 79 79 78 80 79 79 79 82 84 86 88 87 87 84 87 86 85 87 86 83 84 85 84 85 85 86 85 88 89 88 86 79 84 86 85 85 82 85 83 79 74 74 75 79 83 89 92 95 95 95 96 96 96 96 96 95 92 94 89 85 86 89 90 88 85 82 77 75 80 84 83 85 87 88 89 93 88 92 93 93 94 94 94 88 86
72 78 72 70 77 76 80 79 81 77 77 73 73 75 76 75 78 82 85 85 86 87 84 85 83 86 87 87 88 83 82 82 85 84 84 84 86 85 87 88 87 86 86 85 85 85 84 79 84 84 81 75 73 77 80 80 88 92 94 95 96 96 96 96 96 96 94 93 92 90 88 87 86 88 87 88 85 85 82 78 74 74 83 87 85 90 90 87 90 92 87 91 92 92 94 92
76 74 69 71 69 72 78 75 75 74 76 74 78 79 78 78 81 83 84 85 87 86 83 83 85 86 87 86 85 86 84 82 84 83 83 83 84 86 86 87 88 88 87 85 85 84 82 81 84 80 82 78 78 79 77 81 87 92 93 95 96 95 96 96 95 95 93 93 93 92 90 90 89 87 83 83 82 84 84 78 77 74 80 85 85 88 90 86 80 85 85 93 91 87 93 95
73 71 73 72 71 73 74 79 80 81 78 76 78 80 79 81 82 83 83 84 85 82 83 84 85 85 85 86 82 85 85 82 84 82 83 82 83 85 85 86 85 85 85 85 85 84 82 83 84 82 81 84 84 83 80 82 88 92 95 94 95 96 96 96 95 95 93 94 94 91 92 91 90 86 81 80 76 79 79 82 77 73 77 79 82 79 91 88 80 83 90 85 84 89 93 94
67 72 71 71 73 75 74 76 77 78 80 79 80 80 79 81 83 84 84 83 82 82 84 85 84 83 84 85 81 84 83 81 82 82 83 84 84 86 86 85 85 85 87 85 85 84 84 83 84 84 83 85 87 86 88 88 90 94 95 95 95 96 95 95 95 94 92 92 93 92 91 90 90 85 82 77 80 75 76 80 77 76 75 77 75 82 91 86 77 86 91 82 85 87 94 94
65 67 71 71 67 72 74 75 77 81 79 83 79 77 78 82 83 83 83 83 82 84 85 85 86 85 85 84 82 81 80 81 81 81 83 84 85 80 85 85 86 86 87 86 85 84 84 85 85 81 79 85 87 89 90 89 90 94 94 94 93 93 95 95 94 92 93 93 92 91 88 87 85 87 87 83 79 78 76 77 77 75 77 82 77 87 86 84 80 86 88 86 85 87 92 94
70 68 67 68 67 74 78 77 79 78 82 81 79 76 81 81 84 84 84 84 83 83 85 85 85 86 84 83 80 81 81 81 80 80 83 83 83 84 86 86 86 88 87 86 85 84 86 85 83 81 79 84 87 90 91 91 91 93 94 94 93 93 95 93 91 91 92 92 89 88 86 86 82 82 86 86 85 84 82 82 81 79 81 84 83 88 82 78 85 85 86 86 86 85 89 94
69 65 72 77 78 77 80 80 79 81 80 81 82 79 81 78 83 84 83 84 84 84 85 86 86 86 84 83 82 83 83 84 82 80 81 81 84 84 86 86 88 83 86 86 87 86 87 87 82 84 81 82 86 89 91 92 92 93 91 92 93 93 95 91 86 88 90 88 86 84 83 82 80 77 79 88 80 82 82 80 77 82 82 80 84 87 80 78 83 85 86 88 87 87 84 91
66 68 75 73 80 82 78 81 79 81 79 81 82 80 79 77 84 85 84 83 85 82 85 86 85 87 83 83 82 83 85 85 84 83 82 82 84 85 86 86 88 84 84 86 88 88 87 84 85 86 82 77 85 89 91 92 92 92 91 91 94 93 95 87 85 86 88 86 85 84 83 79 81 78 81 86 85 85 78 74 70 78 79 78 84 84 76 81 76 82 88 90 88 86 86 88
66 68 74 76 74 78 79 80 78 78 81 83 81 80 80 80 84 85 85 85 84 82 85 85 85 88 83 84 85 84 85 86 84 85 84 81 83 84 83 86 89 86 86 82 86 89 83 86 88 86 82 81 86 89 91 92 91 92 92 92 95 92 91 86 83 84 87 88 86 82 80 80 81 83 87 80 77 77 80 78 78 80 81 82 85 81 76 72 81 82 87 90 90 87 86 86
73 73 75 78 76 76 74 78 80 81 81 81 76 79 80 81 85 85 83 84 83 82 83 85 84 85 85 85 86 84 84 82 85 85 85 82 81 82 83 85 88 89 87 86 85 89 89 88 89 88 86 86 82 90 92 91 91 90 93 92 94 91 90 88 83 82 83 83 85 81 79 80 82 85 86 79 79 80 80 77 76 80 81 83 83 79 69 65 74 83 87 90 88 90 88 90
70 72 76 72 78 79 80 80 78 81 83 84 80 80 81 81 83 84 83 84 85 82 84 86 85 84 85 85 87 88 82 83 85 86 86 83 80 81 83 85 88 89 87 86 87 89 90 90 89 88 89 88 89 90 92 92 92 92 92 95 93 91 90 90 85 85 83 78 82 81 78 81 82 84 84 85 82 80 80 78 79 81 80 83 77 74 67 67 68 80 84 87 88 89 89 90
64 72 78 78 78 80 81 81 81 81 83 85 79 80 81 81 82 82 83 82 84 83 83 86 85 84 83 88 87 83 85 85 85 85 87 84 83 81 81 84 86 89 89 87 83 88 90 90 90 90 90 90 89 91 91 92 92 92 93 95 95 93 90 90 87 83 83 82 83 82 79 84 82 82 81 84 84 83 82 82 82 82 81 81 80 76 68 67 73 83 85 86 88 88 89 89
69 71 74 81 82 79 82 82 82 83 82 82 79 82 82 82 83 82 83 86 82 82 84 88 87 86 83 88 83 85 86 89 85 89 85 84 87 84 83 82 85 85 90 85 85 88 90 92 92 91 90 90 86 90 91 91 91 92 92 95 94 93 89 88 88 86 82 84 84 85 86 84 85 83 83 83 83 82 83 82 82 85 85 79 82 76 72 67 82 83 86 87 87 89 90 91
73 75 79 80 83 81 81 82 84 84 82 83 79 81 83 82 81 83 82 87 84 88 85 85 86 83 84 86 90 90 90 90 86 87 85 86 88 85 84 83 85 88 89 87 83 88 90 91 92 90 90 90 89 90 87 91 92 93 94 92 92 93 93 87 89 85 87 88 89 86 82 79 84 81 81 81 79 81 82 81 81 83 84 82 82 82 80 74 82 84 83 88 86 88 90 90
76 82 76 78 81 83 82 83 84 85 83 79 81 81 83 83 80 80 81 87 89 85 88 86 89 83 89 91 89 89 87 91 83 90 90 89 89 87 87 85 86 88 88 90 87 88 91 91 92 90 90 89 90 91 90 91 92 91 93 93 90 93 93 89 89 87 88 83 84 82 83 80 79 78 79 79 76 80 83 83 83 84 84 85 86 82 85 83 84 85 83 86 88 86 88 90
74 74 81 80 82 82 81 83 85 84 85 82 81 81 83 81 79 80 80 89 86 84 84 90 88 87 85 90 91 84 89 91 86 90 90 90 90 90 88 85 85 86 89 91 89 89 90 91 91 92 91 91 90 91 90 90 90 92 92 92 90 91 91 92 89 90 85 82 82 80 82 83 78 82 81 80 78 80 81 81 81 83 83 84 84 86 84 86 86 85 83 81 88 87 86 89
66 73 77 77 82 79 80 82 83 84 84 83 81 82 82 84 83 81 82 85 89 81 80 80 80 86 87 86 85 78 86 91 91 91 92 92 92 92 88 84 87 84 89 90 89 90 92 91 92 93 92 92 92 92 91 91 91 92 94 89 88 87 84 91 92 90 90 88 85 80 86 80 81 85 78 77 80 84 80 79 82 81 76 81 85 83 88 88 85 89 87 84 85 87 88 92
70 78 78 78 77 82 81 80 83 85 84 86 82 83 85 87 88 83 83 84 88 85 83 79 80 86 84 83 78 78 81 84 87 85 87 88 91 92 92 87 88 86 88 90 85 90 90 92 92 92 93 92 93 93 93 92 90 93 93 90 87 86 88 87 84 93 92 85 82 82 87 81 86 80 77 83 85 82 79 83 79 78 78 82 81 84 82 85 89 88 90 88 88 83 82 85
72 77 78 81 82 82 82 84 84 83 83 83 86 82 86 82 87 85 84 88 86 86 78 79 85 80 80 79 77 75 79 87 87 90 91 90 89 92 92 92 92 86 87 92 91 87 90 91 91 91 91 91 91 92 92 92 92 93 93 92 90 87 86 86 86 87 92 88 83 88 88 88 84 77 81 87 80 81 84 81 81 78 78 80 81 80 84 87 92 88 85 88 91 90 90 90
79 77 77 76 79 81 83 84 83 85 82 79 82 81 82 83 87 85 81 88 84 83 78 78 77 87 75 81 84 87 82 89 89 86 87 87 88 89 91 92 92 92 89 90 93 91 91 91 91 91 91 91 91 91 91 91 92 93 93 89 86 88 86 85 89 93 90 87 90 85 84 83 79 85 88 83 78 87 83 84 83 84 81 85 85 84 85 88 89 83 84 85 92 91 92 92
81 78 79 81 81 81 83 85 82 81 82 83 82 81 82 83 84 86 88 82 81 87 84 79 78 72 74 83 87 82 83 88 83 85 84 86 87 88 90 91 92 93 93 93 93 93 93 93 93 92 92 92 91 91 91 91 93 93 91 88 85 87 84 86 89 92 90 90 86 83 83 84 83 88 89 81 80 87 80 83 85 83 83 85 84 84 87 89 88 85 87 89 89 86 90 92
81 80 80 79 82 80 82 84 85 83 83 83 84 84 82 84 86 85 86 86 81 85 82 78 76 76 83 82 80 86 83 84 85 80 83 87 90 90 90 88 88 90 91 88 91 93 93 93 93 93 93 93 93 93 93 93 93 92 90 90 88 85 84 85 89 86 86 85 84 87 87 84 87 90 87 85 85 84 85 86 85 85 81 84 87 87 86 87 86 85 89 88 86 84 86 90
82 82 82 83 81 83 83 82 81 82 80 85 84 85 82 85 83 87 83 86 82 83 82 80 74 79 83 78 82 86 82 85 85 85 86 88 87 88 87 86 86 89 87 89 89 92 93 93 93 93 93 93 93 93 93 93 91 87 88 89 87 86 82 87 86 92 92 91 90 91 91 90 90 87 87 88 89 88 87 86 85 84 83 85 86 86 83 83 82 83 84 89 87 89 87 85
77 81 83 81 84 78 80 80 79 79 80 82 85 83 84 87 86 84 80 81 82 82 80 79 77 81 78 79 81 85 81 82 81 81 86 86 85 88 88 84 84 85 83 87 90 91 92 93 93 93 93 93 93 93 93 90 88 88 87 88 88 86 84 84 89 91 89 88 88 82 88 83 87 84 84 82 86 87 83 84 83 80 81 83 86 84 83 84 85 84 84 83 87 89 91 91
77 81 80 83 80 79 80 79 79 82 81 84 84 84 82 84 86 81 81 80 82 82 80 79 77 78 77 77 79 79 81 83 81 82 83 85 84 87 86 81 82 83 85 86 88 91 90 91 92 93 93 93 93 93 90 84 86 87 87 88 88 88 87 88 91 92 92 84 78 79 80 85 85 82 80 81 85 85 86 83 83 81 80 83 84 82 83 82 84 85 83 81 86 89 85 86
81 78 80 81 79 80 80 82 79 81 81 81 83 86 85 86 83 83 82 81 83 82 78 78 78 80 72 75 77 76 79 78 80 81 82 83 84 83 84 83 87 83 87 85 86 90 90 91 91 91 92 93 93 93 89 86 87 85 87 88 88 88 88 88 89 90 92 85 85 86 83 88 87 83 79 84 83 85 84 84 84 81 80 78 81 82 84 85 83 85 84 86 86 90 86 85
78 79 81 79 79 79 80 82 79 79 83 84 82 82 86 85 85 83 82 82 83 82 79 76 75 78 79 75 73 75 78 77 77 79 79 82 83 83 83 86 89 87 88 88 90 91 92 91 91 91 92 93 93 93 92 90 87 87 85 85 87 87 83 85 91 87 91 92 91 89 88 89 81 81 82 83 84 86 83 81 80 82 82 82 82 82 84 86 87 85 86 87 87 88 84 81
78 81 78 82 79 80 81 79 83 81 83 84 83 85 84 83 81 82 82 81 82 82 81 75 79 76 77 75 73 71 77 76 77 76 79 82 80 83 84 87 90 90 91 92 92 91 93 93 93 93 93 93 92 93 92 89 84 82 83 84 85 85 86 87 88 82 88 89 92 92 92 90 90 88 87 84 84 87 83 80 81 84 82 81 83 85 84 85 86 87 85 87 87 87 86 82
80 78 83 79 81 82 81 81 82 85 84 83 85 85 83 83 83 83 82 81 81 82 80 82 77 79 77 77 77 72 77 79 80 75 78 83 84 84 88 88 90 91 86 90 91 92 93 93 93 93 93 92 90 91 93 90 87 85 82 85 85 88 88 89 82 82 86 83 88 91 91 93 91 92 90 88 90 84 87 81 85 86 84 81 84 84 86 87 87 87 86 89 84 86 85 84
85 80 83 80 83 85 82 83 84 85 85 86 83 84 84 84 82 82 81 80 81 81 80 83 81 80 79 79 80 77 79 80 82 80 85 85 86 81 86 89 91 87 85 87 90 91 93 92 92 92 92 92 90 91 92 92 90 83 84 84 83 86 85 88 86 84 82 85 88 86 88 92 93 93 92 91 87 88 84 82 86 88 86 81 83 85 86 85 87 87 85 87 89 87 84 84
83 85 84 85 85 85 84 85 85 86 86 83 83 83 84 83 82 79 80 80 82 82 81 82 83 83 80 79 75 74 78 79 78 82 81 79 77 84 87 89 90 91 84 89 91 93 93 89 91 92 91 92 90 93 92 90 87 85 88 84 82 86 86 87 89 86 83 84 88 82 86 90 90 92 93 90 90 89 82 83 86 89 88 82 82 82 82 84 86 84 87 86 85 88 86 82
86 86 83 86 86 86 86 86 87 85 83 81 82 82 84 82 82 81 80 82 84 84 84 85 84 82 81 78 74 75 78 73 81 80 72 72 77 83 86 87 89 91 88 89 92 92 92 90 88 91 91 91 91 92 90 91 91 90 87 84 84 86 86 87 88 86 83 84 84 81 87 87 91 87 93 93 91 86 86 83 84 88 87 83 84 85 84 85 83 84 85 83 86 87 84 85
84 82 86 87 87 87 86 85 85 83 82 82 82 83 83 82 81 81 80 81 82 84 84 86 84 84 79 75 70 76 80 78 76 70 72 78 81 85 86 89 88 91 87 90 92 93 93 91 90 89 90 90 90 92 92 90 88 89 89 84 84 85 83 84 88 85 80 83 86 83 84 89 89 86 92 93 92 88 82 81 86 88 88 84 84 87 83 83 81 83 83 84 86 85 82 81
80 82 83 84 85 86 83 84 83 83 83 81 82 83 80 81 81 81 81 81 81 83 84 85 84 85 83 80 72 77 81 80 76 70 76 82 83 87 87 90 90 91 91 90 92 93 93 92 92 90 89 89 90 92 91 87 86 85 86 89 88 87 81 82 84 85 82 83 83 81 83 89 87 87 90 93 91 88 90 84 85 90 87 84 87 86 84 84 83 84 81 82 86 86 83 82
75 80 83 85 85 84 84 86 84 86 83 83 83 83 82 83 81 82 82 83 83 81 83 85 84 86 84 78 77 79 82 82 75 78 82 84 86 86 89 88 87 90 87 91 92 92 93 92 89 90 90 91 92 91 90 84 88 86 83 83 89 86 83 82 85 86 84 82 82 82 84 82 86 85 82 89 91 92 92 91 90 92 88 86 90 87 85 84 85 83 83 81 83 81 79 80
80 82 86 85 84 85 85 85 87 87 85 85 83 83 81 82 82 83 83 82 84 85 81 83 86 85 85 82 82 76 76 83 83 84 84 86 85 87 86 86 87 90 90 90 92 92 92 91 90 89 91 91 91 91 90 90 89 87 85 84 88 85 81 79 84 81 83 84 82 79 79 84 84 84 85 87 85 86 90 92 92 92 90 86 90 86 89 86 84 86 86 82 81 83 83 86
81 81 85 88 86 85 87 85 87 89 87 86 84 84 82 82 82 84 83 83 82 84 87 83 83 87 86 85 82 74 74 82 85 83 84 84 86 85 85 85 86 88 89 91 92 90 91 91 88 89 91 82 90 89 87 82 84 88 84 82 88 81 80 80 83 83 78 82 82 80 82 80 79 81 85 86 88 87 91 91 92 92 92 90 87 91 87 84 87 88 86 84 83 80 82 84
80 81 86 87 86 87 88 86 89 87 83 86 85 85 83 84 83 85 86 84 85 83 84 85 86 87 85 82 83 80 81 83 81 80 82 86 85 86 84 85 87 90 91 90 90 89 88 89 89 89 91 89 87 88 84 83 81 86 84 80 86 81 83 81 82 81 78 80 82 80 84 85 82 80 79 84 86 88 86 88 86 92 92 92 90 88 88 90 84 86 84 83 83 82 85 82
81 85 86 86 88 86 88 89 87 84 81 85 84 81 84 85 84 85 86 86 85 84 83 83 85 87 85 84 79 81 81 82 82 80 82 86 84 84 84 85 87 91 87 89 91 88 87 89 89 90 89 87 84 86 86 83 83 84 83 80 81 84 85 85 84 80 77 80 81 82 81 85 85 82 83 80 82 83 82 86 86 88 92 92 91 86 91 89 87 82 86 83 81 80 85 84
83 85 87 87 86 87 87 89 86 86 83 85 83 83 83 83 84 84 86 86 88 87 85 84 84 88 86 82 82 79 81 81 82 81 83 85 84 83 84 87 89 89 90 91 91 90 87 88 89 89 89 87 86 85 85 81 80 83 84 79 82 86 81 83 83 81 79 80 81 81 80 81 88 85 85 83 83 82 87 86 87 90 92 92 91 88 87 89 85 87 88 82 80 83 87 84
80 83 86 88 86 86 87 89 88 83 84 82 83 85 86 84 84 84 85 86 86 88 85 87 88 87 85 86 84 81 80 81 81 79 82 84 82 86 86 86 88 89 92 91 91 90 89 89 89 87 87 88 87 85 81 82 78 80 80 81 83 86 86 81 81 82 82 81 80 82 83 82 87 89 84 86 85 80 83 82 84 89 92 89 89 89 90 90 90 87 89 83 84 84 85 87
83 82 87 88 88 87 89 87 85 86 82 82 84 84 86 84 87 85 84 84 86 87 89 88 88 87 83 84 82 82 80 80 81 79 80 80 81 83 85 89 90 91 89 90 90 90 91 90 88 87 85 86 86 86 85 82 78 78 80 82 84 85 82 83 81 81 82 83 82 82 84 84 85 86 90 88 86 85 80 82 84 90 92 90 88 87 89 88 87 88 87 86 86 86 88 89
