Climate/data/grids_germany_multi_annual_precipitation_1981-2010_14.asc
NCOLS 654
NROWS 866
XLLCORNER 3280414.711633467
YLLCORNER 5237500.62890625
CELLSIZE 1000
NODATA_VALUE -999
[rows 533 to 573 of 866, columns 282 to 375 of 654]
229 212 208 214 230 220 225 214 197 208 198 204 200 187 184 201 208 207 211 201 201 193 190 205 210 207 205 205 202 196 194 191 190 192 193 190 190 193 192 195 208 217 203 196 197 190 192 187 184 191 194 193 195 193 192 190 189 192 187 195 195 197 193 188 200 197 202 198 213 209 215 209 230 224 234 241 240 225 230 241 228 226 223 222 230 232 229 230 230 230 232 228 236 244
228 225 207 217 221 221 220 215 200 198 190 187 200 184 188 202 205 210 206 203 212 215 194 198 205 197 204 201 193 197 192 197 194 196 195 192 197 198 195 196 213 218 211 214 205 192 195 190 191 186 191 193 192 192 192 193 196 193 191 186 188 188 191 190 191 197 204 205 207 213 213 212 214 222 233 237 232 226 222 225 239 228 226 221 223 230 228 230 230 229 232 229 227 226
228 231 225 204 222 220 209 215 212 203 212 206 202 181 181 182 197 205 204 206 204 213 203 205 201 202 191 193 200 196 195 195 199 196 201 198 200 199 197 208 221 218 215 209 207 198 201 198 191 187 190 197 194 198 194 202 192 200 199 194 198 197 195 200 200 197 193 202 205 207 202 209 223 229 229 234 227 225 217 224 229 226 215 221 220 232 228 225 224 219 231 230 229 238
226 224 227 211 215 214 206 211 212 211 211 217 198 186 186 196 198 198 215 214 212 213 199 205 200 199 188 205 201 198 196 198 199 198 200 203 207 203 206 217 222 215 217 207 199 196 199 195 193 192 191 203 201 206 199 200 198 204 197 195 196 195 198 198 200 201 194 196 200 202 217 208 222 227 222 225 226 221 211 218 214 213 221 222 223 221 219 218 217 220 222 228 226 231
234 228 222 215 205 211 203 207 210 208 208 206 203 181 193 183 188 189 191 205 210 209 201 200 205 188 200 199 200 197 195 201 198 199 198 202 198 201 199 220 218 221 205 196 195 191 191 197 193 195 192 199 203 207 202 204 205 200 197 198 195 197 194 199 199 199 196 192 196 205 209 218 223 225 219 232 224 220 216 217 226 224 228 222 217 219 219 218 221 218 220 225 221 222
228 224 227 223 217 209 203 206 206 202 211 208 199 184 186 197 200 189 202 213 214 208 202 197 199 192 194 200 199 195 196 198 197 203 209 199 196 197 199 202 196 217 207 200 191 187 193 192 199 192 192 199 204 205 203 205 202 207 203 201 200 197 197 195 204 201 198 198 194 203 209 211 220 215 214 220 215 215 207 217 223 219 221 223 220 214 214 221 219 221 219 217 217 213
221 220 219 214 215 212 200 204 203 200 206 201 204 189 183 186 188 202 208 207 206 204 197 189 196 191 183 189 189 192 196 197 194 197 197 193 191 199 199 200 199 207 222 214 197 196 194 196 196 199 196 207 201 203 205 206 202 224 223 211 211 202 198 198 195 195 205 196 193 198 204 222 216 212 212 212 204 203 213 207 211 216 229 226 216 215 211 228 215 214 219 218 214 212
214 211 209 207 207 203 200 208 206 207 209 200 192 184 177 191 204 206 206 209 211 199 199 193 192 189 194 182 193 194 193 194 198 199 193 197 196 197 197 194 199 210 218 217 212 200 196 197 199 199 207 204 201 204 206 204 205 206 201 205 205 207 197 196 191 192 199 194 193 202 219 219 215 208 210 206 201 202 207 210 219 225 222 216 210 210 214 211 215 213 214 214 218 212
207 202 202 200 195 207 212 212 208 210 209 208 195 186 179 201 194 209 202 209 214 203 197 193 197 189 191 196 181 182 185 189 194 198 190 196 191 192 192 194 193 193 199 201 219 204 201 199 196 193 206 196 206 212 207 202 200 200 198 199 197 214 219 208 202 198 193 198 193 199 212 222 214 211 207 204 198 207 214 214 216 221 226 222 211 212 212 210 206 207 212 210 215 214
211 211 197 193 194 211 210 207 201 208 204 203 201 186 179 194 193 207 202 210 207 208 202 201 194 190 194 187 185 193 199 201 198 194 192 192 197 192 191 194 193 192 193 191 197 220 221 203 197 193 197 204 210 213 207 207 204 205 216 199 194 210 210 222 205 203 200 195 195 196 202 219 207 203 201 190 196 202 215 219 226 216 209 221 212 205 204 204 204 206 213 207 205 207
208 198 197 192 203 207 199 205 205 196 201 200 185 194 186 192 198 202 214 212 207 208 204 200 196 193 196 196 189 188 198 201 204 199 199 198 194 189 189 195 195 193 194 193 193 224 225 206 200 195 199 205 210 212 208 206 209 199 200 199 195 196 200 222 208 199 196 197 196 197 199 207 208 197 195 193 197 201 213 221 217 208 208 212 203 204 203 203 205 202 202 205 204 205
198 198 189 199 214 211 194 201 193 184 183 194 195 180 215 191 203 210 209 209 203 205 201 205 200 194 201 191 189 201 194 197 199 199 197 199 203 195 193 192 194 195 195 196 193 196 194 198 201 202 196 196 206 200 201 201 207 191 194 195 200 196 205 204 223 205 202 204 198 199 195 203 208 188 185 195 200 206 216 238 216 212 201 201 204 209 214 223 218 212 206 209 209 212
197 185 194 207 208 206 188 193 182 190 184 186 208 204 204 200 203 210 208 210 204 200 204 204 203 199 204 196 195 203 200 200 203 202 202 202 197 200 199 194 192 193 197 202 196 199 195 195 197 212 203 202 202 196 195 192 194 206 205 200 192 194 201 206 230 227 224 224 215 196 196 192 199 186 196 191 191 212 218 225 214 208 200 203 207 206 212 239 222 211 213 211 216 217
187 213 195 207 200 183 181 183 184 187 189 200 190 208 211 209 208 206 203 203 202 197 208 206 208 206 211 202 206 204 208 205 208 206 204 203 206 198 205 203 204 199 199 203 201 201 196 193 195 202 211 211 211 215 200 197 200 206 206 204 201 197 206 204 209 213 236 226 206 205 203 193 187 184 193 191 205 204 211 205 215 199 202 203 208 225 213 210 214 233 221 209 210 229
201 192 199 201 194 179 182 184 196 207 212 187 200 207 198 207 202 206 198 201 195 201 200 202 205 209 210 208 215 213 211 210 211 207 212 208 205 206 207 207 205 208 205 201 202 204 201 196 194 196 206 213 208 209 204 207 208 212 206 207 203 199 200 201 210 216 237 224 206 203 202 193 189 186 194 196 201 205 206 203 207 203 202 207 218 228 240 220 206 227 226 218 212 223
193 187 209 183 183 180 187 207 198 205 209 204 206 192 201 208 203 201 197 196 195 193 198 209 207 208 199 209 210 208 217 215 211 212 214 209 204 203 203 203 201 209 211 207 205 201 199 197 197 199 211 220 219 212 209 211 210 208 210 209 202 206 209 209 207 209 236 229 213 203 197 194 199 209 197 195 212 205 200 200 198 202 202 212 229 241 244 219 214 209 211 219 217 215
182 188 187 182 182 192 189 199 200 200 208 202 199 201 197 206 198 198 196 194 194 198 197 200 204 207 195 205 199 214 217 217 209 211 211 211 208 207 209 208 207 205 209 204 201 201 199 199 199 200 216 218 216 218 213 217 213 209 209 204 209 214 225 210 217 207 218 222 221 226 200 194 203 210 205 205 209 203 195 194 201 201 205 227 237 248 228 227 219 216 216 219 217 219
189 181 183 185 188 203 195 203 204 194 188 196 191 194 191 201 201 193 194 190 193 195 196 200 203 204 194 198 210 211 213 209 214 201 213 212 210 208 208 207 205 199 205 202 197 196 197 198 196 201 211 230 234 230 224 219 234 220 220 229 231 215 209 206 208 208 207 208 216 227 206 198 201 209 209 210 208 202 199 199 202 206 216 240 240 227 233 239 245 236 236 233 238 239
205 194 194 203 197 204 205 199 194 190 182 183 187 189 194 195 200 191 186 183 192 188 194 197 198 197 198 198 207 210 213 214 206 213 216 213 208 207 207 212 210 202 197 194 200 199 193 198 197 200 213 235 236 228 229 223 224 217 221 214 210 211 213 212 216 206 205 227 224 211 200 201 204 219 215 215 208 196 198 200 205 205 210 220 219 214 223 226 259 249 256 249 251 248
209 202 210 205 207 208 203 198 196 184 182 191 183 187 197 196 193 192 188 182 189 189 191 196 190 197 195 199 201 203 205 202 198 217 207 215 212 208 208 212 216 207 202 196 198 195 193 196 196 198 205 220 219 242 236 236 235 233 231 216 219 230 211 207 206 204 202 210 224 223 207 199 208 218 210 206 202 196 198 200 203 217 231 227 215 228 234 231 254 255 259 255 244 252
203 206 206 207 207 207 198 195 188 188 194 188 184 188 194 189 191 186 186 185 185 187 187 190 188 193 186 195 204 196 208 205 207 208 212 200 204 209 210 212 212 217 212 201 193 201 192 195 199 201 204 213 232 219 233 229 236 232 237 233 226 234 223 210 206 227 201 206 218 223 203 204 224 223 215 208 207 198 201 203 208 214 227 255 230 222 221 241 249 254 249 253 249 240
197 199 201 202 201 203 204 189 193 191 194 191 186 191 195 193 183 186 186 186 180 185 186 187 183 186 188 192 198 194 205 188 208 206 200 206 202 209 212 206 216 219 213 204 202 199 194 192 192 201 212 206 215 224 230 225 224 236 229 233 229 223 213 210 209 205 205 205 207 216 214 199 210 223 217 214 208 199 201 206 221 228 254 253 255 238 222 233 254 253 251 245 242 244
197 206 202 203 202 202 200 191 193 198 196 189 184 189 195 188 181 182 185 184 182 179 182 182 179 176 182 183 193 197 201 194 189 202 209 213 209 209 216 212 199 203 204 203 201 197 192 192 194 200 214 207 208 218 220 220 223 228 228 226 221 229 232 230 217 213 203 202 207 222 210 210 207 205 213 216 198 198 207 208 215 220 221 246 254 250 227 246 254 246 241 242 247 246
204 203 202 202 202 192 190 195 199 195 196 192 191 196 192 188 183 183 184 182 181 179 179 180 178 179 180 179 178 182 182 195 201 207 211 209 211 217 220 213 207 196 209 199 204 198 195 195 194 196 201 198 205 224 219 215 212 215 219 221 216 220 215 233 215 211 210 201 207 211 225 210 204 210 216 204 200 197 209 215 207 215 219 238 247 254 249 254 249 246 248 248 246 251
200 201 198 195 199 201 189 194 193 193 196 188 191 190 191 183 184 183 182 181 179 179 178 179 177 176 174 176 177 186 187 182 200 207 208 216 211 209 212 212 211 204 204 197 198 192 198 194 196 197 206 199 217 220 216 209 202 203 209 217 220 212 212 208 209 210 206 207 204 205 209 215 203 212 207 202 200 214 208 219 214 215 224 248 260 257 247 228 238 242 236 240 245 238
194 196 193 191 199 194 191 189 189 191 193 185 194 194 194 189 182 183 182 180 179 179 178 178 176 174 176 176 180 188 194 183 188 198 206 203 205 202 197 203 203 202 205 194 192 191 193 194 192 197 212 198 213 215 209 207 208 207 205 217 215 213 216 215 218 213 211 215 209 206 229 208 204 209 203 203 204 214 217 210 218 217 236 257 263 234 240 219 243 246 241 235 244 240
196 186 195 200 197 195 188 184 189 190 184 194 198 192 188 189 185 179 181 179 180 179 177 177 174 175 177 178 181 186 191 193 185 194 200 201 196 197 195 201 195 194 194 191 196 192 193 192 192 190 196 190 192 207 211 208 203 200 207 202 210 214 212 238 234 241 229 214 209 212 230 210 205 207 203 203 205 213 214 215 218 221 222 239 230 229 221 249 248 249 245 239 240 243
186 188 199 202 197 190 186 187 189 184 190 198 195 193 191 183 183 183 180 179 180 178 176 176 175 175 180 178 180 185 191 191 193 190 192 190 186 187 187 187 187 186 187 190 193 196 196 192 192 189 189 191 191 210 207 209 201 208 193 203 211 216 213 214 219 214 219 223 208 205 221 216 205 205 203 204 213 215 214 219 221 222 222 224 218 215 237 242 247 247 247 240 241 241
196 202 199 201 193 185 184 189 183 190 196 196 193 189 186 181 180 182 179 178 180 177 176 175 174 175 177 179 178 182 188 188 192 193 192 195 199 189 189 190 187 191 190 194 195 201 198 191 192 190 189 187 190 206 207 210 206 207 194 200 202 213 207 212 215 219 220 223 212 203 218 210 205 204 203 220 215 218 219 229 231 218 218 219 214 232 225 252 252 247 243 249 241 239
203 205 196 200 197 188 188 187 187 194 192 194 188 191 190 183 183 179 179 178 179 176 175 175 175 175 179 178 179 180 183 187 191 192 191 189 196 192 196 194 197 198 192 195 200 196 198 198 191 190 189 187 186 188 192 202 212 196 194 210 217 210 214 207 213 225 218 226 214 203 202 202 203 202 207 216 228 226 229 226 224 220 220 215 214 222 225 246 249 247 240 243 241 240
204 198 198 196 196 185 197 189 188 194 192 192 188 190 184 178 179 181 179 177 178 176 175 175 175 176 177 177 177 179 180 185 189 191 190 188 191 195 195 192 193 200 197 202 200 202 196 196 194 193 188 190 188 188 187 189 190 188 195 210 211 198 210 212 206 213 212 212 207 201 204 200 203 203 209 218 227 230 227 223 224 214 211 213 213 213 225 228 244 248 254 241 239 239
200 195 197 191 196 184 197 183 196 194 190 188 188 181 183 179 175 177 177 177 181 177 175 175 176 176 176 178 179 177 178 181 187 192 191 190 191 194 191 193 196 199 202 203 203 200 199 199 194 191 193 207 206 192 197 187 188 189 188 187 190 196 208 205 207 202 204 201 210 210 197 199 199 207 205 217 217 222 228 222 222 220 213 217 218 219 247 251 255 251 246 245 242 239
196 195 194 198 181 182 180 182 188 190 182 186 188 179 176 179 181 181 182 182 182 178 175 175 177 176 176 179 178 177 178 178 183 188 190 190 189 195 192 196 197 202 203 205 204 208 205 203 196 194 207 205 210 196 211 200 199 208 206 201 189 191 203 205 210 206 209 205 228 214 201 199 201 202 208 212 220 222 226 222 215 212 216 222 242 229 252 248 251 250 249 245 242 249
190 196 189 181 194 200 187 195 184 184 183 184 180 179 180 184 181 181 179 181 180 184 176 176 176 175 177 175 177 177 176 178 182 188 190 189 191 193 195 195 200 207 206 207 204 209 229 206 201 197 215 223 222 209 198 198 201 207 206 195 196 190 194 200 203 207 202 203 204 210 207 197 199 202 215 214 219 216 215 222 212 216 219 221 220 230 240 251 250 246 244 249 247 240
198 183 201 205 209 206 204 199 197 196 187 187 181 184 181 182 183 186 186 185 188 182 176 179 179 177 176 175 176 175 175 177 180 184 188 193 195 192 196 198 207 216 218 226 218 220 213 205 201 210 210 208 222 218 210 208 205 206 205 201 202 194 191 192 195 197 195 199 202 207 207 194 197 200 202 210 213 213 208 211 214 216 228 261 253 246 256 258 258 253 244 239 246 240
195 186 196 199 207 200 204 203 198 193 193 190 190 187 185 184 187 186 189 187 185 185 176 179 181 180 177 177 177 177 175 178 181 185 185 190 191 194 195 197 201 219 233 231 227 218 216 212 219 219 217 212 204 214 220 213 214 211 205 203 211 193 187 187 188 188 189 192 196 209 207 194 195 199 200 200 203 204 204 216 216 219 235 262 269 265 265 266 262 246 245 247 245 241
195 211 211 206 205 200 201 199 199 200 197 190 186 186 189 186 193 190 189 194 191 188 178 184 183 182 176 176 175 177 175 179 182 185 184 186 190 194 197 199 200 211 221 232 227 230 211 223 231 231 219 213 227 212 205 208 209 207 211 214 199 210 193 189 188 187 188 188 189 191 194 194 197 198 200 202 202 203 211 212 220 227 228 237 238 237 250 275 263 254 246 248 246 243
202 205 210 211 204 195 197 197 198 201 198 191 189 187 189 187 186 190 191 190 191 192 174 185 184 178 176 174 174 178 178 181 183 185 186 187 190 194 195 197 198 208 210 225 230 215 227 214 216 227 226 225 221 213 213 201 198 200 208 206 211 200 200 195 191 203 196 188 189 192 189 191 195 195 197 199 202 207 204 207 219 226 226 232 241 248 279 289 266 249 237 238 245 241
208 201 208 203 202 198 197 201 204 201 200 193 192 188 188 188 189 186 185 187 187 178 176 178 178 174 171 173 177 180 182 183 183 184 185 190 190 190 195 197 207 199 204 223 224 212 228 209 214 216 214 221 220 214 212 209 202 204 207 203 198 202 212 207 208 206 201 195 200 194 189 190 190 192 195 196 201 204 211 210 213 213 221 231 249 276 288 280 270 260 248 235 246 248
189 205 209 201 205 192 205 199 204 198 196 195 193 187 187 188 191 193 193 193 190 187 178 178 181 175 170 169 176 180 182 184 185 184 184 190 193 192 195 196 197 206 206 206 226 220 226 213 209 212 211 214 215 218 215 215 214 209 214 204 204 200 206 203 212 208 201 194 193 202 195 196 192 192 194 197 199 201 212 216 216 222 222 239 254 271 279 271 270 252 240 234 255 253
206 204 212 198 199 204 199 200 207 199 196 197 192 190 188 186 192 193 195 197 198 190 184 189 185 182 173 171 177 183 187 187 189 185 186 189 191 191 195 206 203 207 203 204 218 213 209 213 206 208 206 215 202 213 209 202 209 219 216 213 212 204 198 200 201 207 204 201 199 197 201 202 202 197 194 199 199 205 207 212 212 214 223 242 261 266 279 266 265 254 251 267 255 238
