Climate/data/grids_germany_multi_annual_air_temp_mean_1981-2010_10.asc
NCOLS 654
NROWS 866
XLLCORNER 3280414.711633467
YLLCORNER 5237500.62890625
CELLSIZE 1000
NODATA_VALUE -999
[rows 714 to 764 of 866, columns 96 to 191 of 654]
-999 -999 -999 -999 -999 -999 -999 -999 -999 -999 -999 -999 -999 -999 -999 -999 -999 -999 -999 -999 -999 -999 -999 -999 -999 -999 -999 -999 -999 -999 -999 -999 -999 -999 -999 -999 -999 -999 110 110 109 109 109 109 108 107 107 107 107 107 107 107 107 107 108 108 107 108 107 102 98 95 87 83 76 72 77 77 81 71 74 75 83 86 89 94 91 80 74 74 75 75 77 78 72 73 77 76 77 79 81 80 81 81 82 82
-999 -999 -999 -999 -999 -999 -999 -999 -999 -999 -999 -999 -999 -999 -999 -999 -999 -999 -999 -999 -999 -999 -999 -999 -999 -999 -999 -999 -999 -999 -999 -999 -999 -999 -999 -999 -999 110 110 110 110 110 109 109 109 108 108 108 108 108 107 108 108 108 107 108 107 108 107 98 87 88 83 87 76 75 77 77 82 79 75 82 88 86 85 85 89 86 74 76 76 75 77 74 74 77 80 77 79 83 82 81 87 82 83 83
-999 -999 -999 -999 -999 -999 -999 -999 -999 -999 -999 -999 -999 -999 -999 -999 -999 -999 -999 -999 -999 -999 -999 -999 -999 -999 -999 -999 -999 -999 -999 -999 -999 -999 -999 -999 -999 111 110 110 110 110 110 109 109 109 108 108 108 108 108 108 108 107 106 107 105 103 105 102 93 85 77 78 70 69 73 75 79 82 85 86 78 72 80 86 93 83 74 73 75 76 77 75 74 78 78 79 79 80 82 83 85 82 83 83
-999 -999 -999 -999 -999 -999 -999 -999 -999 -999 -999 -999 -999 -999 -999 -999 -999 -999 -999 -999 -999 -999 -999 -999 -999 -999 -999 -999 -999 -999 -999 -999 -999 -999 -999 -999 111 111 111 111 110 110 110 109 109 109 109 108 108 108 108 108 107 108 106 106 106 103 99 95 91 82 80 79 67 72 77 79 81 78 84 75 70 76 85 84 91 87 87 78 74 75 75 76 76 78 78 80 82 82 82 83 84 85 84 84
-999 -999 -999 -999 -999 -999 -999 -999 -999 -999 -999 -999 -999 -999 -999 -999 -999 -999 -999 -999 -999 -999 -999 -999 -999 -999 -999 -999 -999 -999 -999 -999 -999 -999 -999 -999 111 111 111 111 111 110 110 110 110 109 109 109 109 108 108 107 106 107 107 106 105 106 105 99 88 88 87 80 65 70 70 80 74 78 75 77 83 82 85 90 89 91 91 79 76 76 76 77 81 79 81 81 82 83 83 84 85 85 85 90
-999 -999 -999 -999 -999 -999 -999 -999 -999 -999 -999 -999 -999 -999 -999 -999 -999 -999 -999 -999 -999 -999 -999 -999 -999 -999 -999 -999 -999 -999 -999 -999 -999 -999 -999 112 112 111 111 111 111 111 110 110 110 110 109 109 109 109 108 107 106 106 106 104 103 106 105 97 85 94 91 82 75 77 74 81 82 82 82 82 86 89 89 87 88 86 90 78 76 79 79 77 79 80 82 86 87 84 85 86 86 87 86 87
-999 -999 -999 -999 -999 -999 -999 -999 -999 -999 -999 -999 -999 -999 -999 -999 -999 -999 -999 -999 -999 -999 -999 -999 -999 -999 -999 -999 -999 -999 -999 -999 -999 -999 -999 112 112 112 111 111 111 111 111 110 110 110 109 109 109 108 108 107 106 106 105 104 99 104 96 104 97 92 93 89 84 76 67 72 72 77 80 82 81 87 78 78 85 87 90 86 76 77 82 79 78 81 84 83 87 85 85 86 91 87 90 88
-999 -999 -999 -999 -999 -999 -999 -999 -999 -999 -999 -999 -999 -999 -999 -999 -999 -999 -999 -999 -999 -999 -999 -999 -999 -999 -999 -999 -999 -999 -999 -999 -999 -999 -999 112 112 112 111 111 111 111 111 110 110 110 110 109 108 108 108 107 106 106 105 102 98 101 90 97 99 96 91 88 87 81 76 72 77 74 70 78 81 83 73 80 74 87 89 86 76 79 82 78 79 82 87 89 87 83 84 85 88 86 85 86
-999 -999 -999 -999 -999 -999 -999 -999 -999 -999 -999 -999 -999 -999 -999 -999 -999 -999 -999 -999 -999 -999 -999 -999 -999 -999 -999 -999 -999 -999 -999 -999 -999 -999 -999 111 111 111 111 111 111 111 111 110 110 110 110 108 108 108 108 108 107 106 105 100 101 94 86 99 99 97 90 85 72 72 70 69 71 76 80 83 78 76 75 74 79 74 86 89 79 77 84 83 78 82 82 84 83 84 84 85 88 85 85 86
-999 -999 -999 -999 -999 -999 -999 -999 -999 -999 -999 -999 -999 -999 -999 -999 -999 -999 -999 -999 -999 -999 -999 -999 -999 -999 -999 -999 -999 -999 -999 -999 -999 -999 -999 111 111 111 111 111 111 111 111 110 110 110 110 109 109 108 108 108 107 107 106 104 103 90 84 91 93 97 89 86 70 68 74 75 74 72 75 71 75 81 85 76 76 82 89 88 77 77 78 87 83 80 87 81 81 82 83 86 86 86 86 85
-999 -999 -999 -999 -999 -999 -999 -999 -999 -999 -999 -999 -999 -999 -999 -999 -999 -999 -999 -999 -999 -999 -999 -999 -999 -999 -999 -999 -999 -999 -999 -999 -999 -999 -999 111 111 111 111 111 111 111 111 110 110 110 109 109 109 109 108 108 107 107 106 106 102 89 87 91 91 89 94 91 79 72 79 83 80 86 75 73 74 75 80 86 79 88 90 89 81 79 83 86 87 85 82 80 82 82 83 83 85 85 84 84
-999 -999 -999 -999 -999 -999 -999 -999 -999 -999 -999 -999 -999 -999 -999 -999 -999 -999 -999 -999 -999 -999 -999 -999 -999 -999 -999 -999 -999 -999 -999 -999 -999 -999 -999 111 111 111 111 111 111 110 109 109 109 109 109 109 109 107 107 107 106 107 107 106 100 94 93 91 84 81 84 83 84 71 70 71 78 75 87 85 78 74 76 83 83 78 87 89 86 79 81 80 86 80 81 82 82 82 84 83 83 84 85 86
-999 -999 -999 -999 -999 -999 -999 -999 -999 -999 -999 -999 -999 -999 -999 -999 -999 -999 -999 -999 -999 -999 -999 -999 -999 -999 -999 -999 -999 -999 -999 -999 -999 -999 -999 111 111 111 111 111 111 109 110 109 109 109 109 109 109 108 108 106 104 105 106 106 106 104 103 92 91 83 79 90 86 70 75 74 85 87 86 82 86 82 82 78 88 78 84 90 80 79 81 82 81 80 82 83 82 83 82 83 83 83 85 88
-999 -999 -999 -999 -999 -999 -999 -999 -999 -999 -999 -999 -999 -999 -999 -999 -999 -999 -999 -999 -999 -999 -999 -999 -999 -999 -999 -999 -999 -999 -999 -999 -999 -999 -999 111 111 111 111 111 110 110 110 109 109 109 109 109 108 108 108 103 104 106 102 104 106 105 105 98 91 91 82 91 81 75 78 82 81 86 77 86 82 89 88 84 88 89 90 84 84 80 81 81 81 80 80 82 82 82 84 83 84 88 86 85
-999 -999 -999 -999 -999 -999 -999 -999 -999 -999 -999 -999 -999 -999 -999 -999 -999 -999 -999 -999 -999 -999 -999 -999 -999 -999 -999 -999 -999 -999 -999 -999 -999 -999 -999 111 111 111 110 110 110 110 110 109 109 109 109 108 108 107 105 102 102 101 99 102 104 103 95 104 101 91 91 91 92 80 75 78 84 73 84 77 87 85 84 86 90 91 80 79 88 80 82 83 83 83 80 81 81 82 84 84 86 83 84 85
-999 -999 -999 -999 -999 -999 -999 -999 -999 -999 -999 -999 -999 -999 -999 -999 -999 -999 -999 -999 -999 -999 -999 -999 -999 -999 -999 -999 -999 -999 -999 -999 -999 -999 111 111 110 110 110 110 110 110 110 109 109 109 109 108 107 105 104 101 100 101 103 102 102 98 92 102 96 101 93 97 93 84 75 76 78 76 76 83 78 85 78 86 88 88 79 80 84 81 83 83 83 83 81 82 82 84 84 83 85 83 81 82
-999 -999 -999 -999 -999 -999 -999 -999 -999 -999 -999 -999 -999 -999 -999 -999 -999 -999 -999 -999 -999 -999 -999 -999 -999 -999 -999 -999 -999 -999 -999 -999 109 110 111 109 109 110 110 109 110 110 110 110 110 110 110 108 107 106 105 105 102 98 98 101 100 100 92 95 100 97 88 97 93 89 82 72 74 73 75 76 85 82 76 79 85 90 83 79 81 82 83 85 84 82 84 80 83 84 84 85 85 84 85 84
-999 -999 -999 -999 -999 -999 -999 -999 -999 -999 -999 -999 -999 -999 -999 -999 -999 -999 -999 -999 -999 -999 -999 -999 -999 -999 -999 -999 -999 -999 -999 -999 109 109 109 109 109 109 109 109 109 109 110 110 110 110 109 108 106 105 98 99 102 100 94 99 93 94 95 100 101 98 92 99 88 86 89 74 83 76 75 81 80 75 84 87 79 88 79 80 83 84 85 85 87 87 84 80 83 85 84 86 83 81 84 85
-999 -999 -999 -999 -999 -999 -999 -999 -999 -999 -999 -999 -999 -999 -999 -999 -999 -999 -999 -999 -999 -999 -999 -999 -999 -999 -999 -999 -999 -999 -999 -999 109 109 109 109 109 109 109 109 109 109 109 110 110 110 109 107 107 102 91 93 98 100 93 91 94 93 94 97 100 103 99 98 97 93 88 76 85 72 73 73 75 75 77 78 80 85 84 81 82 84 87 86 87 85 83 83 83 84 86 85 85 82 85 86
-999 -999 -999 -999 -999 -999 -999 -999 -999 -999 -999 -999 -999 -999 -999 -999 -999 -999 -999 -999 -999 -999 -999 -999 -999 -999 -999 -999 -999 -999 -999 -999 109 109 109 109 109 109 109 109 109 109 109 110 110 110 109 107 105 94 95 88 91 99 98 92 89 87 81 94 95 102 93 92 92 90 83 86 85 74 75 76 76 77 77 77 77 78 83 86 83 84 86 88 89 87 87 83 83 83 85 84 84 81 84 85
-999 -999 -999 -999 -999 -999 -999 -999 -999 -999 -999 -999 -999 -999 -999 -999 -999 -999 -999 -999 -999 -999 -999 -999 -999 -999 -999 -999 -999 -999 -999 -999 109 109 109 109 109 109 109 109 109 109 109 110 110 110 109 108 100 95 98 98 90 94 91 90 79 78 80 86 90 101 96 93 85 83 88 93 83 74 79 77 79 75 75 79 77 83 80 86 84 86 85 85 87 90 86 86 83 85 82 81 82 83 85 87
-999 -999 -999 -999 -999 -999 -999 -999 -999 -999 -999 -999 -999 -999 -999 -999 -999 -999 -999 -999 -999 -999 -999 -999 -999 -999 -999 -999 -999 -999 -999 -999 109 109 109 109 109 109 109 109 109 109 109 110 109 109 109 108 100 103 104 100 98 96 97 88 78 79 82 80 81 97 98 91 81 85 93 86 87 74 81 88 85 82 81 77 79 79 81 80 81 85 87 87 87 88 88 88 85 82 85 82 83 84 85 86
-999 -999 -999 -999 -999 -999 -999 -999 -999 -999 -999 -999 -999 -999 -999 -999 -999 -999 -999 -999 -999 -999 -999 -999 -999 -999 -999 -999 -999 -999 -999 109 109 109 109 109 109 109 109 109 109 109 109 109 109 109 109 109 107 105 101 103 100 96 96 92 82 83 84 89 81 92 98 89 85 91 87 83 79 74 82 79 84 79 85 80 78 80 79 80 82 85 86 88 88 89 90 91 84 84 85 85 86 84 84 85
-999 -999 -999 -999 -999 -999 -999 -999 -999 -999 -999 -999 -999 -999 -999 -999 -999 -999 -999 -999 -999 -999 -999 -999 -999 -999 -999 -999 -999 -999 -999 109 109 109 109 109 109 109 109 109 109 109 109 108 108 109 108 107 107 105 106 105 100 94 98 92 87 91 94 83 80 92 97 98 97 93 79 85 73 76 76 76 79 90 88 78 79 80 79 80 80 82 87 87 88 91 85 89 89 85 83 85 86 86 84 88
-999 -999 -999 -999 -999 -999 -999 -999 -999 -999 -999 -999 -999 -999 -999 -999 -999 -999 -999 -999 -999 -999 -999 -999 -999 -999 -999 -999 -999 -999 -999 109 109 109 109 109 109 109 109 109 109 109 107 107 105 107 102 101 108 107 105 100 100 96 89 89 91 96 92 83 79 84 89 94 89 92 93 83 82 73 82 82 84 84 84 80 87 80 81 82 80 82 84 86 88 88 85 85 92 86 83 83 86 85 91 85
-999 -999 -999 -999 -999 -999 -999 -999 -999 -999 -999 -999 -999 -999 -999 -999 -999 -999 -999 -999 -999 -999 -999 -999 -999 -999 -999 -999 -999 -999 109 109 109 109 109 109 109 109 109 109 109 109 107 107 106 107 99 106 107 107 106 105 98 96 93 97 94 94 92 82 88 89 85 88 81 89 86 81 78 77 87 91 86 91 87 78 88 84 80 81 82 82 86 86 87 87 88 88 86 91 83 83 83 86 84 87
-999 -999 -999 -999 -999 -999 -999 -999 -999 -999 -999 -999 -999 -999 -999 -999 -999 -999 -999 -999 -999 -999 -999 -999 -999 -999 -999 -999 -999 -999 109 109 109 109 109 109 109 109 109 109 109 109 108 107 106 102 99 103 105 106 107 106 100 92 91 99 96 89 79 83 93 96 90 82 81 73 77 80 83 78 78 87 94 86 78 79 87 83 82 83 88 83 85 84 84 87 88 88 88 89 84 83 85 83 85 86
-999 -999 -999 -999 -999 -999 -999 -999 -999 -999 -999 -999 -999 -999 -999 -999 -999 -999 -999 -999 -999 -999 -999 -999 -999 -999 -999 -999 -999 -999 109 109 109 109 109 109 109 109 109 109 109 107 108 105 99 105 98 104 101 105 106 107 103 95 99 97 93 85 83 92 98 92 85 87 83 82 80 77 81 90 80 86 94 83 79 80 89 81 88 82 80 85 83 83 84 85 87 87 92 91 85 84 84 83 86 86
-999 -999 -999 -999 -999 -999 -999 -999 -999 -999 -999 -999 -999 -999 -999 -999 -999 -999 -999 -999 -999 -999 -999 -999 -999 -999 -999 -999 -999 -999 109 109 109 109 109 109 109 109 109 109 107 107 106 99 93 100 98 98 102 97 102 107 103 98 102 96 93 91 95 97 96 96 92 89 80 84 89 76 88 92 86 94 93 81 84 80 83 86 86 80 83 90 84 86 88 87 88 87 85 87 84 83 82 84 90 94
-999 -999 -999 -999 -999 -999 -999 -999 -999 -999 -999 -999 -999 -999 -999 -999 -999 -999 -999 -999 -999 -999 -999 -999 -999 -999 -999 -999 -999 -999 109 109 109 109 109 109 109 109 109 109 109 107 105 104 96 92 93 97 97 98 102 107 102 95 104 96 94 98 99 99 91 91 88 83 89 91 86 82 83 92 97 92 87 79 86 81 84 89 80 88 88 83 83 85 86 86 86 87 84 93 91 88 87 91 89 87
-999 -999 -999 -999 -999 -999 -999 -999 -999 -999 -999 -999 -999 -999 -999 -999 -999 -999 -999 -999 -999 -999 -999 -999 -999 -999 -999 -999 -999 -999 109 109 109 109 109 109 109 109 109 109 106 107 106 94 94 91 95 95 99 105 107 108 105 94 102 98 97 101 99 98 89 89 77 85 86 95 87 83 86 89 97 92 86 86 89 84 86 86 81 92 83 83 84 85 86 84 85 84 84 86 83 85 91 86 87 89
-999 -999 -999 -999 -999 -999 -999 -999 -999 -999 -999 -999 -999 -999 -999 -999 -999 -999 -999 -999 -999 -999 -999 -999 -999 -999 -999 -999 -999 -999 109 109 109 109 109 109 109 109 106 106 106 107 98 96 101 94 101 96 96 100 107 107 97 98 105 101 104 101 98 92 88 87 83 89 95 97 89 93 95 94 94 92 86 79 86 87 89 88 86 88 89 84 84 84 85 87 83 84 86 82 83 84 85 86 87 91
-999 -999 -999 -999 -999 -999 -999 -999 -999 -999 -999 -999 -999 -999 -999 -999 -999 -999 -999 -999 -999 -999 -999 -999 -999 -999 -999 -999 -999 -999 109 109 109 109 109 109 109 108 106 106 103 105 105 107 106 102 102 98 102 103 106 107 107 105 106 105 102 99 92 85 89 79 80 93 86 93 96 92 88 84 92 80 81 86 82 92 93 85 91 89 89 91 85 86 83 84 84 85 82 83 84 85 85 91 88 88
-999 -999 -999 -999 -999 -999 -999 -999 -999 -999 -999 -999 -999 -999 -999 -999 -999 -999 -999 -999 -999 -999 -999 -999 -999 -999 -999 -999 -999 -999 109 109 109 109 110 110 110 110 109 109 108 108 107 105 102 105 104 99 95 99 105 107 106 106 104 101 93 90 87 80 75 85 84 93 99 96 100 84 88 82 82 79 86 80 89 92 94 86 92 87 84 86 90 85 83 84 84 84 82 83 84 83 85 91 86 88
-999 -999 -999 -999 -999 -999 -999 -999 -999 -999 -999 -999 -999 -999 -999 -999 -999 -999 -999 -999 -999 -999 -999 -999 -999 -999 -999 -999 -999 -999 109 109 109 109 110 110 110 109 107 107 104 106 105 107 107 102 102 98 102 99 106 107 107 106 105 102 99 89 84 87 79 89 93 89 92 102 90 90 87 88 83 82 84 86 86 92 93 84 91 92 91 84 85 83 83 84 83 82 82 83 83 83 85 86 86 87
-999 -999 -999 -999 -999 -999 -999 -999 -999 -999 -999 -999 -999 -999 -999 -999 -999 -999 -999 -999 -999 -999 -999 -999 -999 -999 -999 -999 -999 109 109 110 109 109 110 110 110 108 108 108 104 100 101 97 107 102 102 100 99 104 95 102 107 104 97 97 95 90 87 91 88 86 98 87 99 102 88 96 94 86 83 83 85 89 81 91 95 90 95 85 85 90 85 85 83 86 83 82 83 83 83 83 84 89 85 85
-999 -999 -999 -999 -999 -999 -999 -999 -999 -999 -999 -999 -999 -999 -999 -999 -999 -999 -999 -999 -999 -999 -999 -999 -999 -999 -999 109 109 109 110 109 110 110 110 110 110 109 107 107 105 100 98 98 106 106 102 98 102 101 99 106 107 107 100 92 97 87 96 99 88 96 93 87 90 103 95 97 84 94 82 85 85 93 90 92 99 97 92 83 84 87 85 83 83 83 83 82 83 80 83 89 82 84 84 85
-999 -999 -999 -999 -999 -999 -999 -999 -999 -999 -999 -999 -999 -999 -999 -999 -999 -999 -999 -999 -999 -999 -999 -999 -999 -999 109 109 109 109 109 110 109 109 109 109 109 107 105 103 105 99 102 105 107 106 100 97 94 96 101 104 106 107 99 103 91 90 98 99 95 100 98 93 98 98 96 99 94 90 84 93 84 89 90 89 97 91 86 85 83 83 82 83 84 84 83 82 82 82 83 84 84 83 85 85
-999 -999 -999 -999 -999 -999 -999 -999 -999 -999 -999 -999 -999 -999 -999 -999 -999 -999 -999 -999 -999 -999 -999 -999 -999 -999 109 109 109 109 108 110 109 109 109 109 109 107 105 105 105 97 100 101 101 106 104 101 93 92 100 101 106 103 106 101 92 102 102 99 101 101 94 102 93 102 95 97 101 96 93 95 97 94 90 99 97 92 87 82 84 82 82 83 84 85 83 81 82 81 81 83 89 85 85 86
-999 -999 -999 -999 -999 -999 -999 -999 -999 -999 -999 -999 -999 -999 -999 -999 -999 -999 -999 -999 -999 -999 -999 -999 -999 -999 108 109 109 108 109 109 109 109 109 109 108 106 106 105 100 95 104 94 102 105 102 104 99 99 102 105 100 101 105 106 104 106 105 105 105 105 105 105 102 102 87 83 95 98 100 93 92 89 96 93 91 87 85 83 82 82 82 83 83 84 82 82 82 81 84 83 90 84 89 85
-999 -999 -999 -999 -999 -999 -999 -999 -999 -999 -999 -999 -999 -999 -999 -999 -999 -999 -999 -999 -999 -999 -999 -999 -999 -999 108 108 109 108 109 109 109 109 109 109 108 107 107 104 97 95 101 94 102 106 103 100 98 98 105 100 99 97 96 106 105 99 97 97 99 98 102 100 97 99 97 91 85 87 89 82 91 86 88 98 88 87 81 83 82 83 83 83 83 84 82 81 82 82 82 84 87 90 89 86
-999 -999 -999 -999 -999 -999 -999 -999 -999 -999 -999 -999 -999 -999 -999 -999 -999 -999 -999 -999 -999 -999 -999 -999 -999 -999 108 108 108 108 109 109 109 109 109 108 107 107 107 103 97 95 101 95 101 104 106 99 98 101 100 99 94 94 102 106 106 98 93 92 99 94 94 99 104 89 99 92 87 81 82 82 83 87 87 91 95 91 87 82 82 83 82 83 83 84 81 81 82 83 82 83 83 86 86 87
-999 -999 -999 -999 -999 -999 -999 -999 -999 -999 -999 -999 -999 -999 -999 -999 -999 -999 -999 -999 -999 -999 -999 -999 -999 108 108 108 108 108 109 109 109 109 107 108 108 107 107 98 103 96 95 94 96 102 104 96 96 93 101 91 94 103 105 95 102 103 103 96 89 98 83 95 100 100 92 94 86 84 79 76 80 77 87 92 93 90 85 82 82 83 83 82 83 83 81 81 83 83 82 82 82 83 89 86
-999 -999 -999 -999 -999 -999 -999 -999 -999 -999 -999 -999 -999 -999 -999 -999 -999 -999 -999 -999 -999 -999 -999 -999 -999 108 108 108 108 108 108 109 109 108 105 108 109 108 109 108 102 99 99 103 95 103 102 97 95 91 95 87 95 100 97 94 97 104 101 97 93 92 88 94 102 100 87 84 87 80 78 80 81 83 95 85 95 91 83 81 82 82 83 83 83 83 81 81 82 83 83 82 85 85 87 85
-999 -999 -999 -999 -999 -999 -999 -999 -999 -999 -999 -999 -999 -999 -999 -999 -999 -999 -999 -999 -999 -999 -999 -999 -999 108 108 108 108 108 109 109 109 104 105 108 108 109 102 100 107 104 103 104 97 105 98 96 91 87 87 90 96 94 101 94 94 103 98 94 96 94 87 94 99 100 93 79 80 79 80 76 76 81 84 80 87 87 82 83 81 82 82 82 83 82 81 81 82 83 83 83 84 84 89 89
-999 -999 -999 -999 -999 -999 -999 -999 -999 -999 -999 -999 -999 -999 -999 -999 -999 -999 -999 -999 -999 -999 -999 -999 -999 108 108 108 108 108 108 109 109 104 107 108 107 107 99 100 100 102 105 99 99 101 96 94 91 87 87 91 98 92 94 95 96 94 95 92 88 91 84 95 101 101 89 84 82 86 82 79 81 83 87 87 84 95 91 83 82 81 81 82 83 83 82 81 81 82 83 83 83 89 89 83
-999 -999 -999 -999 -999 -999 -999 -999 -999 -999 -999 -999 -999 -999 -999 -999 -999 -999 -999 -999 -999 -999 -999 -999 108 108 108 108 108 108 108 109 109 106 108 108 109 104 102 101 98 98 100 99 103 102 99 95 89 91 92 94 91 93 93 92 98 96 88 91 90 82 89 96 89 95 92 92 93 79 81 80 80 83 84 86 91 90 87 82 81 82 82 82 83 83 82 82 81 81 83 83 84 90 84 84
-999 -999 -999 -999 -999 -999 -999 -999 -999 -999 -999 -999 -999 -999 -999 -999 -999 -999 -999 -999 -999 -999 -999 108 108 108 108 108 108 108 108 109 109 109 109 110 109 109 109 109 107 108 100 101 97 101 96 94 87 87 91 95 95 93 96 94 93 87 90 95 92 85 88 87 85 97 99 94 85 89 81 79 76 77 77 79 84 90 92 82 79 81 81 82 83 83 82 81 81 81 83 83 83 83 86 84
-999 -999 -999 -999 -999 -999 -999 -999 -999 -999 -999 -999 -999 -999 -999 -999 -999 -999 -999 -999 -999 -999 108 108 108 108 108 108 108 108 108 109 109 108 107 108 104 103 103 99 101 101 106 103 98 94 94 87 90 93 92 92 98 91 95 97 89 95 95 89 88 93 85 81 85 85 99 86 90 81 84 81 76 80 79 79 78 92 82 82 79 79 80 81 82 83 84 82 81 81 81 83 83 83 81 84
-999 -999 -999 -999 -999 -999 -999 -999 -999 -999 -999 -999 -999 -999 -999 -999 -999 -999 -999 -999 -999 -999 108 108 108 108 108 108 108 108 108 109 109 108 106 108 103 100 100 99 104 101 103 99 95 96 87 86 90 94 97 97 99 93 94 99 99 94 83 77 87 87 76 76 83 94 98 88 90 78 79 81 77 79 78 81 77 82 78 80 79 79 80 81 82 82 83 83 83 83 81 81 82 84 85 87
-999 -999 -999 -999 -999 -999 -999 -999 -999 -999 -999 -999 -999 -999 -999 -999 -999 -999 -999 -999 -999 108 108 108 108 108 108 108 108 108 108 108 106 106 106 107 105 101 100 101 99 100 101 102 96 92 93 87 87 90 92 95 97 94 96 100 96 91 82 73 86 85 75 78 85 94 96 80 80 85 79 76 77 78 82 80 85 84 79 78 78 80 80 81 82 83 83 83 84 82 81 81 82 83 84 87
