Climate/data/grids_germany_multi_annual_precipitation_1981-2010_03.asc
NCOLS 654
NROWS 866
XLLCORNER 3280414.711633467
YLLCORNER 5237500.62890625
CELLSIZE 1000
NODATA_VALUE -999
[rows 612 to 662 of 866, columns 288 to 383 of 654]
60 57 54 53 54 54 54 54 54 56 56 54 55 55 55 56 53 54 54 52 52 53 53 53 55 56 58 56 54 55 58 56 55 54 52 52 52 52 54 55 54 54 55 56 56 56 60 61 61 61 60 61 61 61 57 58 62 61 60 59 60 61 61 61 59 59 58 58 57 57 57 56 56 55 52 53 53 53 53 53 54 54 56 57 58 59 61 62 63 64 65 65 65 67 66 66
59 57 55 56 56 55 56 54 58 57 58 56 55 55 55 56 53 54 55 53 53 54 55 56 56 57 57 58 58 56 54 54 53 52 52 52 52 52 53 52 53 57 55 58 56 59 60 60 61 60 61 61 59 58 61 60 60 58 59 59 58 59 61 60 59 58 58 58 57 57 57 56 56 55 51 52 53 52 51 51 54 54 55 56 57 57 58 60 61 63 63 63 63 63 65 67
60 57 56 56 56 57 55 58 58 57 57 56 56 56 56 54 56 55 55 54 54 55 55 57 56 56 56 56 54 54 54 54 53 51 50 51 51 51 50 52 52 54 54 54 57 59 60 60 60 59 58 60 59 61 60 60 60 58 58 59 59 58 60 57 58 58 57 58 56 56 55 56 54 53 53 52 52 50 50 50 51 52 54 55 58 59 60 60 61 62 62 63 65 64 66 65
60 57 58 54 58 58 54 57 58 59 57 56 56 56 57 57 56 57 56 56 56 56 56 57 55 56 56 55 54 55 54 52 51 50 48 49 50 51 50 52 55 56 56 57 57 58 58 60 59 60 60 58 59 60 59 59 59 59 59 59 56 56 57 57 54 55 56 54 54 55 56 54 54 53 52 51 50 50 49 49 49 50 54 56 58 59 61 60 60 61 61 63 62 64 65 65
60 54 54 57 53 54 57 59 58 58 57 57 57 57 56 56 56 57 56 58 57 58 57 57 56 57 55 54 53 53 54 53 51 51 50 50 50 50 51 52 54 56 57 57 56 57 57 59 60 61 59 58 57 59 59 59 57 57 58 57 57 57 55 54 54 54 54 53 53 53 53 53 53 53 50 51 50 51 48 47 48 50 54 56 57 57 58 59 59 59 61 61 61 61 62 65
61 54 58 61 56 55 57 55 57 58 58 56 57 56 56 57 56 57 55 57 57 58 58 55 56 55 55 54 52 53 52 51 50 51 50 50 50 50 50 52 56 56 56 57 56 58 58 60 61 59 59 59 58 58 58 58 58 57 54 54 54 54 55 55 56 57 56 55 54 54 54 53 53 53 52 51 50 50 49 49 49 50 52 55 57 57 57 57 59 59 60 60 61 61 63 65
54 56 61 62 59 55 58 58 59 55 56 56 54 54 55 53 54 55 55 56 56 58 57 55 56 55 55 53 51 51 50 51 51 49 49 49 51 50 51 56 56 56 55 55 56 57 59 60 59 61 61 59 58 58 57 56 55 54 56 55 56 56 56 55 55 56 55 55 55 53 53 52 51 52 52 50 50 49 49 49 49 50 53 55 55 56 56 56 58 58 58 58 59 61 63 67
63 64 64 64 60 58 59 61 62 60 59 57 56 57 56 56 55 56 55 55 56 56 56 55 54 54 54 52 52 52 53 51 51 51 49 50 50 51 54 57 55 55 52 54 57 58 56 61 60 61 62 59 57 57 54 54 55 56 56 56 56 55 56 55 55 55 53 54 53 54 54 52 52 52 51 50 50 49 49 50 50 51 52 54 55 56 55 56 57 56 58 60 60 62 64 68
65 66 65 61 59 58 63 62 62 60 59 57 57 59 56 58 57 56 55 55 56 55 54 55 54 54 53 52 52 51 51 50 51 51 51 50 51 54 55 56 57 57 55 53 57 57 58 59 59 61 59 58 56 57 57 57 57 56 56 56 56 55 55 53 53 53 54 55 53 54 55 52 51 51 50 50 50 50 49 49 50 51 52 53 53 53 55 57 58 57 59 60 60 62 65 68
63 65 63 62 64 61 57 62 62 63 61 60 59 59 59 58 57 55 56 55 56 55 55 55 54 53 53 52 52 51 51 52 52 51 52 51 53 53 54 55 57 55 54 54 53 57 55 60 61 58 58 58 57 59 55 57 57 56 56 55 55 55 55 54 55 56 55 55 54 52 52 52 53 52 51 50 50 50 48 48 49 48 50 52 52 54 55 56 58 60 61 60 61 63 65 67
67 65 66 62 65 66 63 62 60 63 62 61 61 62 60 59 57 56 57 56 56 55 56 54 53 52 53 53 53 53 52 54 53 52 53 53 54 55 54 54 55 52 53 53 55 55 54 56 57 56 55 55 55 57 57 56 57 55 55 56 57 56 57 57 56 56 56 56 56 53 55 53 52 52 53 51 50 50 49 48 48 48 49 50 52 53 56 56 57 58 60 61 62 64 66 69
67 68 66 65 65 64 60 65 64 57 60 63 63 62 62 59 59 59 58 57 57 57 56 53 53 53 55 54 54 53 53 55 53 54 54 54 53 53 54 55 54 54 53 56 57 57 58 55 54 56 58 55 55 56 57 57 56 56 56 55 56 56 55 55 54 54 54 54 54 54 53 53 52 51 51 49 49 49 48 47 47 47 49 51 52 54 56 56 57 57 60 62 63 66 70 67
67 69 69 66 66 66 61 66 66 65 63 61 63 56 59 59 59 59 59 57 57 61 55 55 54 59 58 55 54 54 55 55 56 58 55 54 54 54 56 56 57 58 55 58 59 58 60 56 56 58 55 55 54 57 57 56 56 56 56 54 54 54 54 53 53 55 52 54 53 53 50 51 50 51 51 50 49 49 49 47 47 47 48 52 53 53 54 57 57 58 59 61 62 64 64 66
64 69 69 67 67 67 67 61 66 66 66 65 66 62 56 59 59 59 57 57 57 56 56 59 59 58 59 61 56 55 58 59 58 58 57 59 59 59 57 58 57 55 55 58 57 58 59 59 58 58 57 57 57 57 56 56 56 56 55 54 54 53 54 53 52 51 50 50 50 50 50 50 51 51 49 50 49 49 49 47 47 47 49 51 53 53 54 57 57 58 60 62 61 63 66 66
67 69 70 68 67 68 66 62 65 65 65 67 64 64 59 61 60 59 59 57 56 54 54 55 58 59 58 59 59 60 60 60 57 57 57 57 60 57 61 60 59 57 60 60 58 56 58 57 56 55 57 57 57 56 55 56 54 55 54 54 54 53 52 52 49 51 49 49 49 49 52 52 53 52 53 52 50 48 48 48 48 48 50 51 53 53 56 56 57 59 60 64 65 65 66 67
67 69 71 68 69 67 67 65 65 65 66 66 65 63 63 59 61 60 58 55 55 53 53 57 55 57 58 58 58 58 60 60 59 57 57 57 58 58 61 60 60 60 60 61 60 59 59 59 59 58 57 56 56 56 54 54 53 55 54 54 52 51 50 50 51 52 50 50 51 50 52 54 53 53 53 52 51 51 51 50 49 49 51 51 53 54 56 56 57 59 59 61 62 64 65 67
71 71 72 69 69 69 67 65 65 65 65 66 65 65 64 56 60 59 58 55 55 53 54 54 55 53 59 58 58 58 59 58 60 62 59 57 56 56 56 59 59 60 60 60 59 57 59 57 60 59 59 57 54 55 54 52 52 54 53 52 53 52 51 51 52 53 52 51 52 52 53 54 54 54 52 53 53 51 51 50 50 50 51 53 54 56 57 57 60 60 61 62 61 66 65 66
70 71 70 70 70 67 67 66 66 65 66 66 66 66 64 59 59 58 58 56 54 53 54 51 54 55 56 58 58 59 59 59 60 59 61 60 59 58 56 56 58 59 60 60 60 58 57 59 57 55 58 58 56 56 56 54 52 54 53 53 50 52 52 52 53 54 53 52 52 53 55 54 55 55 52 54 53 52 51 49 50 51 52 54 54 54 57 57 59 59 60 60 61 62 63 65
72 73 70 70 69 69 67 66 65 65 66 66 66 66 63 61 57 59 59 56 55 58 55 52 55 57 59 60 60 58 58 59 60 60 61 61 61 61 59 56 57 60 60 60 59 59 59 58 57 56 57 53 57 53 56 52 54 55 54 54 51 51 52 52 55 54 53 51 50 53 55 54 55 55 55 55 54 51 51 50 51 51 53 53 54 56 57 57 57 58 60 59 62 63 64 66
70 72 70 71 71 70 67 66 65 65 66 66 65 65 63 57 58 59 58 56 56 58 58 56 57 58 59 59 60 59 60 59 60 61 62 60 59 59 60 58 60 60 61 60 59 57 57 56 57 55 55 58 56 56 56 52 55 56 55 55 56 56 55 55 55 55 53 52 52 53 55 56 55 55 54 54 53 54 52 51 50 51 53 53 54 55 56 57 56 57 58 61 61 64 65 64
69 74 71 73 72 71 68 66 66 66 67 67 67 66 65 62 59 58 57 56 57 60 60 59 58 57 58 60 60 59 60 61 61 66 62 64 63 60 58 58 59 59 58 60 60 57 56 57 54 57 56 56 57 56 56 55 56 56 55 56 57 57 56 56 56 55 54 53 53 53 54 55 55 55 55 55 53 52 54 52 51 53 52 53 55 55 55 54 56 56 58 60 61 61 63 63
73 69 71 74 71 71 70 66 67 66 66 66 66 66 63 62 58 58 57 57 57 58 58 61 58 59 60 59 59 60 61 61 61 63 63 64 64 64 60 58 58 60 59 58 59 57 53 56 57 53 56 56 57 57 55 56 56 56 57 57 58 57 58 57 56 55 53 54 53 52 51 54 54 54 55 54 53 54 54 52 52 53 53 54 53 54 54 55 56 57 60 61 62 63 63 64
75 76 75 75 74 74 71 70 69 68 68 67 66 65 65 62 62 59 58 58 58 60 61 63 64 60 60 60 60 61 60 60 60 61 61 65 61 59 59 58 58 58 60 57 56 57 53 52 52 50 52 54 56 54 57 54 55 56 58 58 58 59 58 57 56 55 55 52 51 53 53 52 54 53 55 55 55 55 55 53 53 52 53 54 54 55 55 55 57 59 60 61 62 62 63 64
77 77 77 75 76 75 71 72 70 68 69 68 67 64 65 63 61 60 59 60 61 59 63 62 63 64 61 62 62 62 61 61 59 60 60 63 62 63 59 57 57 57 58 58 57 55 55 52 50 51 51 53 52 56 55 56 56 57 58 59 58 60 58 57 56 56 55 53 54 51 53 54 53 52 53 54 54 55 54 54 54 54 54 54 55 55 56 57 58 59 60 59 61 61 63 62
78 78 77 77 76 75 73 72 71 71 68 67 67 66 65 63 62 62 59 60 64 61 62 64 62 62 63 62 64 61 62 60 60 60 62 61 63 63 63 60 58 57 57 57 57 56 53 52 53 53 55 56 52 55 56 56 58 57 59 59 59 58 59 57 57 57 55 55 55 55 53 54 54 54 53 54 54 54 57 55 55 55 53 55 55 55 56 59 58 58 59 61 61 61 62 62
79 78 79 77 76 75 74 72 71 69 68 67 68 67 67 64 62 60 60 64 66 64 68 66 63 62 63 63 61 62 61 60 60 60 60 61 63 64 63 60 59 58 57 55 56 55 52 53 52 53 54 55 56 56 58 58 59 59 59 59 58 59 59 58 58 58 57 56 56 55 54 52 54 54 53 55 55 55 56 57 56 56 54 54 56 56 56 56 58 59 59 60 62 63 63 62
80 80 79 78 78 75 74 72 72 70 67 67 68 67 67 64 64 63 64 63 63 67 66 65 65 64 62 62 61 61 60 61 59 58 58 58 60 62 62 63 58 58 59 56 55 54 53 56 55 55 56 56 56 58 59 57 59 59 60 59 58 58 57 58 58 58 57 55 56 56 55 55 54 54 55 57 56 56 54 54 55 55 54 54 55 57 55 57 57 59 59 59 61 62 63 63
82 81 81 78 79 78 74 73 72 71 71 68 69 68 66 66 66 63 63 64 68 69 64 66 66 65 64 64 66 64 61 60 59 58 58 59 59 59 59 59 58 58 57 57 57 55 53 57 56 56 56 57 58 57 58 59 58 59 60 58 57 58 57 57 58 57 55 55 54 56 56 57 57 54 54 55 55 56 56 55 55 55 54 56 56 56 57 57 58 58 60 60 61 61 62 63
82 82 80 79 79 77 76 73 72 71 70 70 70 67 66 66 65 65 64 64 64 64 65 68 68 66 66 65 64 66 61 59 61 57 60 58 59 59 59 60 59 60 58 58 57 57 57 55 57 57 58 57 55 55 55 57 59 59 59 58 58 58 58 57 58 58 58 55 55 55 57 57 56 56 56 56 56 56 58 59 58 56 55 55 57 57 57 57 57 58 59 61 62 61 62 63
82 81 80 80 79 77 75 75 71 71 71 70 68 67 65 65 67 67 64 64 67 68 68 72 71 71 69 79 64 63 61 59 59 58 57 60 60 59 59 59 59 61 60 60 60 63 61 58 55 55 56 56 56 55 55 60 58 59 59 58 58 58 58 58 58 58 57 55 55 56 56 56 56 56 55 56 61 61 56 58 58 56 54 55 57 57 57 57 58 58 59 60 61 63 63 65
82 82 80 80 80 77 76 74 72 71 69 69 69 67 67 66 69 68 67 66 68 72 69 71 72 70 72 67 65 63 62 61 61 62 59 58 58 58 59 60 60 62 61 62 61 61 61 58 55 55 56 55 55 59 58 56 54 54 56 58 57 58 58 58 58 58 58 58 56 57 56 56 54 53 53 53 57 57 55 55 55 57 56 56 57 57 57 57 58 59 60 60 61 62 62 63
81 81 77 77 76 77 74 73 71 71 69 70 69 69 68 67 67 67 69 70 73 71 70 73 73 70 69 69 67 64 63 63 62 61 60 60 58 58 58 60 59 60 61 61 60 60 59 58 57 57 57 58 58 57 57 56 56 56 57 55 56 56 58 59 59 59 58 58 60 58 58 56 56 54 54 55 55 53 54 56 56 55 57 57 57 57 56 56 57 57 59 59 61 60 62 61
82 80 79 75 76 76 74 72 72 71 70 69 70 70 69 67 67 69 74 74 73 72 73 72 74 70 69 68 69 65 64 63 62 62 61 60 60 58 59 60 59 60 59 60 59 59 59 58 59 59 58 58 58 57 58 58 59 58 59 56 56 56 57 59 59 58 58 58 58 59 57 56 56 55 55 54 55 55 55 55 56 55 54 56 57 57 56 57 57 57 59 59 61 60 61 62
81 75 79 78 76 74 74 73 72 70 73 71 71 71 70 69 69 75 73 74 73 74 75 74 72 70 69 68 70 67 66 66 66 62 62 61 60 59 58 61 60 60 59 62 60 60 59 58 60 59 59 58 58 58 59 59 59 58 58 58 58 58 58 57 57 58 58 58 58 57 58 57 56 56 59 56 62 55 56 57 56 56 55 56 57 56 56 56 58 60 60 61 61 61 62 64
80 76 80 79 76 75 74 73 72 72 74 71 70 70 72 72 74 74 75 75 75 74 73 74 72 70 68 68 68 68 69 71 68 66 62 61 60 60 58 59 60 59 59 60 59 60 59 58 59 58 58 57 57 57 58 58 60 58 58 60 56 59 60 60 58 59 58 59 58 58 57 56 56 56 54 55 57 56 57 57 57 57 57 56 56 56 56 56 58 60 60 60 59 61 63 62
76 80 78 77 77 77 74 74 72 73 74 73 73 72 72 74 75 78 75 74 74 73 73 74 73 72 69 67 67 68 70 71 67 67 64 62 60 60 59 58 58 59 58 58 58 60 59 59 57 58 57 57 58 58 58 59 58 58 58 58 58 58 58 59 58 58 59 59 59 57 56 57 57 56 57 61 61 62 59 56 56 54 56 56 56 56 57 57 57 59 58 59 61 63 62 62
80 82 80 78 76 76 75 74 74 75 74 73 73 73 74 74 78 77 76 75 75 73 73 73 73 72 70 67 68 70 70 68 66 66 67 63 61 60 59 58 58 58 58 57 58 59 59 57 57 57 56 56 56 56 58 59 59 59 58 59 59 58 58 59 59 59 60 59 59 57 57 56 56 56 56 57 57 57 56 55 54 53 54 55 55 56 57 57 56 57 58 59 62 62 62 61
78 78 79 76 77 77 76 77 75 75 74 72 73 73 74 75 77 78 78 75 74 75 74 75 75 71 70 67 71 68 68 68 68 66 63 65 61 61 59 60 60 60 60 57 57 59 58 57 57 56 55 55 57 56 55 57 58 58 58 59 59 58 59 59 59 59 59 60 60 58 56 55 56 56 56 56 56 56 54 54 54 54 54 55 55 56 57 59 57 58 59 60 61 60 60 60
76 77 75 76 78 78 79 77 75 73 73 73 73 74 76 80 78 78 81 77 76 74 73 73 76 73 69 68 67 67 69 67 65 64 62 62 64 63 63 61 62 60 61 60 59 58 56 57 56 55 55 54 54 55 55 56 57 57 58 58 62 60 65 62 62 62 65 67 62 59 56 57 62 56 56 55 55 55 55 54 51 54 54 55 56 55 57 57 58 58 61 59 59 60 60 60
76 74 78 75 79 80 79 77 77 75 75 74 73 74 79 78 79 79 78 76 75 74 73 72 73 71 69 67 68 69 70 67 66 66 65 62 61 63 63 63 63 62 62 60 60 58 56 56 57 56 55 54 55 55 56 55 56 57 57 57 59 63 64 67 66 60 60 59 57 57 60 60 61 61 56 56 56 55 54 53 54 54 53 56 56 56 57 57 57 56 59 58 60 62 60 60
77 79 79 79 79 80 79 76 75 74 72 72 73 74 74 78 79 78 77 75 74 74 73 70 73 71 68 67 67 69 69 65 66 66 62 64 64 62 63 62 63 63 63 61 60 60 57 57 56 56 56 55 55 56 56 55 56 56 56 59 60 60 61 62 61 65 65 62 61 58 56 54 55 56 56 55 56 55 51 53 54 54 54 57 59 59 58 57 57 55 58 60 60 60 62 63
78 80 79 80 79 77 72 74 74 74 73 73 73 73 74 78 79 82 77 75 74 74 71 71 75 71 69 67 69 67 67 64 66 65 63 62 62 62 63 64 63 63 62 60 60 59 59 57 57 57 55 54 54 56 55 55 55 56 56 56 57 59 61 61 63 66 65 63 62 60 58 58 54 56 53 54 54 54 53 53 53 54 54 55 56 56 57 56 56 56 56 57 58 60 61 60
79 78 77 78 76 76 76 76 71 74 73 72 73 74 77 78 79 77 78 77 73 72 72 70 70 72 67 66 65 67 64 65 65 65 64 63 63 64 63 64 64 63 63 61 61 59 58 58 57 57 56 55 54 55 54 54 54 56 58 56 55 58 61 62 62 62 62 62 62 60 60 60 60 60 56 54 53 54 53 53 54 54 56 56 56 56 56 56 56 57 56 56 56 57 58 58
75 76 77 76 75 75 74 73 72 73 72 72 72 74 79 79 79 76 75 74 76 76 71 70 68 70 68 65 63 65 63 64 67 67 64 65 64 63 63 64 65 64 63 61 59 58 58 57 57 57 56 56 55 55 54 54 53 54 54 54 54 55 58 62 61 61 60 59 57 56 60 60 60 61 59 55 55 56 55 54 54 54 55 55 56 57 59 59 57 56 56 59 56 56 57 57
74 74 75 76 76 75 74 72 72 73 73 73 75 77 78 76 78 77 77 73 73 76 72 70 69 69 71 66 65 67 65 67 67 66 66 64 64 64 65 66 67 64 62 60 59 60 59 57 57 58 57 56 56 56 55 54 54 54 53 53 53 55 58 57 57 58 62 58 60 59 55 58 59 61 61 58 57 56 54 54 55 56 62 62 62 60 60 57 57 57 57 56 60 59 58 57
74 74 74 74 76 75 73 73 72 72 73 72 75 78 78 78 77 73 75 73 72 73 77 72 70 68 70 67 66 65 66 66 67 66 66 64 65 66 65 66 65 65 62 62 60 60 60 59 60 59 58 59 59 57 57 54 54 53 53 52 53 54 55 57 55 56 55 54 56 54 56 54 55 60 60 56 58 56 54 55 55 58 60 59 58 59 57 59 62 60 57 59 59 58 60 66
76 74 75 75 74 74 74 72 72 70 72 72 73 72 77 78 77 76 73 72 72 72 73 72 71 70 70 70 70 67 66 65 67 67 66 64 66 64 65 64 64 64 62 62 61 59 59 57 60 60 59 58 59 57 57 56 55 53 53 52 53 53 55 55 56 54 55 54 54 55 55 55 55 54 55 55 55 54 53 55 61 61 61 59 62 60 60 62 62 61 60 59 59 63 62 59
71 76 77 75 75 74 73 73 72 72 72 72 71 72 74 77 77 75 73 72 72 71 73 71 70 68 67 69 68 67 67 66 66 66 66 64 64 65 64 65 67 66 64 64 61 61 60 58 58 60 58 56 56 56 56 56 56 55 54 53 55 56 56 55 56 57 58 55 55 55 60 60 57 57 57 55 54 54 54 56 55 61 63 63 68 67 61 61 59 60 59 61 60 60 64 60
74 74 78 76 76 75 74 73 72 72 72 70 73 73 74 75 75 75 74 74 74 72 70 70 68 67 69 69 70 69 67 66 65 65 64 63 63 64 65 65 67 67 67 62 62 61 61 59 58 56 59 59 56 56 55 57 56 56 55 53 56 57 57 56 55 59 58 60 57 55 54 55 56 57 56 55 55 55 54 61 60 60 61 62 62 62 62 60 62 60 60 58 57 59 60 58
75 73 73 76 76 75 74 71 73 71 71 71 73 73 74 74 75 75 75 74 73 71 72 71 71 67 69 70 69 67 67 67 65 64 63 63 63 63 65 66 66 65 66 64 65 61 59 59 57 55 56 59 59 57 56 57 57 56 55 54 53 56 57 56 55 55 57 56 59 56 56 54 55 55 55 55 54 55 58 56 58 61 60 60 62 63 62 62 63 63 62 66 59 58 62 59
74 73 73 74 75 74 75 74 71 71 71 72 70 73 75 74 74 73 74 74 73 73 72 72 71 69 66 69 68 67 67 67 64 65 64 63 63 63 64 63 66 64 63 64 63 63 61 58 57 56 55 57 58 57 58 56 57 57 55 54 53 53 53 55 54 58 58 57 57 57 56 56 57 54 57 54 55 57 57 58 59 59 65 59 60 67 63 61 62 72 65 65 60 59 59 57
