Climate/data/grids_germany_multi_annual_air_temp_mean_1981-2010_14.asc
NCOLS 654
NROWS 866
XLLCORNER 3280414.711633467
YLLCORNER 5237500.62890625
CELLSIZE 1000
NODATA_VALUE -999
[rows 410 to 450 of 866, columns 282 to 375 of 654]
166 165 163 168 166 158 165 163 165 163 163 167 166 168 165 165 155 163 164 159 157 157 155 156 154 153 161 163 162 163 163 164 165 165 163 164 166 164 164 165 164 164 162 154 154 156 157 157 158 162 162 165 162 162 163 161 161 163 163 163 161 160 161 165 169 171 162 161 170 173 173 174 171 171 167 170 172 172 174 172 171 174 176 177 178 178 177 177 179 179 179 179 179 179
168 165 162 164 166 159 164 161 164 159 162 165 167 168 158 156 159 158 159 163 160 159 155 158 158 155 153 159 161 156 160 163 163 163 164 164 163 164 165 163 162 160 152 154 156 157 159 160 161 159 159 164 164 167 168 164 163 164 164 164 164 162 161 164 171 164 163 161 169 170 172 174 175 175 174 172 170 175 175 171 169 168 170 176 177 178 178 178 178 179 179 179 179 179
166 163 165 164 165 165 162 161 163 155 153 157 164 165 166 155 156 157 162 158 162 163 160 158 156 156 153 153 158 156 158 160 161 157 159 159 159 160 161 160 155 155 155 156 158 159 159 161 160 161 160 161 161 163 164 169 167 167 167 165 164 164 163 163 164 164 163 160 163 163 164 171 171 169 174 174 175 174 170 174 174 172 169 167 176 176 178 178 178 179 179 179 177 176
161 168 160 160 162 164 162 155 162 153 155 159 165 162 160 163 154 154 156 156 156 157 157 160 155 155 154 156 157 158 159 159 156 157 155 154 154 154 155 155 156 156 157 158 159 160 160 158 161 160 160 162 162 163 165 166 168 166 165 165 166 165 165 165 165 168 162 160 162 163 166 167 167 168 165 167 172 169 174 176 171 165 168 171 170 174 177 178 178 179 179 179 179 177
163 171 164 155 158 162 163 160 155 155 155 163 156 160 160 163 163 155 156 156 153 155 156 154 154 155 156 157 160 159 158 159 157 155 154 155 156 156 156 157 157 157 158 159 160 160 157 159 160 159 161 164 165 165 168 168 168 168 168 167 168 169 168 167 167 167 166 165 161 161 162 162 163 165 168 162 165 161 164 170 171 166 165 165 170 170 171 176 178 178 178 179 179 177
172 172 169 167 158 154 160 164 162 158 157 162 158 154 154 155 157 155 155 155 153 152 155 153 155 156 157 160 162 163 161 161 160 158 155 154 155 155 157 157 157 157 158 159 158 159 159 161 161 161 162 164 167 167 170 171 170 166 169 169 169 170 171 169 168 168 168 166 163 162 161 162 163 164 168 163 162 165 170 170 176 170 170 170 168 166 171 173 174 178 178 178 178 177
170 173 173 173 165 162 161 165 166 165 165 161 156 153 153 157 157 157 156 157 156 156 153 152 154 157 158 160 161 163 164 162 161 160 159 157 157 157 156 156 155 157 157 159 158 158 160 161 163 162 163 165 167 169 169 169 171 172 172 170 170 171 171 170 171 170 170 168 167 165 163 162 164 165 166 165 164 165 166 169 171 174 174 174 171 173 172 171 178 177 177 178 178 178
164 169 171 171 172 170 167 165 163 165 164 164 163 159 154 152 154 162 161 162 161 159 155 152 152 155 157 157 159 162 163 163 163 162 161 161 160 160 158 157 158 158 157 157 157 158 160 162 163 164 163 164 167 169 171 172 173 174 174 173 172 170 170 171 172 172 171 169 169 167 165 164 165 165 166 167 167 167 168 172 173 176 175 172 172 173 175 176 178 172 173 174 177 178
161 171 169 163 172 173 172 166 166 163 156 160 159 159 158 156 160 157 164 163 164 162 158 153 154 153 155 157 157 160 163 161 165 163 163 163 164 162 161 160 160 160 162 161 161 162 163 163 164 165 165 165 168 168 169 170 173 173 174 174 174 172 171 170 171 171 173 172 171 168 167 166 166 167 168 170 171 170 171 174 175 177 176 174 175 175 177 178 178 178 176 172 175 177
167 161 159 166 171 173 166 165 160 159 162 160 154 160 161 163 162 162 164 165 164 162 155 153 157 154 155 156 158 159 158 159 160 164 164 165 164 164 162 162 162 162 162 162 165 164 166 165 166 166 167 166 167 167 170 171 172 172 173 173 173 174 172 172 171 172 173 174 170 169 168 168 168 169 170 172 173 173 168 176 177 177 177 177 177 178 178 178 178 178 177 176 173 174
169 157 161 163 173 172 170 168 165 165 165 154 156 155 163 164 159 164 164 165 155 155 154 156 155 155 154 156 159 157 159 160 162 163 164 164 167 166 164 163 163 163 163 162 164 165 165 167 168 169 168 168 169 169 170 170 171 172 173 172 172 171 173 174 174 174 172 174 172 170 170 169 170 170 172 173 172 173 175 176 175 176 177 178 178 178 178 178 178 177 177 177 176 172
164 163 161 164 170 172 171 168 161 158 157 151 157 163 166 164 163 166 165 165 156 157 156 157 159 157 154 158 158 160 161 160 163 164 165 165 165 164 168 166 165 166 162 162 164 165 165 164 167 170 170 168 169 170 170 168 170 172 172 172 172 172 171 172 171 172 174 173 174 175 173 173 172 172 173 173 174 175 174 172 173 175 175 174 175 177 178 178 178 178 177 176 176 173
162 162 163 161 166 173 173 173 171 163 157 153 163 162 164 168 163 166 168 165 156 163 158 159 162 160 157 162 160 161 163 163 165 166 167 167 168 168 168 167 168 167 161 161 163 165 166 167 169 168 170 171 170 170 168 168 169 171 170 171 171 171 171 172 172 172 172 171 172 175 175 173 173 174 175 175 174 174 175 174 174 174 173 173 175 177 178 178 178 178 177 177 177 176
163 165 164 163 160 169 169 173 169 153 150 154 158 162 161 166 166 163 167 162 157 165 165 161 159 155 157 156 157 161 164 165 164 166 167 168 168 168 169 170 170 167 164 165 166 167 169 170 171 170 170 170 172 170 169 167 165 168 167 170 169 169 169 171 170 170 171 171 171 173 174 175 176 175 175 176 176 175 175 173 174 176 176 175 177 177 178 178 178 178 178 177 177 176
165 167 164 162 162 165 173 170 165 164 159 162 151 160 161 163 166 164 169 164 160 165 156 161 156 153 153 153 156 158 161 164 164 165 166 166 167 169 170 170 169 169 167 169 170 169 169 171 171 172 173 173 172 170 172 170 166 165 166 167 167 168 169 169 169 170 170 171 171 172 172 173 174 176 176 176 176 174 173 177 176 177 177 177 177 178 178 177 175 176 177 177 177 176
164 167 168 163 162 162 171 171 166 165 163 159 158 166 165 159 166 167 171 168 161 168 156 156 154 157 154 154 154 156 160 162 163 164 164 166 169 169 171 170 170 169 169 171 172 173 173 173 173 172 172 172 170 169 169 167 168 168 168 167 166 166 167 167 168 168 169 170 172 171 172 173 175 176 176 177 177 176 177 177 177 177 177 178 178 177 178 177 176 176 175 176 175 175
164 168 166 167 165 168 173 169 171 165 164 160 158 164 164 165 167 171 163 163 169 165 163 156 161 155 155 155 154 156 157 159 161 162 165 166 168 169 171 172 172 171 171 171 173 172 172 172 172 171 170 170 169 167 167 168 168 167 168 170 168 166 166 167 168 169 170 171 171 172 172 173 174 175 175 176 177 177 177 175 176 176 176 177 177 176 178 178 178 178 178 177 177 177
161 164 166 167 166 168 173 172 172 172 169 167 166 164 167 164 172 165 164 164 164 166 166 167 157 162 158 154 153 155 155 157 160 162 164 167 168 169 171 172 172 173 172 173 173 172 171 172 170 170 170 168 167 167 166 168 168 167 168 169 170 169 168 168 169 170 171 172 173 173 173 175 174 174 173 174 174 174 175 177 177 177 178 178 177 177 178 178 178 178 178 178 178 178
163 163 166 166 166 167 169 173 174 174 174 174 173 172 172 166 172 163 167 165 157 160 163 157 165 157 156 156 154 155 157 157 160 162 165 167 169 170 170 170 170 171 172 172 173 174 173 171 170 171 171 171 169 168 168 170 171 169 167 168 171 173 169 168 169 171 172 173 175 174 175 174 174 174 174 174 176 177 177 176 177 178 177 177 178 178 178 178 177 178 178 178 178 178
163 165 164 166 168 170 169 173 173 174 174 173 173 174 173 171 173 173 172 167 162 156 160 158 157 164 162 157 155 156 154 157 160 162 164 167 169 170 171 172 172 172 173 172 173 174 174 173 172 171 171 171 170 171 170 172 172 171 169 168 168 170 174 171 170 171 171 172 173 174 173 176 175 175 176 176 176 175 175 176 176 175 175 175 176 178 178 177 178 178 178 178 178 178
160 166 164 167 169 169 171 173 170 170 173 173 173 173 174 174 174 173 173 172 168 165 157 163 160 157 157 156 156 157 158 160 160 163 165 168 170 169 170 170 171 171 172 173 174 173 171 171 174 172 172 172 173 172 172 173 172 171 172 171 171 171 172 173 173 172 172 172 173 174 175 175 175 176 176 177 176 176 177 176 178 176 175 177 178 178 178 178 178 178 178 178 178 178
160 165 167 164 167 169 172 173 172 169 170 173 172 170 173 173 173 167 168 172 170 167 166 156 158 160 162 161 158 157 157 158 163 163 167 168 169 169 171 170 171 172 172 172 174 174 174 174 174 174 173 172 172 173 174 170 170 172 172 173 174 173 174 174 175 175 173 174 173 173 174 175 175 177 177 177 177 176 175 176 177 178 178 178 178 178 178 178 178 178 178 178 178 178
160 158 167 166 165 168 171 172 169 170 169 170 170 172 171 166 164 167 172 172 165 157 157 158 162 162 159 158 159 159 158 159 160 161 166 169 170 171 172 171 171 172 173 173 174 174 174 174 174 174 174 174 174 172 170 169 170 172 173 174 174 175 175 174 175 176 176 174 175 176 177 177 176 175 175 177 178 178 175 178 178 178 178 178 178 178 178 178 178 178 178 178 178 178
166 161 163 166 167 171 169 173 169 169 167 168 170 170 166 165 167 166 172 173 166 163 162 159 160 160 162 158 161 159 160 156 158 160 165 169 170 171 172 172 172 172 172 172 173 174 174 174 174 174 174 174 174 173 170 170 170 171 172 173 173 175 174 175 175 175 175 177 177 177 177 177 178 178 177 178 178 178 178 178 178 178 178 178 178 178 178 177 177 176 175 177 178 178
169 167 167 160 159 163 171 172 169 168 167 161 164 167 169 166 167 166 168 173 173 166 168 167 165 159 158 158 159 164 165 164 157 165 166 168 170 171 171 172 173 172 172 173 172 173 174 174 174 174 175 175 174 173 171 173 170 170 171 173 173 173 174 173 173 174 176 177 178 178 178 178 178 178 178 178 178 178 177 177 178 177 178 176 175 177 176 177 175 174 174 175 176 177
163 166 170 169 169 169 171 169 169 169 165 160 158 161 166 166 165 168 167 172 173 173 168 169 166 162 166 161 161 160 167 164 158 161 164 167 169 170 171 171 172 172 172 173 174 173 174 174 174 174 174 174 174 175 173 173 173 171 170 170 172 174 174 175 175 176 177 177 178 178 178 178 178 178 177 177 178 178 178 178 177 177 176 175 175 177 176 176 174 173 173 174 174 175
161 163 171 170 171 172 169 162 166 167 164 163 162 164 163 165 166 169 168 172 173 173 174 174 174 168 168 166 161 161 163 167 159 159 161 166 168 170 170 171 171 173 173 172 173 174 174 174 174 174 174 173 175 176 175 175 174 171 170 171 172 173 175 176 177 177 177 177 178 178 178 177 177 177 177 177 178 178 178 178 178 178 178 176 177 177 176 175 175 173 173 173 173 175
165 168 168 164 169 172 166 167 160 163 164 159 161 160 163 166 167 166 165 164 170 173 171 168 173 171 170 165 164 165 165 168 161 157 162 165 166 168 169 170 170 171 172 172 172 172 173 174 174 174 174 173 174 176 175 176 175 174 173 175 174 176 175 177 176 176 176 177 177 177 177 177 178 178 178 178 178 178 178 178 178 178 177 178 178 177 177 176 175 175 173 172 173 173
167 167 164 161 164 169 171 168 168 165 166 165 155 158 153 154 156 165 168 163 165 167 168 172 166 173 173 172 173 164 165 167 162 158 158 162 164 167 167 168 169 170 171 172 171 172 172 172 172 174 173 174 174 175 175 176 176 176 175 173 173 173 174 174 174 174 176 177 178 178 178 178 178 178 178 177 177 178 178 177 177 177 178 177 177 177 177 177 176 175 174 172 172 173
160 167 165 167 165 163 165 163 158 165 164 167 164 159 157 155 156 167 164 157 157 165 169 169 161 163 165 167 168 164 167 164 162 164 158 160 163 163 164 165 167 168 169 169 170 170 170 172 172 172 171 173 174 175 176 175 176 175 176 175 173 173 172 172 172 173 174 176 177 178 178 178 178 178 179 177 178 178 177 177 177 178 178 178 177 177 177 177 177 176 175 174 174 173
162 161 166 168 171 170 164 162 159 156 157 163 166 166 163 159 159 157 158 159 160 160 168 162 160 161 171 168 171 169 173 168 170 167 160 158 159 160 162 163 164 165 166 168 168 169 169 170 170 172 172 173 172 173 174 174 175 175 175 173 174 174 173 173 174 174 174 175 177 177 178 178 178 178 178 178 178 176 177 177 178 178 177 178 178 177 177 177 177 176 176 176 175 175
160 158 165 168 163 165 168 165 154 158 157 157 159 161 165 164 163 162 162 165 159 162 168 159 163 165 163 170 168 174 173 173 166 164 162 161 160 159 160 160 161 162 164 165 166 167 168 169 170 171 171 170 170 171 174 174 173 175 174 175 175 175 174 175 176 176 176 177 177 177 177 178 178 178 178 178 178 178 175 177 177 177 177 178 178 177 177 177 176 176 176 175 175 175
162 164 164 170 164 164 167 164 163 159 157 159 158 158 159 163 166 165 167 165 163 161 168 161 162 162 165 168 173 174 174 173 172 163 166 164 159 158 157 157 159 161 163 165 165 166 167 168 170 170 170 169 172 172 172 173 173 175 173 174 172 172 174 174 176 176 176 176 177 177 176 177 178 178 178 178 178 178 178 178 178 177 177 178 178 177 177 177 176 176 175 174 174 174
165 166 167 167 161 158 165 167 161 161 157 160 159 159 158 160 162 165 168 165 165 163 164 163 164 165 174 168 168 171 170 171 171 170 164 162 167 159 158 158 158 159 162 163 164 164 165 166 167 167 168 169 169 169 171 172 172 171 171 168 165 165 170 174 175 176 176 176 176 177 176 176 178 178 178 178 178 178 178 178 177 178 177 175 176 177 177 177 177 176 175 173 173 172
163 167 167 167 164 159 163 166 160 163 159 163 162 159 157 158 159 161 166 167 171 170 166 168 165 174 174 166 169 167 168 168 171 170 170 168 167 158 157 157 160 159 160 163 165 165 165 164 164 165 167 167 168 168 169 169 169 171 170 166 164 163 163 170 173 174 175 176 175 176 177 178 178 178 178 178 178 178 178 177 177 177 177 175 175 176 177 177 177 176 174 172 171 170
165 169 163 165 163 161 164 163 166 162 165 158 159 157 158 160 162 160 160 163 166 171 173 173 174 169 166 163 165 165 165 164 169 170 170 166 161 163 163 159 158 161 163 163 166 167 168 167 165 165 165 166 167 168 169 167 170 171 170 167 166 165 163 164 170 172 174 174 175 176 177 175 177 178 178 178 178 178 177 176 177 177 177 175 175 174 176 177 176 176 174 171 168 168
163 166 168 166 161 163 163 163 167 166 163 158 158 164 160 167 160 162 162 165 164 166 172 174 174 173 171 165 164 166 164 165 165 166 168 167 165 161 159 164 164 161 162 164 167 167 169 170 169 168 165 165 166 166 168 170 170 170 170 169 168 166 165 163 163 166 169 172 172 172 174 175 175 177 178 178 178 178 177 175 177 177 175 174 174 176 176 176 175 176 175 173 168 166
166 164 164 168 164 159 161 165 165 164 164 156 166 166 170 165 164 165 163 165 167 168 172 174 172 173 166 165 166 165 166 166 168 169 168 167 163 161 163 166 167 167 166 168 168 169 169 170 170 170 168 166 166 167 169 169 168 170 170 170 170 169 167 166 165 165 165 165 165 165 168 171 172 175 177 177 178 178 177 177 177 177 176 175 175 176 177 177 176 174 174 175 173 171
163 161 165 166 162 163 163 163 166 165 162 163 168 169 169 171 169 167 167 163 162 167 171 173 173 171 172 168 170 168 167 167 167 168 169 170 168 167 164 163 166 168 168 169 170 169 168 168 168 171 171 170 169 168 169 169 170 170 170 171 170 170 169 168 167 167 166 167 167 167 168 169 170 172 172 175 177 177 178 178 177 177 176 176 176 176 176 176 176 176 175 175 172 173
161 162 165 163 160 159 165 162 164 161 159 166 166 168 168 169 171 170 171 166 165 159 164 169 169 169 170 171 169 170 167 167 167 167 168 169 170 169 166 165 165 167 169 170 171 170 168 168 168 169 170 171 171 171 170 170 170 170 170 170 169 170 170 169 168 168 166 168 168 169 169 170 169 169 170 174 176 177 177 177 177 177 176 175 176 176 176 176 176 176 175 175 175 173
159 160 165 165 161 160 159 162 162 161 162 165 164 166 171 173 173 173 173 172 172 171 174 173 173 166 169 167 167 170 170 168 167 167 168 169 170 170 168 166 166 167 168 170 171 171 170 169 170 171 171 171 171 171 171 170 171 170 170 170 169 169 170 169 168 168 168 167 168 168 169 170 169 169 170 171 175 176 177 177 177 176 176 175 176 176 175 174 175 174 173 173 172 171
