Climate/data/grids_germany_multi_annual_air_temp_mean_1981-2010_17.asc
NCOLS 654
NROWS 866
XLLCORNER 3280414.711633467
YLLCORNER 5237500.62890625
CELLSIZE 1000
NODATA_VALUE -999
[rows 408 to 458 of 866, columns 96 to 191 of 654]
99 99 97 98 96 99 98 99 96 100 99 103 103 102 100 102 100 99 97 100 101 101 99 96 94 93 95 93 92 89 93 91 93 92 93 89 91 93 91 89 89 91 92 92 91 88 88 88 82 84 83 85 86 90 86 84 85 87 88 89 87 89 88 89 88 90 89 89 81 77 73 74 76 73 71 73 77 75 72 72 75 79 83 82 83 77 76 77 75 78 79 80 79 78 79 79
98 99 98 100 96 97 96 98 99 97 100 103 103 98 97 98 101 100 97 98 99 100 101 99 97 94 96 97 97 95 93 94 93 93 92 91 90 91 92 90 87 83 88 90 91 91 88 82 84 83 84 86 89 85 86 84 83 83 88 89 86 85 86 82 86 89 86 79 77 80 77 79 75 78 76 79 80 77 77 80 79 77 79 85 79 81 79 77 76 77 77 79 77 74 73 77
99 95 95 98 95 96 95 94 97 95 96 98 97 96 95 99 101 101 99 97 96 95 100 100 98 96 99 99 99 96 95 93 86 88 86 87 87 86 84 86 86 81 84 84 90 89 88 85 84 85 84 86 91 85 83 79 80 87 84 85 81 81 80 81 85 89 87 81 81 78 83 82 83 79 80 84 80 82 81 85 76 79 84 84 84 78 84 74 74 74 71 72 74 75 76 79
97 96 95 98 94 95 95 93 95 96 94 97 96 99 99 101 99 101 96 95 96 96 98 101 99 94 98 93 98 94 88 92 87 88 82 87 87 79 83 79 84 76 77 81 86 91 88 85 83 82 87 87 89 87 81 78 80 83 83 81 79 78 77 78 80 88 88 87 86 81 86 86 85 85 86 81 78 83 81 81 85 87 84 82 83 84 80 83 83 82 78 71 72 70 78 77
94 95 94 96 95 96 97 95 97 98 98 98 99 100 99 94 93 92 101 101 95 95 95 97 100 100 94 86 98 90 87 93 89 86 81 80 84 81 83 88 80 76 82 85 84 90 87 83 84 81 85 87 85 90 83 85 79 77 76 77 78 78 83 86 84 86 88 87 87 86 88 88 87 86 83 86 85 87 85 82 80 79 82 78 80 83 84 85 85 83 74 73 74 74 74 72
94 94 92 94 94 94 95 97 99 98 99 99 97 95 92 90 92 98 95 96 100 90 90 89 93 93 84 93 99 97 81 85 85 82 79 85 81 81 84 84 79 85 83 85 88 91 88 88 84 87 87 83 81 88 82 80 80 81 79 75 78 83 80 76 85 87 85 83 87 87 86 82 84 84 84 80 80 82 79 76 76 78 84 83 83 78 81 79 77 71 78 78 75 71 70 67
95 92 91 94 94 94 97 95 99 99 94 91 90 96 94 92 91 89 89 92 98 90 86 90 89 85 86 87 94 97 82 88 85 83 83 85 80 81 81 81 84 88 88 91 89 91 86 87 85 87 86 79 80 84 87 84 84 81 83 81 81 83 85 85 87 86 82 85 85 84 80 80 89 81 86 79 71 76 76 82 79 82 83 81 79 75 74 75 71 65 78 80 78 67 74 67
92 89 90 92 94 94 92 96 97 90 89 88 93 91 89 91 86 91 91 92 97 87 86 92 96 89 86 83 92 96 82 82 81 81 80 83 77 79 79 78 84 86 90 88 90 89 84 85 82 86 85 85 86 87 87 84 87 86 80 79 82 79 81 86 82 82 80 83 81 84 84 77 81 77 84 82 83 84 77 77 75 78 81 79 78 76 62 81 81 68 78 72 69 71 72 63
91 93 94 94 91 94 92 92 96 87 89 92 94 93 86 87 85 86 90 91 98 92 90 92 95 85 81 82 94 97 98 88 85 81 80 84 79 81 78 83 85 89 90 88 88 90 87 83 81 85 85 83 87 83 87 83 81 81 84 83 82 80 76 75 79 78 77 77 69 80 81 77 84 79 82 74 80 83 77 77 77 80 78 71 75 76 69 78 81 76 76 68 64 66 68 66
96 95 95 95 96 95 93 93 97 94 95 88 93 89 85 85 84 84 87 86 94 94 92 86 90 88 83 79 83 96 93 93 91 89 87 88 85 78 81 78 84 89 90 86 89 89 87 86 86 87 86 84 85 83 82 86 86 75 76 78 81 71 78 75 80 79 70 69 76 80 75 81 78 80 79 79 79 78 76 74 68 79 80 66 70 78 67 81 78 76 74 74 62 70 67 59
95 98 98 96 95 92 91 94 91 90 93 92 91 85 88 85 84 86 86 85 96 91 85 83 85 89 83 82 84 92 89 95 88 85 87 88 84 76 84 86 88 90 88 88 87 84 85 82 83 86 87 83 84 80 80 80 84 83 78 80 80 74 78 77 82 86 83 74 74 75 76 82 81 80 80 79 79 70 72 72 62 78 76 67 69 71 72 79 78 77 71 74 74 62 62 68
97 97 95 92 88 89 88 94 94 88 89 95 88 90 85 84 87 92 89 94 95 94 91 91 85 87 85 86 81 88 88 92 92 91 89 85 81 82 84 88 87 90 84 85 83 84 81 85 81 83 86 83 80 80 80 83 81 80 71 78 78 72 75 73 74 83 84 80 79 75 76 80 80 81 77 72 79 69 64 67 72 80 78 65 75 68 68 79 77 75 65 69 69 61 63 69
98 95 89 95 91 92 89 90 90 89 88 92 93 87 87 84 88 91 90 89 97 92 88 88 90 82 84 81 79 81 87 89 96 94 93 83 83 84 83 83 84 85 87 86 83 84 79 78 82 83 82 77 80 76 76 76 83 81 80 75 75 75 70 73 79 80 82 83 80 76 75 79 82 72 67 69 78 78 68 66 66 78 76 70 72 67 70 79 72 77 68 62 61 61 60 57
98 92 94 97 92 92 89 89 89 89 88 86 88 90 89 86 86 87 91 88 95 90 88 86 84 85 83 83 84 87 89 89 90 92 95 94 91 85 89 83 80 83 84 82 82 82 78 81 81 80 83 76 77 73 70 75 81 76 74 74 72 70 68 69 71 81 83 83 79 76 79 80 80 72 70 77 72 76 75 71 77 73 75 65 75 74 73 75 63 68 68 59 59 63 57 57
91 91 92 91 95 95 92 90 86 88 87 87 90 90 89 86 84 87 88 88 90 86 85 86 83 84 87 89 89 88 90 85 88 88 92 88 95 95 91 95 95 81 82 80 82 81 78 78 80 79 81 79 75 72 69 77 78 72 74 74 67 74 75 78 81 84 81 81 76 82 82 76 76 80 75 71 70 75 74 72 75 70 75 65 71 71 78 76 65 67 74 69 61 58 59 61
95 90 95 92 95 95 92 90 87 88 87 87 92 85 84 84 83 85 86 89 95 89 88 86 83 84 84 86 84 90 89 84 84 86 87 90 90 94 86 88 95 93 87 82 78 82 81 78 79 77 77 78 76 68 71 75 73 69 73 77 79 81 82 80 79 83 78 84 84 82 78 75 79 70 79 78 72 74 71 77 75 72 75 71 73 73 78 72 64 65 69 70 58 56 57 64
93 92 94 91 91 91 90 91 86 86 87 87 90 87 87 85 84 87 88 87 88 93 92 86 87 89 85 85 85 87 86 82 85 91 89 84 88 92 90 86 90 95 89 84 87 84 88 83 77 75 73 73 76 72 69 73 68 72 75 77 75 70 74 82 76 82 76 80 83 75 73 77 72 77 73 71 70 67 72 65 71 71 71 71 68 71 76 75 67 66 68 65 69 68 66 57
90 90 92 89 92 96 92 88 87 86 85 88 88 86 90 85 86 84 85 86 88 85 86 88 86 85 83 87 85 85 87 87 85 85 92 90 88 84 82 83 85 89 93 94 94 93 90 85 83 77 87 87 84 79 72 73 72 76 74 77 72 76 78 76 78 82 76 77 83 81 79 74 72 74 76 70 75 63 73 65 63 69 67 63 62 63 72 73 65 62 68 65 69 68 63 64
90 90 90 91 90 93 89 90 88 88 85 85 87 85 88 85 82 82 85 83 87 91 85 88 86 85 86 85 84 86 84 83 86 85 90 87 79 85 80 80 76 80 81 85 89 78 91 92 92 93 91 90 85 84 80 73 74 73 72 76 78 77 79 79 79 80 79 77 82 82 79 78 77 68 76 70 71 65 72 63 63 70 61 59 71 75 67 71 63 67 65 63 65 69 67 65
90 89 88 91 95 91 90 90 86 88 87 85 85 84 85 87 86 82 83 88 89 91 88 91 87 88 86 86 85 83 80 82 86 84 89 85 80 78 81 81 78 74 80 82 88 89 82 82 83 79 89 86 75 72 77 73 81 77 79 82 78 76 75 77 80 77 78 79 80 80 79 77 78 74 72 66 69 65 68 68 64 61 59 65 65 72 64 70 67 60 66 68 67 66 65 69
90 89 89 90 93 90 87 87 87 87 85 85 83 85 87 88 87 85 85 87 86 87 84 84 91 86 86 86 88 81 84 86 86 84 88 80 79 83 81 80 78 84 88 90 93 88 87 84 74 82 87 89 76 81 82 76 80 79 84 82 73 74 70 77 78 79 78 78 82 80 79 79 73 71 69 67 65 62 60 63 57 62 59 63 67 67 69 63 67 66 64 65 65 67 72 65
90 89 90 90 93 91 88 87 89 85 87 84 84 84 86 88 85 83 84 84 85 86 87 87 85 86 86 86 86 86 83 84 82 89 81 82 81 86 88 90 90 90 90 87 89 80 76 82 84 76 87 88 88 81 85 81 85 85 83 77 74 72 75 74 79 74 75 77 79 81 74 81 79 72 73 73 72 68 64 63 65 70 66 70 62 61 62 67 64 66 65 65 72 75 62 68
89 88 89 91 91 91 92 89 86 86 89 88 87 88 85 86 85 85 84 83 85 88 89 90 89 86 85 83 83 80 81 85 83 84 83 80 84 83 85 82 82 79 79 87 84 82 77 76 84 79 86 90 90 86 86 86 85 80 80 79 77 79 80 73 79 73 75 79 80 82 79 77 77 79 79 78 72 75 66 71 71 64 65 64 70 66 58 64 57 64 67 64 68 77 72 71
91 90 88 89 92 91 89 87 86 89 89 88 86 86 86 85 85 84 84 83 85 85 87 88 88 89 88 82 80 79 85 81 78 81 80 82 81 86 84 84 78 85 85 86 85 79 75 79 79 79 87 89 86 86 87 85 82 78 78 77 81 81 80 76 75 73 79 81 80 83 82 81 75 80 76 74 78 76 73 72 62 70 71 64 66 62 64 56 61 64 69 66 64 71 73 75
94 90 90 92 89 90 90 91 87 89 88 88 88 87 87 86 84 83 83 83 84 90 86 87 89 84 83 83 80 78 78 84 82 77 79 76 80 78 83 78 82 86 88 83 83 80 75 78 83 88 87 91 86 86 82 80 85 77 84 82 81 84 83 79 76 75 77 79 80 82 81 80 79 77 74 79 77 77 77 72 67 71 71 71 64 71 64 59 59 63 66 74 70 63 64 64
90 89 90 89 90 89 92 92 90 89 90 89 87 89 88 86 86 87 85 85 85 86 83 86 86 86 83 81 77 78 77 80 80 79 75 78 80 80 84 83 80 79 82 84 78 80 84 85 84 88 87 87 89 86 82 86 85 82 87 84 83 78 75 75 74 73 77 79 78 80 78 77 77 78 78 80 79 78 75 71 69 76 73 67 72 64 62 62 69 68 67 69 74 67 67 66
91 89 88 90 89 88 90 92 89 90 90 89 88 89 87 87 87 86 86 88 88 88 87 86 84 82 88 83 82 80 79 81 78 80 78 77 68 73 74 71 75 81 85 78 84 84 83 85 88 87 90 83 84 86 86 87 89 87 85 82 84 82 74 74 75 69 71 73 70 71 76 76 77 81 79 78 69 74 75 76 72 70 66 70 63 64 69 66 65 70 71 70 73 75 69 68
92 91 91 89 92 89 88 91 92 90 89 90 90 88 88 88 84 86 87 88 86 83 85 85 84 83 85 87 86 82 78 79 76 72 73 71 74 73 74 74 80 80 78 79 82 85 87 88 88 87 91 85 86 86 90 89 79 81 80 81 80 78 74 76 77 72 73 74 75 80 72 75 83 82 81 78 79 75 72 72 73 73 71 65 62 66 71 62 62 68 70 75 71 67 77 72
90 90 92 90 93 91 89 91 92 90 90 89 90 91 90 86 88 86 87 87 84 81 79 84 87 84 85 85 83 80 76 76 74 76 78 74 75 76 81 79 80 84 81 87 84 87 89 88 89 90 81 85 87 86 90 90 87 80 78 79 71 76 74 80 72 71 73 77 83 82 83 83 78 78 76 74 73 69 67 63 69 63 61 62 70 72 64 64 63 69 69 67 65 73 76 70
94 93 93 91 93 90 89 89 90 89 92 92 91 90 90 88 88 89 87 87 86 85 80 81 84 82 85 82 81 82 74 74 78 80 79 76 80 81 79 82 84 80 87 83 90 88 91 90 89 81 83 87 86 86 86 83 88 88 87 76 80 80 77 83 76 83 81 79 77 80 79 78 82 78 74 65 65 73 66 67 61 61 62 64 64 69 66 69 68 61 60 62 67 73 76 72
95 96 92 92 95 92 91 92 90 88 89 90 89 89 87 87 90 90 89 88 85 86 84 84 82 83 82 82 82 80 78 76 78 81 84 80 81 82 85 85 83 86 84 83 89 91 88 82 82 85 86 87 83 82 87 84 87 82 86 82 81 83 81 86 86 86 72 81 77 72 76 79 70 79 77 75 70 72 72 70 61 64 64 72 69 75 71 64 63 61 58 59 63 64 66 73
94 94 93 94 96 90 91 90 88 88 90 88 87 86 88 86 86 84 85 86 84 85 86 84 83 80 80 81 81 80 79 80 82 78 82 82 81 82 80 83 83 84 85 85 89 89 86 80 83 83 88 85 82 84 85 84 85 77 87 87 84 80 85 76 78 72 69 69 77 71 66 73 71 67 78 75 74 76 65 64 64 70 67 73 73 72 64 69 62 63 61 65 61 68 74 73
98 96 95 95 92 92 91 90 90 92 91 88 85 87 86 86 85 84 84 85 86 84 83 83 83 82 81 83 81 80 78 78 78 79 80 84 82 80 82 83 83 87 87 88 88 84 79 81 83 86 84 79 79 78 80 86 79 85 85 77 79 81 79 79 82 74 68 65 71 63 66 66 66 66 66 69 66 71 62 63 69 72 64 73 76 67 68 70 64 70 64 63 67 66 66 71
97 98 93 91 91 90 91 91 90 93 89 89 88 89 89 86 85 87 83 83 87 85 85 82 80 83 86 86 84 84 82 79 80 82 84 81 86 83 84 83 87 88 85 88 88 85 82 76 78 80 79 82 83 85 81 84 77 81 84 84 84 84 81 84 80 78 77 66 63 67 69 73 70 71 72 70 63 62 65 68 70 73 69 77 71 68 72 66 68 73 67 65 66 69 73 75
95 95 94 94 93 94 92 91 94 92 92 89 89 88 92 88 89 84 84 86 86 87 85 84 81 82 87 85 83 85 83 78 79 83 82 87 86 87 84 88 87 85 83 88 85 81 83 74 78 79 83 80 81 81 76 79 72 78 81 81 83 85 80 82 78 80 79 68 67 63 72 73 73 74 72 68 72 69 66 68 71 72 75 72 73 71 65 67 73 69 72 65 70 76 75 72
93 92 94 95 97 92 95 91 90 91 90 91 92 89 87 86 89 88 89 89 90 85 84 84 85 87 83 87 86 86 85 84 81 82 82 82 80 84 87 87 86 86 89 88 83 81 79 77 79 79 79 80 80 72 74 74 79 83 84 84 81 81 80 81 78 72 71 66 68 69 71 72 76 75 75 73 71 67 69 73 71 72 77 73 73 69 67 67 76 72 75 72 76 74 73 73
94 97 95 92 94 95 91 91 90 91 91 92 90 90 89 89 89 87 89 89 87 87 82 86 85 82 83 92 90 87 87 86 79 79 84 80 83 84 84 81 86 85 87 88 82 82 79 77 74 75 75 76 75 74 80 82 82 75 79 83 76 84 78 73 72 68 70 66 68 72 68 70 74 78 71 74 76 68 76 76 74 78 72 70 68 66 69 67 69 72 72 71 76 74 75 71
93 94 94 95 96 93 91 89 90 91 95 91 93 90 92 91 89 89 87 87 87 85 88 88 91 86 88 88 85 90 86 84 80 81 79 80 81 80 82 83 83 86 86 83 83 84 78 76 79 77 73 75 71 79 82 77 76 79 81 80 72 80 79 78 71 69 72 72 70 75 66 72 73 78 73 73 76 72 77 73 76 76 73 71 66 70 68 69 73 76 70 71 75 76 81 75
97 94 95 95 94 93 92 92 92 95 90 90 92 91 93 88 85 90 88 81 87 90 89 85 89 87 88 93 90 82 82 86 90 90 82 85 84 82 83 82 85 88 83 83 83 81 80 81 77 75 74 78 78 81 76 70 80 77 79 76 77 77 72 78 76 68 71 71 72 75 76 77 78 74 79 78 79 77 75 73 78 74 73 71 68 71 74 72 73 70 70 73 77 77 78 82
96 98 97 95 96 94 93 94 91 95 86 88 86 88 88 86 94 91 87 87 89 89 89 91 90 88 93 89 86 88 88 92 90 83 84 84 82 86 87 86 84 89 86 86 86 83 84 81 75 77 78 78 80 79 79 76 80 75 74 76 70 77 74 77 74 74 70 71 72 76 76 77 76 72 71 70 78 77 78 77 79 72 75 67 73 72 76 76 73 77 70 75 71 80 83 81
95 94 98 96 95 95 96 92 93 92 88 87 88 95 95 88 87 92 86 89 89 87 91 94 92 90 92 89 93 94 94 89 87 83 83 83 86 88 88 85 87 87 89 84 81 80 81 80 77 77 77 78 82 80 74 76 74 80 77 72 73 72 72 78 77 70 69 72 72 73 72 72 71 72 70 75 77 76 77 78 79 75 78 73 76 76 74 78 78 78 75 78 78 81 82 81
98 96 99 95 95 96 93 93 93 92 89 89 90 96 91 91 90 91 92 91 87 91 93 93 93 90 93 93 83 92 90 88 89 87 82 85 84 82 83 87 86 86 86 81 82 82 86 79 79 78 80 84 82 72 74 75 78 78 75 79 79 75 73 71 73 67 66 70 71 73 73 75 73 72 70 74 76 75 75 77 75 78 80 78 81 80 80 74 77 81 74 78 76 82 82 85
96 99 97 93 93 95 90 93 92 88 90 92 94 96 92 92 93 90 89 89 86 89 94 94 96 96 95 95 89 88 86 86 86 84 83 81 83 85 86 87 83 84 86 83 82 83 81 84 82 84 85 85 84 81 82 80 78 77 75 79 77 82 75 78 72 69 67 70 70 73 70 78 73 74 74 73 75 76 74 75 73 73 76 81 81 76 77 81 75 82 75 68 77 76 84 78
100 96 94 96 97 95 94 93 90 87 96 91 96 93 92 94 92 92 97 86 89 91 94 92 90 88 86 90 89 92 88 89 86 82 80 81 84 87 86 84 85 87 86 84 80 80 80 79 80 83 87 86 83 82 77 82 82 77 80 80 83 83 82 77 68 71 70 71 72 73 76 76 75 76 73 71 76 75 70 72 68 72 75 76 80 76 79 82 76 81 79 74 75 77 83 75
100 97 99 95 94 92 91 91 90 97 97 96 97 97 98 89 98 88 93 99 94 95 90 90 88 89 89 91 92 94 88 91 86 84 81 84 84 84 83 81 81 87 87 87 86 84 81 79 79 85 89 86 81 71 75 79 85 80 81 78 82 80 81 78 69 68 69 73 74 71 73 76 73 73 72 73 73 70 72 72 68 70 71 77 80 78 73 79 80 83 82 82 77 83 83 83
99 98 95 92 97 98 96 100 97 94 93 91 91 94 92 90 91 92 95 95 93 91 93 89 91 90 90 91 89 92 90 92 90 87 81 80 80 81 80 81 84 86 86 84 86 84 84 82 82 80 87 87 85 80 79 82 85 83 82 83 86 76 79 78 71 70 71 71 70 74 73 76 72 67 70 72 70 69 69 68 71 68 71 70 70 77 70 73 78 81 78 78 80 82 75 80
102 95 95 98 99 101 100 96 95 90 89 92 87 87 87 90 93 92 93 91 93 91 92 92 92 89 92 90 89 88 89 89 88 83 83 83 84 84 82 82 85 85 85 84 86 85 84 83 83 83 88 88 86 84 82 82 86 85 86 84 80 82 81 73 70 68 69 74 73 72 71 75 70 71 76 66 70 70 70 71 72 71 67 69 72 72 69 73 73 79 74 76 77 74 78 77
96 97 95 96 101 97 96 93 90 87 90 91 91 90 86 85 88 87 95 95 95 92 92 91 89 93 91 90 89 90 89 88 84 88 84 84 85 87 83 83 85 84 83 81 84 84 84 83 85 87 84 87 90 84 87 87 86 79 81 86 85 81 79 76 76 72 73 72 70 68 71 73 69 73 76 70 71 75 70 69 78 71 71 73 69 73 76 72 71 75 71 71 76 75 79 76
95 96 96 101 102 95 98 97 92 89 86 85 85 86 87 89 92 95 90 90 93 96 93 93 93 92 91 89 88 87 90 86 87 87 86 85 87 84 84 82 86 83 85 84 83 84 83 83 87 89 88 89 90 87 86 86 82 84 84 86 80 82 82 80 80 75 72 70 68 69 71 72 70 75 78 79 73 73 77 76 73 77 71 73 75 75 78 71 79 72 69 65 68 75 76 75
95 96 101 102 95 93 95 92 91 90 89 88 87 89 88 88 89 88 91 90 91 92 91 91 95 91 91 89 91 90 87 90 90 90 89 85 85 83 82 84 83 85 85 83 85 84 81 82 87 89 86 85 88 90 84 85 83 87 83 86 80 77 82 82 77 76 71 70 67 69 73 68 70 77 77 77 73 79 81 82 79 77 69 78 81 70 78 75 80 78 66 71 76 74 75 76
95 98 102 97 96 96 94 93 93 90 90 91 91 91 90 91 90 90 88 91 88 88 93 93 88 95 91 90 92 93 89 87 85 84 84 88 85 83 85 83 83 84 83 84 84 84 82 81 84 85 83 88 88 91 89 88 87 85 88 81 84 85 86 78 71 69 70 71 68 69 71 69 75 78 77 79 79 78 74 79 75 80 78 79 77 76 83 80 81 72 71 75 71 75 83 78
