Climate/data/grids_germany_multi_annual_precipitation_1981-2010_02.asc
NCOLS 654
NROWS 866
XLLCORNER 3280414.711633467
YLLCORNER 5237500.62890625
CELLSIZE 1000
NODATA_VALUE -999
[rows 663 to 713 of 866, columns 384 to 479 of 654]
50 48 46 49 54 54 55 55 53 53 56 56 55 59 54 51 56 56 56 55 56 55 51 56 56 56 56 53 54 54 54 54 54 53 54 54 55 56 57 58 57 57 56 52 52 50 51 48 50 49 51 45 51 52 50 48 46 47 46 43 42 38 41 41 39 44 44 43 43 48 50 47 50 40 49 50 55 56 56 58 63 56 53 52 53 58 56 62 61 65 66 71 70 71 70 73
52 56 53 46 48 53 55 54 48 53 56 57 52 51 51 51 57 57 57 56 57 56 57 53 53 54 56 52 54 56 54 53 54 54 54 54 54 55 54 54 56 57 56 54 50 52 46 45 51 49 46 47 49 50 48 47 46 48 46 43 42 39 40 40 40 43 47 48 48 48 49 50 47 42 48 50 51 53 54 60 55 53 51 52 54 51 53 57 56 67 69 70 71 72 73 74
60 59 58 54 52 45 50 52 54 54 56 57 56 56 56 49 57 56 57 55 57 57 57 57 56 49 50 56 56 54 53 55 54 54 53 53 54 54 54 53 54 53 53 51 49 47 46 42 50 48 46 48 42 44 47 46 42 48 47 43 44 40 37 39 39 43 46 41 39 39 39 40 40 41 42 48 48 49 51 54 50 50 48 49 51 50 51 57 57 63 64 70 72 72 73 76
56 58 58 57 56 48 47 46 47 52 55 56 58 58 57 50 50 49 49 48 56 58 54 55 58 52 49 56 56 53 53 54 53 54 54 52 52 53 53 52 50 49 48 50 46 45 42 41 42 46 44 44 49 46 48 48 42 45 44 40 39 39 39 39 39 38 39 38 38 38 38 38 40 48 50 48 44 45 46 49 48 47 47 48 49 52 56 57 60 59 61 63 74 72 68 63
56 57 56 56 56 55 49 46 48 55 54 55 56 59 54 49 48 56 56 48 47 48 49 49 50 50 56 56 54 54 54 53 53 54 52 51 51 52 51 50 48 45 47 46 45 46 42 41 38 38 44 45 48 46 48 48 45 42 41 41 41 40 39 39 40 40 39 39 39 39 38 39 39 40 40 41 41 43 43 47 44 44 44 51 46 50 58 60 58 56 62 63 69 67 66 64
54 56 56 54 53 55 53 50 46 53 54 56 58 55 48 48 48 48 48 49 55 56 48 49 48 50 49 54 57 55 54 53 54 58 57 55 53 53 55 51 48 49 48 46 47 45 43 41 43 42 45 46 49 50 48 43 42 42 42 44 43 42 41 41 41 40 40 39 39 39 39 39 39 40 41 41 41 42 43 44 44 43 45 52 47 45 52 52 54 55 54 56 58 61 58 67
53 56 56 56 56 57 53 53 47 53 53 55 54 52 47 56 56 56 51 47 47 47 48 57 56 47 48 56 54 55 55 55 57 58 55 55 55 52 52 51 50 46 49 47 46 45 43 44 43 44 44 44 49 51 51 50 44 45 46 46 45 44 44 43 41 41 40 39 39 39 39 39 39 39 41 41 42 43 43 44 44 43 44 44 45 45 46 48 50 53 54 54 53 54 56 59
52 56 55 55 55 59 55 46 49 54 53 56 55 55 51 46 55 55 55 55 55 54 54 56 57 58 57 48 52 55 55 55 56 57 56 54 55 53 51 50 49 46 48 49 51 51 45 43 48 44 44 49 47 49 52 50 50 47 44 49 49 47 46 43 41 41 41 40 39 39 40 39 40 40 41 41 41 43 43 44 44 43 44 44 45 46 47 48 48 50 50 51 57 52 54 57
55 49 55 54 55 54 55 53 46 53 45 45 45 49 45 50 54 55 55 55 54 54 53 54 54 54 56 55 46 53 57 52 51 55 55 52 54 52 52 51 50 49 50 51 50 49 49 48 51 50 49 49 50 51 52 52 48 47 45 49 49 46 45 42 43 42 40 39 39 39 39 40 40 40 41 41 41 43 43 44 44 43 43 44 44 46 47 48 48 49 49 50 50 51 51 53
55 49 50 54 51 55 56 54 47 51 45 54 55 50 52 54 53 53 55 54 54 53 52 54 53 52 54 52 45 55 51 46 45 56 53 50 55 52 51 50 50 50 51 53 52 49 50 52 51 51 52 51 50 49 50 52 51 49 46 48 50 47 46 43 42 43 41 40 39 39 39 40 40 40 41 41 41 41 43 44 44 44 43 44 44 45 47 48 48 48 49 50 50 50 51 52
56 56 52 48 48 55 56 56 53 53 47 53 54 55 54 54 54 52 53 51 52 50 50 52 52 51 51 45 52 44 49 52 48 51 55 54 53 53 51 50 51 51 52 54 52 54 54 53 51 53 54 53 51 54 56 55 52 47 47 50 49 47 46 44 43 44 41 40 39 38 39 39 40 40 41 41 41 42 43 44 44 44 43 44 44 46 47 48 48 50 49 49 50 50 50 51
55 50 54 56 54 48 51 47 50 54 54 46 54 53 54 54 54 53 52 52 51 51 50 49 48 48 52 49 51 52 52 52 44 54 53 52 54 54 53 52 51 52 54 56 56 56 56 57 54 53 54 52 52 51 51 47 48 52 49 47 48 46 46 45 44 43 43 41 40 40 40 40 39 41 41 40 41 42 42 43 43 44 44 43 44 46 47 48 49 50 50 49 49 50 50 51
53 55 55 56 55 56 56 54 55 55 52 44 53 53 54 53 53 52 53 52 52 53 52 49 48 48 47 50 51 51 52 50 43 51 49 44 52 55 53 52 53 52 53 57 57 57 59 57 54 51 52 51 50 50 47 50 49 52 49 48 48 48 47 46 45 44 45 43 41 40 40 40 41 40 40 40 40 42 42 43 43 44 44 44 45 45 47 48 48 50 49 49 49 50 50 50
55 55 56 55 55 55 55 57 57 53 46 44 51 52 51 52 53 53 53 53 54 52 51 49 49 47 49 51 51 52 52 48 49 51 50 51 46 52 50 48 55 49 56 55 58 59 58 56 57 53 52 48 50 50 49 46 46 45 48 50 46 47 46 45 43 43 42 42 41 41 41 41 41 41 40 40 41 41 42 42 43 43 44 44 45 45 47 49 49 49 48 49 49 49 49 50
56 54 54 54 56 54 54 56 56 49 51 46 50 52 50 51 51 52 52 52 52 51 52 51 50 48 49 49 49 50 51 48 43 49 49 50 51 51 45 51 52 49 56 52 58 60 61 61 56 54 50 51 48 48 47 47 47 44 43 46 46 46 45 45 43 44 44 43 43 42 41 42 41 41 41 40 41 41 41 41 42 42 43 44 45 45 47 48 49 49 49 49 49 49 49 49
54 53 53 54 54 46 54 53 46 46 53 48 49 47 46 47 49 47 48 50 48 49 50 49 48 49 48 47 47 49 51 49 46 49 49 50 49 51 47 49 44 44 46 49 50 57 58 55 58 54 50 49 46 50 44 45 44 49 47 47 47 47 47 48 48 47 45 44 43 43 42 41 42 41 41 41 41 41 40 39 40 42 42 43 44 45 46 47 47 48 48 48 48 48 48 49
53 51 51 53 47 44 46 48 48 44 51 49 46 46 49 45 45 46 45 47 50 51 48 50 50 48 49 51 49 48 48 47 48 45 47 48 48 49 49 48 52 53 51 54 56 52 49 49 48 47 49 47 46 43 45 45 46 48 46 45 47 48 48 51 49 46 44 44 44 44 44 42 42 42 42 42 42 42 41 41 40 41 42 43 43 44 45 45 45 46 46 46 46 47 48 48
50 49 53 52 43 46 48 44 44 45 49 48 48 49 48 45 44 44 45 47 46 45 46 45 45 43 49 50 49 52 48 47 44 47 48 47 48 48 49 48 51 53 50 54 51 52 49 47 47 47 45 45 44 44 49 46 46 46 49 47 48 48 49 50 48 50 46 45 44 45 45 42 42 42 42 43 42 42 41 41 41 42 43 43 43 43 44 45 45 45 46 46 46 45 46 47
51 49 47 48 43 49 51 47 48 46 48 46 47 45 47 46 44 43 45 44 49 50 47 48 47 47 44 45 45 47 46 44 49 45 47 46 47 47 48 47 47 49 47 46 55 52 55 54 48 46 45 49 47 46 48 48 46 49 48 49 47 49 50 49 50 50 48 46 45 44 44 43 42 42 42 43 43 42 42 41 41 42 42 42 44 44 44 45 46 45 45 45 46 46 47 47
51 49 48 46 43 51 49 46 43 41 45 46 47 44 48 44 44 45 44 44 47 51 49 46 47 47 45 46 47 44 44 46 46 46 47 45 45 47 44 45 43 45 44 48 50 46 46 44 46 45 43 46 48 48 47 46 45 46 46 47 48 49 52 50 53 51 50 48 45 45 45 44 43 43 43 44 43 43 44 43 42 42 42 42 43 44 44 44 44 45 45 46 46 45 45 46
53 49 43 42 46 47 47 46 45 44 43 45 46 45 46 45 45 46 44 44 47 47 47 47 48 46 47 47 49 51 50 46 49 46 44 46 45 43 43 44 45 46 47 48 49 45 46 46 46 43 46 41 47 47 47 49 48 47 48 51 50 48 49 51 50 51 49 48 46 45 45 46 45 45 44 43 44 44 43 43 41 41 41 43 42 43 43 43 43 44 44 45 45 45 45 46
45 44 48 46 47 47 44 44 41 45 45 44 45 46 47 46 46 45 45 48 46 46 47 51 47 45 45 46 47 50 48 46 48 45 44 46 45 45 45 43 47 46 50 49 51 47 46 44 44 44 42 43 43 44 46 47 49 49 44 51 50 48 50 52 49 49 48 46 46 44 44 45 44 43 43 42 42 42 42 41 41 42 41 43 42 42 43 43 44 43 44 45 45 44 46 46
43 47 46 46 46 45 45 42 41 41 44 44 45 45 47 46 45 45 45 47 47 46 48 49 47 47 47 47 49 49 48 47 48 46 44 45 46 45 43 44 46 47 49 47 49 48 45 45 44 43 41 41 43 43 43 46 46 48 50 50 49 49 49 49 49 48 47 46 47 44 44 44 43 43 43 43 42 42 41 42 42 43 42 44 43 42 42 44 45 44 43 44 45 44 46 46
49 48 45 45 44 44 45 44 43 44 44 44 44 45 45 45 43 44 44 45 46 46 47 44 47 47 47 48 48 47 47 47 48 45 45 44 45 44 42 45 47 45 46 47 50 48 43 43 43 43 42 41 41 44 44 45 46 47 48 50 50 50 49 47 46 46 43 44 44 43 44 42 43 43 44 43 42 42 43 42 45 45 44 43 43 41 42 44 45 45 44 43 44 44 45 45
48 46 44 45 46 44 46 43 45 47 45 46 44 44 44 46 45 44 44 43 46 45 46 44 45 44 47 49 48 48 49 48 46 48 46 45 45 45 44 47 44 46 45 49 47 45 44 42 43 43 41 45 43 42 44 47 46 50 50 51 50 50 47 45 43 43 42 43 43 43 44 44 44 43 45 43 42 44 43 43 44 45 45 43 41 41 43 44 46 44 45 45 45 45 45 45
49 49 44 47 47 47 46 46 47 46 45 44 46 45 46 45 44 45 45 44 44 44 46 47 47 45 47 47 48 48 48 47 47 46 46 46 46 44 43 45 45 45 45 47 47 46 45 42 42 42 42 44 43 43 44 45 47 51 51 51 49 49 45 45 44 43 42 44 43 45 45 44 44 44 45 43 44 43 44 47 46 44 44 42 42 43 43 45 46 46 46 44 45 46 46 46
52 49 45 47 46 46 46 45 44 42 42 43 43 44 45 44 44 45 45 43 44 45 44 46 43 46 46 46 47 47 46 46 47 47 45 45 45 44 44 44 44 45 45 45 47 44 44 43 42 42 43 44 45 44 44 43 51 50 50 49 49 49 46 45 45 43 44 45 44 44 46 44 45 43 44 43 45 44 45 44 45 43 43 42 43 44 44 44 46 44 43 46 45 45 47 47
47 47 48 46 45 46 45 44 43 42 41 41 41 42 43 43 45 43 42 42 45 46 43 43 44 43 45 45 46 46 47 45 45 45 44 44 44 44 44 43 43 44 45 44 44 45 44 43 44 43 44 44 46 45 45 47 50 48 48 49 50 50 47 48 47 45 47 46 46 45 46 45 43 43 43 43 42 44 45 42 43 45 44 44 43 45 44 46 45 43 47 47 47 46 47 46
46 45 45 45 44 44 45 43 43 42 41 41 41 41 41 43 42 42 41 43 44 44 42 44 45 45 45 45 46 45 46 44 44 44 44 44 44 44 44 44 45 45 45 45 44 44 44 45 44 45 45 44 47 48 46 48 51 50 47 50 49 53 47 50 47 46 47 46 46 47 45 44 41 42 41 40 41 40 42 43 44 44 45 44 46 46 45 46 45 45 45 46 46 46 45 46
45 45 45 44 44 44 43 42 42 41 40 40 40 40 41 41 41 41 41 42 43 42 43 45 45 45 45 46 45 45 45 44 43 43 43 44 43 43 44 44 45 46 47 45 45 45 44 44 44 46 47 46 46 48 48 50 49 48 48 51 49 50 49 48 47 47 48 48 46 46 47 43 45 42 41 41 40 40 42 43 44 46 45 46 46 48 46 46 46 46 45 47 45 45 44 46
45 44 44 43 43 43 42 42 41 41 41 40 40 40 40 41 41 41 41 42 42 42 43 44 44 45 44 46 45 45 45 44 43 43 43 43 43 44 44 45 45 47 46 46 45 44 45 45 45 46 46 47 48 47 48 47 49 47 49 52 51 50 50 49 48 49 48 45 47 45 46 44 44 40 40 37 39 39 41 43 45 47 45 44 46 47 46 47 48 46 44 44 46 44 43 46
44 44 43 43 42 42 41 41 41 40 40 40 40 40 39 40 40 40 41 42 42 41 43 44 44 43 44 45 45 45 45 43 43 43 43 43 43 44 44 44 45 45 46 46 45 46 46 46 48 49 47 46 49 49 48 49 48 48 50 51 51 50 48 50 49 50 48 46 47 44 44 44 42 41 38 39 39 42 42 44 45 45 46 46 45 48 47 47 48 47 48 46 44 42 44 46
44 43 43 42 42 42 41 41 41 41 40 40 41 41 41 42 41 41 40 41 41 42 44 44 44 43 42 44 45 43 43 43 43 43 43 43 43 44 45 44 45 45 46 47 46 46 46 47 47 47 50 48 48 48 48 49 48 48 48 50 50 51 49 50 50 48 50 49 47 44 46 43 42 40 40 40 42 42 42 45 47 48 45 45 45 47 47 49 47 48 47 45 44 44 46 48
45 45 44 42 42 42 41 41 41 41 41 41 41 41 41 42 42 41 41 41 41 41 43 42 42 41 42 42 42 42 43 43 43 43 43 44 44 44 45 45 47 46 46 47 46 47 48 45 46 44 46 47 47 48 48 49 47 47 48 50 50 52 51 50 51 48 47 47 46 44 45 42 42 43 42 43 44 42 42 46 46 47 48 45 46 48 47 46 46 45 46 43 44 45 45 46
45 45 43 43 43 42 41 41 41 41 41 39 40 41 40 41 41 41 40 41 41 41 42 41 41 41 42 42 42 42 42 43 43 43 43 44 44 46 47 47 47 47 47 47 46 47 47 47 47 48 45 49 48 49 49 48 49 47 49 50 52 51 50 49 51 50 45 45 47 46 44 42 45 45 45 43 44 41 42 44 47 47 44 48 49 46 45 45 46 45 44 44 46 44 47 47
45 44 43 42 42 41 41 41 41 41 40 40 40 40 40 40 41 41 40 41 40 41 41 41 41 42 42 42 42 42 43 42 44 44 45 45 44 46 49 47 49 47 48 47 47 49 48 47 48 48 49 46 50 48 48 49 49 47 49 51 50 50 50 49 50 48 48 48 45 45 44 48 45 46 44 46 45 45 45 45 48 48 47 46 47 45 48 47 47 45 46 48 47 47 46 46
42 42 42 41 41 41 41 41 41 41 40 40 40 40 40 40 41 41 41 41 41 41 42 42 43 43 43 43 44 44 44 45 45 45 46 46 46 47 48 48 49 48 48 45 47 47 48 45 47 48 48 49 49 49 49 50 49 47 49 49 49 51 51 49 48 47 47 44 43 43 44 47 45 47 45 47 46 44 43 48 47 46 47 47 47 48 48 45 44 45 45 46 49 49 48 48
42 42 42 41 41 41 41 40 40 40 41 41 41 41 40 41 41 41 41 41 41 41 42 43 43 43 43 43 43 43 44 45 46 47 46 47 49 51 50 48 47 47 46 46 49 49 46 45 45 46 46 46 49 49 50 51 49 47 49 49 51 51 49 48 48 46 45 45 44 46 43 47 48 47 47 46 44 45 45 47 48 47 45 45 47 44 44 46 46 49 47 47 50 47 48 47
42 42 41 41 41 41 41 40 40 40 41 41 41 41 41 41 41 41 41 41 41 42 42 43 43 43 43 43 43 43 45 45 47 47 47 49 50 51 48 48 47 47 45 48 47 49 47 46 45 46 45 48 49 48 49 50 50 47 48 49 50 49 48 47 47 47 50 47 47 46 43 45 47 48 48 46 47 46 45 48 48 47 46 44 44 43 46 46 47 46 49 50 47 46 47 49
42 42 41 41 41 41 41 41 41 41 41 42 41 41 41 41 41 41 41 41 42 42 42 43 43 42 43 43 44 44 46 46 47 47 48 48 48 50 49 48 49 48 45 49 48 47 47 45 44 47 48 47 48 49 47 48 47 46 48 49 49 47 49 47 46 45 48 46 48 45 45 43 47 46 47 48 48 47 45 49 49 47 45 43 46 44 46 47 47 46 47 47 47 50 48 47
42 42 41 41 41 41 41 41 40 41 41 41 42 42 42 42 43 42 42 43 42 42 42 43 42 42 43 43 43 43 45 45 48 48 49 50 50 52 51 51 49 48 46 45 44 43 44 43 44 45 45 47 47 47 49 49 47 48 47 49 47 48 48 46 45 46 48 47 47 47 45 44 45 47 46 46 47 46 48 49 50 49 47 47 47 48 46 46 49 47 45 48 46 46 48 46
42 42 41 41 41 41 41 41 41 41 41 41 42 42 42 42 42 42 42 43 42 42 42 43 42 42 43 43 44 44 46 46 48 49 51 50 52 51 52 50 50 46 46 46 42 45 46 45 45 45 47 49 47 48 49 49 46 47 48 49 48 47 46 45 47 47 45 47 46 45 45 43 46 47 48 47 47 47 48 50 50 49 49 48 47 47 45 47 46 46 44 46 44 43 44 45
42 41 41 41 41 41 41 41 41 41 41 42 41 42 42 43 42 42 42 43 43 42 43 43 42 42 43 44 44 44 45 47 49 49 50 51 52 51 51 48 47 46 47 48 47 45 44 45 47 48 49 49 48 49 48 47 48 48 47 49 47 45 44 48 47 49 49 47 46 44 44 44 46 46 48 48 47 47 47 46 49 48 48 48 47 48 45 43 43 42 43 43 43 44 44 45
41 41 41 40 40 41 41 41 41 41 41 42 41 41 42 41 42 42 42 43 43 43 43 44 44 43 44 44 45 45 46 48 49 49 51 49 52 52 49 49 50 46 45 46 45 45 46 45 49 48 47 48 48 47 46 47 47 49 49 48 46 44 45 46 47 48 47 46 44 44 46 45 48 46 48 46 45 45 47 48 47 46 48 44 47 45 43 42 42 43 43 43 43 44 44 45
41 41 41 40 40 40 41 41 41 41 41 41 41 42 41 42 42 43 42 43 43 43 43 45 45 46 46 44 44 45 47 48 47 49 49 50 51 53 53 50 49 46 46 47 46 47 46 45 49 47 48 47 48 47 47 48 50 49 47 47 48 46 45 49 47 46 46 46 46 46 47 46 47 47 46 45 49 46 45 46 45 46 47 43 43 43 43 42 42 43 43 43 43 43 44 44
41 41 41 40 40 40 41 41 41 41 41 42 43 43 42 42 42 42 43 43 43 44 45 46 46 46 46 45 44 45 48 47 49 48 50 51 53 53 51 48 48 50 47 47 47 48 47 49 48 48 47 47 47 48 48 49 50 49 47 48 47 47 48 48 48 48 47 46 45 45 46 47 46 47 49 48 46 45 46 43 43 43 43 43 43 43 43 42 42 43 43 43 43 43 44 44
40 40 41 40 40 40 40 41 41 41 43 44 43 43 43 44 45 42 43 44 44 45 45 45 46 47 44 44 45 46 48 47 50 50 50 52 51 51 49 49 48 50 47 48 48 49 50 49 49 47 48 49 48 48 48 50 50 49 50 48 49 48 48 48 46 47 48 47 44 44 47 46 46 45 47 46 44 44 43 43 43 43 43 44 44 43 43 42 42 42 43 43 43 43 46 46
40 40 41 41 40 40 40 40 42 41 45 44 45 45 46 45 44 43 44 45 46 47 45 45 48 46 44 43 46 47 50 49 49 48 52 52 51 50 50 50 46 49 48 47 49 49 49 50 49 48 49 49 49 49 49 49 49 50 50 48 48 47 47 49 46 46 49 46 46 44 46 47 44 45 44 44 43 43 44 43 42 43 43 43 43 43 45 46 43 47 45 48 46 49 48 46
40 40 40 41 40 41 40 42 41 43 48 48 46 45 48 45 44 44 46 47 46 47 48 46 47 44 44 45 45 46 47 51 50 50 53 50 48 48 48 49 48 49 47 48 48 51 50 50 50 48 49 51 51 48 48 48 49 49 50 49 48 49 47 47 48 47 47 49 49 47 48 47 45 43 43 44 43 43 42 43 42 43 43 43 43 43 47 46 46 49 46 48 46 49 46 49
41 42 41 40 41 41 41 42 43 45 46 46 45 47 46 44 44 45 45 47 48 48 49 48 47 44 44 47 48 46 47 50 49 51 52 50 52 50 51 49 47 49 48 48 47 51 50 50 49 48 50 49 51 50 48 48 49 48 48 49 48 47 48 48 47 48 48 48 46 47 45 44 44 43 44 44 44 43 42 43 43 42 47 46 45 48 47 47 47 49 47 49 47 50 47 51
42 41 41 41 43 44 43 43 45 45 44 46 47 44 44 44 46 47 48 49 48 50 48 48 46 44 44 43 47 48 49 50 50 54 54 52 53 52 48 49 48 49 49 47 48 50 51 49 50 50 49 48 48 49 50 49 48 47 48 50 49 49 51 51 50 47 47 49 47 45 44 44 43 43 44 44 44 43 43 46 45 48 49 48 44 48 50 47 49 49 48 48 48 51 48 51
