Climate/data/grids_germany_multi_annual_precipitation_1981-2010_10.asc
NCOLS 654
NROWS 866
XLLCORNER 3280414.711633467
YLLCORNER 5237500.62890625
CELLSIZE 1000
NODATA_VALUE -999
[rows 459 to 509 of 866, columns 192 to 287 of 654]
73 72 67 66 65 64 61 66 64 61 65 63 63 64 63 67 60 62 61 63 63 63 60 58 60 61 59 60 62 65 61 63 64 61 59 59 62 59 56 54 53 53 55 53 54 55 54 54 55 58 60 59 59 62 65 65 72 71 72 67 71 62 69 63 60 60 59 55 61 65 62 62 62 66 65 58 57 61 62 62 62 57 53 58 60 63 56 57 61 62 60 60 64 64 59 56
70 66 67 68 66 64 63 62 63 63 60 60 59 64 62 64 59 60 62 62 62 65 61 57 62 62 61 65 61 61 60 62 60 61 60 60 58 57 59 52 54 54 54 53 54 54 53 53 56 58 59 59 60 63 66 72 73 74 71 73 69 63 66 63 60 58 55 56 59 58 66 65 63 60 57 56 54 54 59 60 52 54 53 54 57 60 59 62 66 63 66 68 67 70 64 58
73 69 68 65 66 65 63 60 60 60 61 59 58 63 63 63 58 60 61 61 59 61 60 57 57 57 59 59 57 59 60 63 61 62 60 60 59 56 56 54 53 52 52 52 52 52 54 54 58 58 57 56 57 59 63 66 73 74 68 67 67 65 66 62 58 61 57 55 53 53 59 65 62 59 62 63 55 53 58 55 52 55 57 56 58 60 63 60 65 70 65 64 66 66 60 68
73 70 66 66 64 66 64 63 59 62 60 59 65 64 61 63 62 65 61 63 62 62 59 57 60 60 60 61 61 59 60 61 61 59 60 60 59 56 55 54 56 55 53 53 52 52 53 54 57 59 57 59 60 60 61 67 71 70 70 69 68 67 63 61 64 70 60 59 58 55 56 56 62 63 61 59 61 56 53 55 51 55 61 59 61 60 69 66 61 66 66 61 65 66 63 64
77 70 69 68 69 71 65 66 61 60 58 59 63 62 60 58 64 62 63 64 65 63 63 59 57 57 57 62 61 62 62 62 61 60 60 61 60 58 56 55 59 57 54 54 51 51 52 53 55 58 59 57 59 62 62 67 68 69 71 71 71 72 67 70 73 64 61 63 59 59 56 55 53 55 59 56 58 60 58 51 55 58 61 60 59 61 63 66 64 62 62 59 58 63 60 56
74 72 66 69 73 77 69 65 62 63 60 60 66 63 60 58 60 62 63 65 65 61 60 58 57 60 62 60 61 62 62 64 63 62 58 56 60 58 57 58 58 57 53 53 51 50 52 56 56 56 56 58 59 61 57 66 66 69 71 67 67 69 72 74 70 67 69 68 62 63 61 58 55 55 52 57 57 57 51 52 57 57 54 56 56 65 66 63 62 61 59 62 59 59 62 63
75 69 68 76 78 76 67 64 61 62 58 60 64 59 61 59 62 62 64 65 63 58 60 59 64 64 64 59 58 61 61 61 61 60 59 56 56 57 59 58 57 57 55 54 53 51 52 54 54 54 54 57 54 59 65 63 67 69 68 65 61 64 69 64 62 62 64 63 59 61 64 60 59 58 60 56 52 54 50 56 52 50 55 56 66 65 60 63 71 62 60 62 63 61 55 56
65 66 68 74 76 68 64 61 61 60 59 61 60 62 60 60 62 60 63 65 65 58 57 64 67 61 61 60 59 60 60 62 62 59 61 58 57 58 59 58 57 56 54 55 55 53 52 54 57 58 57 55 55 62 61 63 65 69 61 58 59 63 59 58 62 59 62 59 59 62 63 64 60 58 58 57 54 51 51 52 53 54 53 55 58 54 59 62 70 63 59 58 58 55 61 53
65 71 64 70 65 64 61 61 64 65 64 66 60 59 58 60 60 58 61 63 65 63 59 61 64 59 60 60 58 59 62 63 64 63 61 58 58 60 59 59 59 58 57 56 58 58 54 54 55 58 58 58 55 56 59 59 67 64 61 59 57 60 58 56 56 60 56 61 57 57 63 63 58 63 60 54 51 49 50 54 58 59 61 57 53 57 62 60 59 59 58 60 61 61 55 58
77 70 72 62 62 62 63 64 68 66 60 60 59 65 59 58 61 58 58 60 59 60 57 62 63 58 59 62 59 60 62 64 60 62 58 56 56 58 60 61 59 57 56 58 61 61 60 56 55 56 56 58 55 59 60 60 63 63 65 57 57 59 60 60 61 58 57 55 57 63 60 60 60 54 55 52 53 55 51 55 61 65 58 59 60 55 56 59 58 63 68 58 57 54 55 54
80 81 67 67 69 65 65 65 68 68 64 63 65 68 60 60 59 58 56 56 57 57 57 62 60 57 59 62 59 60 62 61 60 59 59 57 58 60 61 60 57 58 60 59 61 62 60 56 56 57 59 59 56 56 61 62 61 63 61 58 59 64 62 62 62 60 60 59 59 64 61 59 56 55 53 50 55 54 50 56 55 62 61 61 61 59 53 59 60 68 70 59 58 56 62 59
73 73 75 70 73 67 67 67 73 69 68 66 68 69 65 62 62 57 56 56 55 53 57 58 59 57 59 59 58 60 62 62 60 58 61 61 60 62 60 57 58 60 61 62 65 65 60 56 59 60 59 59 59 56 59 60 57 65 70 63 65 64 62 62 60 59 57 57 57 62 63 62 57 52 51 51 60 54 49 54 61 59 60 58 57 56 56 57 61 65 63 58 57 59 62 60
76 71 71 68 70 66 66 71 70 69 72 63 72 71 71 65 61 59 56 56 55 54 56 56 57 56 56 58 59 60 61 62 61 59 64 66 63 63 62 58 59 61 62 61 65 62 58 58 55 56 56 57 58 58 58 58 57 59 63 65 62 59 59 60 61 57 61 58 59 63 62 60 59 51 51 55 59 59 53 51 58 60 54 53 54 54 54 55 57 60 59 57 58 59 60 60
70 72 72 68 62 63 66 67 70 68 68 60 67 73 69 62 62 59 57 56 55 55 55 55 55 55 58 59 59 58 61 61 60 60 61 63 64 66 64 59 60 60 62 64 59 61 56 58 57 58 57 57 59 60 58 60 57 60 61 63 63 63 61 60 58 61 60 58 55 58 59 53 52 52 52 52 58 60 54 49 56 52 53 52 53 53 54 56 58 59 63 61 60 60 59 60
71 71 66 67 69 63 67 66 71 66 62 61 62 69 69 62 60 58 59 56 55 57 57 57 57 57 57 57 57 58 58 59 58 60 59 62 62 65 64 58 57 59 61 62 60 57 55 56 56 58 59 57 59 60 57 60 58 59 62 65 70 65 62 63 58 59 58 59 59 54 55 51 52 54 54 53 55 52 50 50 49 58 57 53 56 58 55 59 60 64 66 58 59 60 62 51
70 73 72 73 67 62 64 64 66 65 60 61 64 67 66 62 59 59 59 58 58 60 60 57 57 58 58 58 58 60 60 58 59 61 61 61 62 65 64 62 57 58 61 59 56 58 54 56 55 55 57 56 60 60 56 57 60 59 65 70 73 70 67 63 63 62 56 59 58 55 53 51 55 61 59 54 54 50 51 57 53 57 58 55 54 60 56 58 61 68 67 68 59 59 58 51
71 69 75 67 64 63 65 65 66 67 59 60 62 70 63 61 59 60 59 58 58 57 57 56 59 57 58 59 60 59 60 60 62 63 61 63 63 63 63 64 56 56 56 57 56 55 54 53 56 56 56 57 60 60 60 58 60 61 64 63 66 63 61 62 58 59 63 56 55 51 51 56 59 64 56 55 52 46 52 60 58 51 57 57 56 57 58 60 59 69 65 60 56 58 56 58
74 68 69 67 62 64 61 61 68 63 59 59 62 68 63 61 60 59 58 59 57 57 56 57 57 57 59 61 61 62 61 58 61 58 61 62 61 64 64 62 63 58 55 57 53 52 53 53 56 58 57 56 57 63 58 57 59 61 63 62 61 58 58 57 58 59 54 52 52 50 55 61 61 61 53 50 48 50 58 57 61 56 56 55 62 57 58 59 56 58 59 60 57 54 52 58
70 68 66 65 64 68 66 61 63 63 59 64 64 64 64 60 61 59 59 58 58 56 57 57 58 58 60 61 63 65 64 61 57 59 60 61 61 60 60 61 62 58 55 55 53 52 54 53 56 56 60 59 60 59 55 56 61 62 63 65 66 64 63 58 54 54 54 54 50 50 53 59 57 55 53 50 47 51 61 61 56 60 56 54 58 60 60 62 61 56 55 55 58 55 53 54
73 72 72 70 69 65 62 61 59 59 61 63 67 64 62 59 59 60 61 59 59 59 57 58 59 60 63 65 66 68 65 64 60 61 62 59 59 63 61 61 62 59 58 55 54 53 56 54 56 56 59 63 61 59 61 59 63 62 62 65 66 63 59 56 59 62 62 56 50 51 55 57 55 55 52 49 55 58 60 59 58 57 54 55 57 60 58 61 57 55 54 54 54 56 53 56
70 71 68 69 65 65 63 61 59 59 59 57 61 62 61 59 59 63 64 64 65 62 60 60 60 61 69 71 72 71 67 64 61 61 63 63 62 61 61 61 62 59 59 56 56 56 54 54 57 58 56 56 57 59 60 63 63 63 61 61 62 61 59 63 63 64 59 52 51 56 56 56 57 52 50 49 54 56 57 58 57 57 56 55 59 59 57 60 60 55 59 58 56 54 54 53
65 67 69 66 65 65 63 59 59 65 63 59 60 61 57 59 60 62 67 64 68 68 64 65 61 61 69 73 73 71 68 65 61 64 61 64 63 64 61 62 64 61 60 58 60 57 56 58 58 59 61 59 59 61 63 64 63 61 61 63 61 62 63 66 65 60 58 55 52 54 57 55 57 57 51 54 50 52 57 57 55 57 56 56 59 65 57 57 58 65 58 55 54 60 57 53
67 65 68 69 64 63 60 60 59 61 65 62 63 59 56 57 59 60 68 68 67 69 72 68 66 64 66 71 72 72 69 66 65 63 62 63 64 66 64 64 62 62 60 61 60 58 58 58 59 62 66 64 57 63 65 65 62 64 62 62 62 61 67 66 63 60 58 55 52 58 55 52 55 60 53 56 51 54 57 56 55 57 61 60 61 62 61 56 59 62 57 57 57 61 58 61
70 69 63 65 64 64 60 60 59 63 64 62 60 58 58 60 63 62 66 70 68 68 70 72 73 68 67 66 69 71 70 68 67 65 65 65 67 68 66 68 64 63 62 63 63 59 63 60 64 66 66 64 63 62 63 62 62 62 62 63 62 63 64 64 63 60 56 57 52 55 57 57 55 60 57 58 49 49 56 56 56 57 59 62 61 60 63 62 59 59 60 60 62 60 57 55
70 67 64 68 64 63 61 61 63 60 60 60 60 61 62 63 67 67 67 69 70 70 70 71 69 68 71 71 69 65 69 68 67 66 67 67 67 67 68 67 64 65 64 63 63 61 64 64 60 62 66 65 70 64 65 63 63 63 60 61 65 64 65 64 62 60 57 57 52 53 56 56 56 56 61 56 54 57 51 57 58 57 55 58 57 58 64 61 61 59 59 62 63 58 55 57
65 65 63 68 64 63 61 61 63 62 64 61 61 66 71 70 70 71 70 68 69 70 71 71 72 70 73 70 71 68 65 65 67 66 64 63 67 68 68 67 66 66 65 64 65 65 66 62 60 63 65 66 70 71 67 65 63 63 63 62 65 65 67 63 61 58 55 54 55 52 54 57 55 55 54 56 53 57 52 56 56 55 56 58 57 58 57 60 63 62 61 63 58 56 55 58
66 67 66 63 67 64 61 61 61 63 67 64 66 69 71 69 71 71 69 71 69 70 72 73 72 70 74 69 72 73 69 66 65 65 65 66 65 70 69 69 68 67 66 66 67 68 66 67 65 62 63 65 69 69 70 67 63 63 62 62 67 66 67 65 58 57 57 59 57 52 57 57 56 57 57 57 57 57 53 51 52 54 55 57 56 57 58 59 69 69 64 62 60 58 56 57
64 68 69 62 64 64 61 62 63 67 66 68 68 70 66 65 64 64 68 69 70 69 71 72 73 71 73 72 72 72 68 69 67 67 67 68 68 65 70 70 68 67 69 68 69 67 70 67 65 64 63 66 67 67 69 68 65 63 64 64 64 66 62 60 57 58 58 57 55 51 58 58 56 56 60 59 59 56 56 51 50 53 55 55 55 58 67 61 66 66 64 63 62 61 67 57
70 71 71 67 63 60 60 62 63 64 67 65 70 64 63 62 63 63 66 68 68 69 71 71 74 74 73 73 73 72 69 72 71 69 71 71 70 67 70 72 72 73 72 70 70 71 71 66 67 68 67 66 68 66 65 68 68 65 65 65 64 63 62 58 57 56 56 53 57 51 55 54 57 57 59 61 59 59 57 53 53 51 51 57 58 61 69 65 68 73 69 67 61 63 63 58
71 68 67 67 66 68 63 60 65 65 62 62 62 62 66 64 63 63 62 66 66 67 69 73 72 73 73 72 73 69 72 72 71 72 69 71 72 70 71 74 73 74 75 74 72 73 71 69 71 71 69 68 68 68 64 65 67 69 67 67 67 66 65 60 59 56 54 52 57 58 52 58 56 55 55 57 60 60 58 53 53 52 53 59 57 59 70 68 70 74 68 65 63 64 60 57
67 69 67 65 65 61 59 60 62 60 61 63 64 67 69 66 67 67 67 64 66 68 67 71 72 73 73 73 72 71 73 71 72 72 71 73 73 69 73 76 72 74 75 73 72 74 71 73 72 71 69 69 69 68 65 65 66 67 65 65 72 65 63 62 56 54 55 57 56 53 51 57 56 56 55 55 56 55 56 55 53 52 52 56 57 64 71 65 68 66 68 65 63 65 62 60
65 68 66 63 62 60 59 59 59 62 62 64 64 72 70 68 69 69 67 67 67 67 71 71 73 72 73 73 73 71 73 71 75 74 74 76 76 72 72 71 75 75 76 74 76 71 70 74 75 72 71 70 71 69 67 64 66 67 64 66 68 63 63 59 55 56 62 60 58 53 53 60 58 61 57 60 59 56 57 54 53 55 56 57 57 62 67 64 63 64 74 69 67 63 63 70
66 66 62 65 61 59 57 62 61 60 62 64 64 69 68 66 67 68 67 67 65 66 68 68 71 70 71 73 72 70 72 74 74 78 75 77 79 76 75 75 75 80 78 76 75 74 73 74 76 77 74 71 69 69 69 63 64 64 62 68 63 64 64 56 60 69 66 57 53 54 57 62 63 61 61 63 65 62 61 56 54 55 57 59 55 59 61 62 59 68 68 77 76 66 67 71
65 62 61 64 60 58 58 60 60 60 61 64 64 67 68 63 68 69 67 69 66 68 67 67 69 67 68 70 71 72 71 75 76 76 78 76 79 80 77 80 79 78 79 77 75 77 76 76 80 78 75 74 73 73 69 68 66 66 59 60 59 62 62 55 62 64 61 55 54 54 58 63 63 64 65 66 66 61 62 57 60 60 56 65 60 59 58 59 61 68 68 70 68 75 74 78
63 60 61 61 60 57 61 61 65 61 56 63 64 64 64 64 68 67 70 70 68 68 67 67 68 70 68 69 71 71 73 75 75 77 78 79 82 83 80 80 80 82 80 79 77 75 77 79 80 80 75 76 75 74 71 69 69 70 62 59 61 62 61 57 66 67 60 60 57 53 52 59 59 63 66 65 62 62 58 58 62 66 60 62 63 61 62 62 60 60 65 63 64 69 72 76
63 65 62 61 61 58 59 58 57 57 57 58 59 62 62 63 65 67 70 70 69 68 68 67 68 68 69 69 69 71 73 75 77 78 76 75 78 81 84 83 83 82 79 81 79 74 78 82 81 81 80 78 80 78 78 76 73 72 66 65 60 59 56 58 59 65 66 65 61 56 55 56 61 60 60 66 64 61 59 57 60 63 66 63 62 64 61 67 65 62 68 66 67 67 70 73
64 64 64 62 61 58 59 57 56 56 56 58 58 59 65 64 65 66 68 70 66 68 68 67 67 66 67 69 72 70 72 74 74 76 79 77 83 80 85 88 88 88 84 81 86 80 81 84 82 83 84 83 81 80 81 78 80 78 71 67 64 59 58 60 60 59 64 63 63 63 61 53 54 60 62 66 64 62 59 58 57 60 64 64 60 62 66 61 66 67 70 69 74 69 69 77
63 64 67 62 61 59 56 55 56 58 60 61 63 59 62 63 63 64 66 65 65 65 65 65 65 63 66 73 71 71 74 75 75 76 75 81 84 86 83 93 94 93 93 86 87 87 86 85 83 86 86 88 87 86 82 82 82 78 73 64 64 65 58 59 61 59 58 62 58 57 55 61 54 56 59 64 64 62 60 59 56 62 60 60 60 62 66 62 66 67 73 75 77 71 72 76
63 63 63 62 59 58 54 57 57 59 61 61 61 60 60 63 65 63 63 65 65 66 67 66 64 66 67 72 73 71 72 75 76 76 79 78 82 87 87 87 94 99 96 93 90 90 89 89 86 86 89 87 85 86 85 85 84 77 73 73 65 65 59 61 60 58 59 58 60 57 58 58 60 53 59 61 64 61 62 56 57 60 60 60 61 64 65 67 65 65 68 83 78 82 72 82
60 60 59 58 58 56 54 56 56 56 60 61 60 61 61 60 62 62 62 64 63 63 63 64 64 65 67 69 73 72 73 74 74 76 75 83 81 83 88 90 93 95 98 97 96 96 96 97 94 93 94 91 88 88 86 86 87 83 78 78 72 63 66 63 60 59 57 57 58 59 62 57 57 56 61 59 58 59 58 60 58 58 61 60 60 63 64 70 67 67 69 72 82 78 76 73
59 59 58 58 58 56 54 55 57 58 60 60 61 61 61 61 61 62 62 63 62 61 63 63 64 64 65 72 74 75 73 75 78 80 84 82 83 85 88 92 92 99 101 103 102 102 106 105 105 102 98 96 94 92 91 90 83 81 78 73 71 62 66 68 59 58 59 58 58 58 58 58 54 53 57 57 59 61 63 59 60 59 62 63 65 64 64 64 65 72 75 82 84 79 72 73
59 59 57 58 57 55 54 55 58 58 59 59 60 61 63 61 61 60 61 61 60 61 63 64 64 65 69 72 76 74 74 74 75 76 81 88 90 92 97 94 99 99 102 107 107 107 108 114 109 104 102 97 94 96 91 90 89 80 75 69 67 67 69 65 59 61 62 61 59 59 60 58 55 54 54 58 59 61 63 60 61 61 60 64 65 66 68 73 69 70 78 79 74 73 74 73
59 59 57 57 56 55 54 55 58 57 58 61 59 60 61 60 61 60 60 61 61 60 62 64 63 65 66 73 69 75 75 74 76 80 85 87 89 95 99 98 97 101 107 112 110 110 114 113 110 109 106 103 97 99 95 90 85 82 77 77 71 71 65 61 57 66 65 66 61 61 60 59 59 55 56 57 57 61 63 61 61 61 63 62 63 65 67 70 75 72 80 88 80 77 81 76
58 57 57 55 55 55 52 53 52 55 56 59 58 59 59 59 59 58 59 59 61 61 62 61 63 65 65 66 69 72 73 76 77 81 82 85 93 96 99 105 104 108 113 117 115 115 114 112 112 113 109 105 101 99 95 91 89 84 82 80 70 66 63 60 60 66 67 70 66 62 62 59 59 58 57 57 57 59 61 63 61 61 63 63 64 66 70 71 74 85 80 90 90 83 80 81
57 55 57 55 54 53 54 53 55 55 56 58 60 58 58 57 57 58 58 58 59 59 61 63 64 65 66 69 69 70 73 77 79 83 86 90 94 96 99 103 109 111 115 120 118 115 117 115 118 120 114 107 100 98 94 90 89 86 81 78 74 73 68 68 66 68 70 69 66 65 61 60 60 58 57 57 57 60 63 64 62 64 64 66 66 66 72 72 77 86 86 83 84 81 84 77
57 57 55 55 56 56 57 55 56 56 56 58 58 59 58 56 56 57 58 59 60 61 61 63 61 63 66 70 72 71 73 73 76 81 86 90 94 96 97 101 104 110 116 120 118 117 117 116 115 113 111 101 100 101 97 91 90 89 86 77 79 75 70 73 68 69 70 69 68 73 66 61 60 60 59 57 60 61 63 63 63 63 63 65 69 70 69 71 80 83 85 89 90 83 80 81
57 55 55 55 57 58 59 57 56 57 56 56 55 56 56 55 56 58 59 59 59 60 61 60 61 63 63 63 68 65 67 72 81 82 87 91 89 90 96 97 103 112 119 121 122 117 118 117 115 112 107 105 103 100 96 93 92 87 85 84 83 76 73 73 69 77 72 73 68 65 65 62 61 60 61 58 60 61 62 64 64 65 63 64 69 68 73 74 76 81 84 86 92 84 85 88
56 55 55 54 57 57 59 59 57 55 56 56 56 56 59 56 57 57 59 59 57 58 58 58 61 63 64 64 64 64 68 70 77 81 85 83 84 87 95 101 103 110 114 121 117 115 115 113 113 112 111 107 104 101 97 96 90 88 88 87 85 80 82 79 72 75 74 72 68 70 70 64 64 66 64 59 61 63 65 66 67 65 66 64 66 68 77 75 81 79 81 79 83 90 92 97
57 58 55 53 55 57 58 58 58 54 56 56 56 58 59 57 58 58 60 57 59 58 58 57 60 60 61 65 64 65 67 72 74 78 79 86 86 87 95 101 100 106 112 114 112 115 117 112 106 104 106 106 103 101 97 96 92 88 91 89 83 83 82 79 77 75 76 72 72 74 70 68 71 69 65 61 60 63 64 64 67 67 68 68 68 72 73 75 77 77 79 79 87 98 93 99
55 57 54 54 56 60 59 58 58 57 55 55 55 56 58 59 58 57 58 58 58 58 57 57 61 62 65 63 64 61 65 73 77 74 73 79 85 87 93 97 97 104 108 109 109 109 114 117 107 103 102 103 103 101 101 96 91 92 91 87 86 83 83 82 80 77 78 78 74 76 74 70 74 70 65 62 63 62 64 64 65 69 63 66 64 68 67 73 75 77 81 83 89 93 92 100
58 58 57 54 56 58 56 56 57 55 54 57 55 54 57 59 58 58 59 59 57 57 57 60 62 60 63 63 60 59 66 69 75 68 73 80 83 89 92 95 100 102 101 105 108 106 114 112 105 103 105 107 103 103 102 96 92 94 92 88 87 85 83 82 80 81 75 77 72 76 74 73 69 70 64 64 66 63 63 63 63 62 62 62 62 67 73 78 82 82 83 86 94 101 104 95
