Climate/data/grids_germany_multi_annual_precipitation_1981-2010_09.asc
NCOLS 654
NROWS 866
XLLCORNER 3280414.711633467
YLLCORNER 5237500.62890625
CELLSIZE 1000
NODATA_VALUE -999
[rows 408 to 458 of 866, columns 288 to 383 of 654]
67 78 69 67 66 68 69 66 64 68 65 62 62 69 66 64 67 65 63 61 61 63 64 63 63 61 61 60 60 56 56 55 56 57 59 59 63 60 69 70 69 69 68 64 59 58 59 54 53 55 58 61 62 64 65 67 57 60 61 62 50 47 50 51 51 53 54 57 50 47 46 46 46 43 43 46 48 46 50 50 48 49 49 48 48 46 43 42 42 42 43 45 43 43 44 43
65 68 62 66 68 68 69 60 64 61 62 62 79 75 76 68 74 72 67 65 66 63 64 61 61 60 59 60 61 56 55 54 58 58 59 62 59 67 73 71 70 69 64 59 63 55 55 54 52 51 52 57 57 60 63 65 66 62 61 53 51 52 48 48 50 52 55 55 53 49 45 44 44 45 44 44 43 45 46 45 44 46 47 46 46 45 43 43 42 43 43 43 43 43 44 45
64 70 66 70 72 66 68 63 66 64 81 69 65 73 75 74 77 75 77 78 66 64 66 63 62 61 58 58 60 56 52 55 56 55 56 56 60 71 71 67 67 66 65 59 60 53 57 56 52 52 55 54 56 56 62 61 63 55 52 49 61 62 52 48 47 45 50 50 53 51 49 47 46 48 51 47 46 47 45 44 44 44 45 44 44 45 45 44 44 43 43 44 44 44 44 45
67 73 67 78 72 68 65 62 77 79 75 76 74 67 70 73 78 71 73 76 81 69 66 73 68 63 61 60 58 56 55 53 50 53 55 59 71 68 65 63 61 61 59 65 64 56 54 49 48 52 53 54 54 56 57 60 61 56 49 56 58 62 50 52 49 46 46 45 46 49 51 45 46 50 53 54 52 47 45 44 44 44 45 44 44 44 45 44 44 44 44 45 45 45 46 46
70 72 69 83 86 79 67 64 64 80 79 78 70 74 68 65 67 71 75 74 79 78 72 72 69 65 63 69 65 66 61 58 56 56 66 67 67 64 60 60 61 57 62 63 63 61 59 56 55 47 51 52 52 54 56 57 58 58 56 57 58 61 59 59 57 50 49 53 46 47 46 48 51 46 47 50 52 54 46 45 44 44 44 44 44 44 46 46 45 45 45 45 45 45 46 48
70 82 71 87 83 74 67 69 72 68 81 80 79 77 76 74 72 68 76 75 78 74 71 70 68 67 73 69 73 71 67 67 62 64 64 63 63 60 56 57 58 62 61 63 64 60 59 56 52 51 49 53 54 54 53 56 55 56 55 51 58 62 59 58 55 53 54 53 56 53 49 52 47 46 51 57 52 50 51 47 43 44 44 44 44 45 45 46 49 50 50 46 45 46 47 46
69 74 83 83 81 69 79 72 69 64 65 76 77 78 81 77 75 76 77 76 75 74 68 71 71 70 71 75 73 70 67 64 63 63 64 62 63 59 57 57 62 62 62 64 61 57 55 55 51 50 51 51 52 53 52 51 52 53 50 50 52 54 59 59 59 59 59 56 53 59 56 60 57 52 51 55 55 55 53 53 51 45 45 45 45 46 46 48 51 51 51 49 49 47 47 47
77 70 71 78 78 68 74 79 78 75 72 77 77 77 80 81 77 79 76 75 74 69 67 65 66 67 69 70 73 73 70 69 66 64 63 64 64 63 61 61 63 61 62 63 60 57 53 53 50 50 49 54 50 50 50 50 49 50 50 50 49 52 57 59 59 59 58 57 53 57 59 56 51 51 46 52 50 51 53 55 50 48 48 45 46 46 47 48 49 53 54 52 51 50 48 47
76 70 67 66 65 70 79 81 80 72 70 73 77 73 76 76 81 81 77 73 73 69 69 65 63 66 66 68 69 69 67 67 68 67 68 66 66 63 64 66 63 61 58 60 59 56 53 51 51 51 48 47 47 50 50 49 49 49 49 48 46 49 51 56 57 59 57 56 55 56 57 55 54 52 50 48 47 47 50 48 48 50 45 47 47 46 48 47 48 50 52 57 53 53 52 50
67 70 73 66 67 65 65 69 77 80 76 64 69 65 68 71 77 83 82 76 74 74 70 66 63 65 65 65 65 67 66 63 64 66 66 66 66 66 66 65 63 61 59 59 58 58 55 51 48 47 45 45 45 46 48 51 50 49 47 46 48 49 49 52 56 57 57 54 54 52 53 53 52 48 48 45 45 49 50 48 46 46 44 50 50 48 47 46 48 50 51 56 56 55 52 54
61 69 67 71 78 71 70 68 69 75 69 74 64 66 64 67 72 80 78 80 77 74 73 69 65 67 60 63 64 62 60 61 63 63 65 63 59 59 61 61 61 60 60 57 56 57 53 52 50 49 46 43 43 44 46 50 50 52 50 49 46 47 49 51 52 54 55 54 53 51 51 50 48 46 46 43 45 49 46 46 45 44 45 45 46 50 48 47 48 49 53 54 59 54 56 55
71 72 78 76 71 71 78 69 68 65 66 67 66 62 65 67 79 81 75 79 77 74 73 71 71 70 69 63 64 60 60 60 63 63 61 59 59 58 56 60 57 59 59 57 56 55 54 53 50 47 45 46 44 45 47 48 50 51 51 49 47 46 50 51 52 53 53 53 51 49 47 46 53 44 44 43 45 44 45 44 44 45 45 45 45 46 51 49 47 48 50 54 56 58 58 54
66 67 70 67 66 83 78 77 65 64 73 66 67 64 79 79 80 77 77 77 79 74 72 73 70 69 68 66 64 62 57 57 59 59 59 58 57 58 58 57 58 55 57 54 54 53 52 52 50 50 48 45 45 45 47 51 50 50 49 47 49 46 47 51 51 51 50 52 49 48 48 48 46 45 46 46 44 43 44 44 44 45 45 46 45 47 47 50 49 50 50 54 55 60 59 56
63 67 76 77 78 86 76 67 61 65 66 62 64 64 78 75 77 75 72 74 78 73 72 69 68 69 65 62 61 61 60 60 54 55 55 53 60 57 57 57 59 60 57 53 52 53 52 49 50 52 49 46 46 46 49 51 51 51 51 50 47 47 47 45 47 47 48 48 48 48 45 44 46 47 48 46 46 46 46 44 44 45 45 45 45 47 47 49 51 53 54 54 54 58 58 57
60 59 60 71 79 84 69 69 65 59 68 63 60 64 78 65 73 70 68 70 76 67 71 67 66 66 63 60 60 59 56 56 56 56 54 54 63 62 60 58 58 56 54 53 50 50 50 49 53 52 52 48 50 49 50 51 51 51 51 49 50 50 50 46 45 47 46 45 44 44 47 45 46 46 47 47 46 47 46 44 44 44 45 45 45 46 46 47 50 51 56 57 56 59 60 60
65 58 63 86 91 82 76 71 72 63 63 67 61 69 77 61 62 68 72 77 74 77 75 69 64 63 64 62 59 58 58 56 54 51 51 53 57 57 58 58 55 52 51 52 50 50 47 52 52 54 56 53 54 52 53 52 52 51 51 52 50 50 51 48 46 46 43 43 43 43 44 44 46 47 47 45 44 45 44 44 43 44 45 45 45 45 48 48 50 52 55 59 56 58 59 60
59 63 69 67 75 70 87 72 71 69 64 67 58 66 71 62 77 68 77 81 81 81 76 73 68 64 63 63 62 61 58 56 54 52 52 52 54 52 54 56 53 52 49 48 46 46 47 51 48 50 55 57 56 54 54 53 52 52 52 51 51 50 50 50 48 47 45 42 42 42 43 46 47 44 44 44 43 44 44 43 43 44 46 48 47 47 48 49 50 51 54 55 54 60 57 58
60 60 65 67 69 75 75 63 64 75 63 63 55 59 72 60 77 75 77 76 80 79 79 75 70 66 65 64 64 62 57 55 51 52 52 52 52 50 50 50 48 47 48 48 47 47 50 51 52 54 54 53 53 54 56 56 54 55 53 52 52 52 50 50 48 47 44 42 42 43 42 43 44 45 43 43 43 41 41 43 43 45 46 47 48 49 50 51 52 51 52 52 53 53 53 55
57 63 61 66 68 73 75 65 67 65 61 57 68 70 59 64 66 76 68 78 78 76 76 74 72 71 67 66 64 61 57 55 52 51 51 50 51 50 48 51 49 48 49 49 50 48 51 53 54 54 53 55 53 51 53 56 56 52 52 51 51 51 50 48 48 46 45 43 44 43 43 43 44 45 44 45 45 43 44 45 43 43 45 45 46 48 50 51 51 51 52 52 53 53 52 52
58 58 58 57 61 62 64 66 63 67 55 67 70 69 68 64 65 62 75 69 75 79 76 74 74 71 69 67 63 61 57 56 53 52 49 48 49 47 47 49 49 49 50 51 49 52 53 54 55 52 53 56 54 53 51 51 52 52 51 50 50 47 46 49 47 46 45 46 47 45 46 46 46 43 43 44 44 44 44 44 43 43 44 46 46 47 49 51 52 51 50 50 50 50 51 51
64 58 56 54 54 55 55 55 55 64 55 69 64 67 79 75 70 79 63 79 79 79 78 75 72 74 71 67 63 61 55 54 55 53 53 51 49 49 47 47 47 50 50 49 49 49 51 52 52 50 51 53 56 54 50 46 51 52 48 47 47 46 45 46 46 46 46 46 45 45 44 44 42 43 43 44 45 45 44 43 43 43 45 46 46 46 50 51 51 51 50 51 51 53 54 53
65 57 57 56 54 55 54 54 54 57 54 56 57 66 73 81 75 78 77 67 70 76 77 76 77 75 71 67 63 59 56 54 53 52 51 49 47 49 47 47 46 47 49 49 49 50 51 50 49 48 48 50 53 55 53 50 45 49 49 49 49 48 48 47 47 44 45 44 43 43 44 45 46 43 46 46 46 46 47 43 43 45 44 47 46 47 47 49 49 50 50 50 51 52 54 54
62 58 61 61 56 56 55 55 55 54 55 57 57 61 66 70 81 71 75 77 79 79 80 77 76 73 73 67 62 59 56 57 53 53 52 53 50 48 47 47 50 50 46 48 49 48 47 48 48 46 49 49 49 50 51 49 48 47 47 48 49 49 47 46 46 45 46 45 44 43 43 44 44 45 44 44 47 45 44 44 44 45 45 47 47 46 48 48 47 49 49 49 50 51 53 53
59 58 59 61 60 55 59 59 55 55 55 66 65 58 61 65 66 82 79 74 71 72 80 82 81 79 70 70 65 59 58 56 54 53 52 51 52 50 48 48 46 46 46 46 48 47 48 47 46 50 50 49 48 47 46 48 47 47 46 46 50 48 48 48 46 46 46 43 43 43 43 44 45 46 45 44 43 44 44 45 44 45 45 47 47 47 46 46 47 47 49 49 49 50 51 50
61 60 62 60 60 59 60 56 58 64 69 65 58 58 68 81 81 80 72 72 75 76 78 80 79 79 75 72 65 59 57 53 52 53 52 51 49 49 49 48 46 46 46 46 45 44 46 48 51 52 50 50 49 46 48 48 47 48 47 46 46 48 47 45 43 43 45 46 45 42 42 43 45 43 43 43 43 43 44 45 45 45 45 47 47 48 47 46 45 45 47 49 49 49 49 49
65 59 63 61 63 62 59 59 64 66 65 66 58 56 68 73 73 78 77 75 72 79 76 78 77 82 77 76 66 59 58 56 53 51 51 50 51 50 49 48 46 47 46 46 45 45 47 47 51 51 52 50 49 49 49 48 48 47 47 47 47 45 45 43 43 43 44 44 44 42 42 43 43 43 41 42 43 43 44 45 45 46 47 48 49 47 46 46 46 46 46 47 49 49 48 48
61 61 64 63 65 71 67 63 60 64 64 68 62 55 56 67 64 67 69 78 80 80 78 70 67 69 79 66 65 62 57 56 54 52 51 51 51 50 51 50 48 47 48 47 47 46 46 47 50 48 52 51 49 49 49 50 48 50 48 47 46 45 43 43 43 43 44 44 42 42 43 43 44 44 43 42 43 45 47 44 46 45 48 49 51 49 48 46 46 46 47 48 49 50 48 47
60 65 64 62 66 73 76 71 64 65 67 63 64 56 54 57 64 61 66 72 66 76 74 75 65 69 76 72 69 64 60 57 56 54 52 53 50 49 48 49 48 47 48 48 46 46 45 45 48 48 49 50 52 51 51 48 48 47 47 45 45 43 43 43 43 43 43 44 44 45 43 43 43 43 44 44 44 45 46 44 45 46 49 49 49 50 47 48 46 46 46 45 46 47 48 48
64 73 67 65 67 69 69 66 69 67 65 61 64 56 54 56 56 54 53 63 63 65 74 73 70 64 75 75 72 65 61 59 57 56 53 50 49 50 49 48 48 49 48 47 48 47 44 44 46 46 48 51 51 51 51 50 47 45 45 45 43 43 43 43 43 44 43 44 44 44 42 43 43 44 43 42 42 44 44 44 46 47 47 48 49 49 48 47 50 48 48 46 46 46 46 47
66 66 74 68 68 74 72 72 69 65 64 65 67 69 61 56 59 64 55 58 60 67 68 67 66 62 71 76 71 67 64 63 59 57 56 53 51 49 49 51 50 48 49 47 47 48 48 46 46 45 46 47 49 45 47 45 46 45 46 46 45 45 45 44 44 44 43 44 44 44 43 42 45 44 43 41 43 42 43 43 45 45 47 47 49 49 49 48 49 49 48 48 47 46 48 48
57 62 62 65 63 64 79 75 83 83 79 66 63 70 68 66 63 58 66 55 54 55 56 67 66 63 71 77 75 71 68 65 64 60 57 55 52 50 52 51 51 49 50 48 48 48 47 46 47 45 45 44 45 48 49 49 48 48 49 49 46 45 42 42 42 43 43 43 43 45 44 43 43 43 43 41 41 43 44 44 44 45 45 47 48 50 48 48 48 50 50 49 47 46 49 49
64 68 75 64 66 61 64 72 76 79 79 65 69 81 80 68 62 61 75 70 65 63 61 68 64 67 71 68 76 74 70 69 67 66 61 57 57 55 54 53 52 51 50 51 51 49 48 47 45 46 44 46 44 46 48 49 50 50 51 49 48 45 43 42 42 42 43 43 44 45 43 44 43 43 43 42 44 43 44 44 44 45 45 45 46 47 48 48 47 48 48 47 47 46 47 48
65 69 73 76 75 67 62 63 67 73 75 78 77 75 74 75 62 73 74 73 57 62 59 59 55 62 58 64 74 76 75 74 70 69 65 63 59 58 58 55 55 52 53 51 51 48 50 49 48 48 46 45 44 48 47 48 49 49 47 47 47 46 43 43 42 42 43 43 43 44 43 45 43 43 43 44 43 43 44 45 45 45 45 45 45 45 46 45 46 46 45 46 46 46 46 47
60 63 79 74 75 74 70 69 64 64 67 71 72 67 75 72 63 78 70 66 69 59 62 54 56 54 65 68 71 72 74 76 72 73 71 66 63 62 59 58 56 55 53 52 51 52 52 51 49 47 49 45 47 45 47 46 48 48 46 45 45 43 42 43 43 42 42 43 43 43 43 43 46 45 43 43 43 43 44 45 45 45 46 46 47 46 45 46 46 45 46 47 47 47 47 47
61 64 65 70 73 69 70 68 71 66 61 65 62 67 71 73 62 74 72 71 67 64 57 55 55 56 59 70 66 68 75 78 78 76 73 69 67 64 62 62 58 57 54 53 54 53 52 50 49 48 49 46 48 48 51 51 48 47 46 46 45 46 43 43 43 43 42 43 43 43 43 43 43 44 43 43 45 44 44 45 45 45 46 46 46 46 47 47 47 46 47 47 47 46 47 47
62 58 68 68 72 66 67 67 70 68 68 65 63 67 67 69 69 71 70 68 56 64 64 60 61 60 60 63 72 72 65 75 76 75 74 73 69 67 64 63 63 62 59 56 55 54 53 53 51 51 50 50 50 54 59 61 51 49 47 45 44 44 44 43 44 44 42 43 43 43 43 43 43 44 45 45 45 47 47 47 47 46 45 46 46 48 48 49 48 49 47 47 47 47 47 48
64 61 69 64 70 64 62 66 69 69 72 70 64 64 59 60 65 63 69 57 57 68 63 64 64 64 59 62 62 65 66 77 78 77 72 72 71 68 63 61 63 63 61 60 57 55 54 54 53 55 52 51 52 56 59 63 61 51 48 47 46 46 46 44 44 42 42 43 42 43 43 43 43 44 44 45 45 47 47 47 47 46 46 45 46 48 49 50 50 50 49 49 49 47 47 49
62 64 59 66 61 68 67 69 69 67 69 71 72 69 66 59 56 56 56 62 67 71 67 68 68 69 64 62 63 68 74 70 69 73 74 70 67 67 63 59 59 59 60 60 59 58 57 54 55 55 53 50 52 56 58 59 61 60 51 48 47 47 45 44 44 46 44 42 42 42 43 44 44 46 44 45 45 47 47 49 47 47 47 45 46 51 53 53 53 53 51 50 50 49 49 49
63 64 59 60 63 69 69 62 68 61 72 71 73 69 69 67 58 55 57 57 60 69 69 66 70 69 67 67 64 66 68 74 75 67 65 69 68 64 61 59 57 56 56 59 60 60 57 57 55 54 51 51 51 52 54 55 57 58 58 55 52 49 50 50 47 45 47 45 42 43 43 45 44 48 45 46 47 49 49 47 46 46 47 47 46 49 53 56 56 54 52 52 51 51 51 52
67 60 61 62 64 74 61 62 58 64 67 67 72 70 65 63 58 56 58 56 64 67 66 68 68 68 64 63 63 66 72 72 70 64 62 62 62 59 59 58 57 56 55 55 57 59 57 55 52 52 54 51 52 50 50 51 50 53 54 56 55 56 56 56 53 50 48 45 44 44 44 45 47 46 45 45 46 47 48 46 45 45 45 48 48 46 48 49 53 59 59 58 56 55 54 53
63 62 59 61 65 65 59 57 59 57 59 64 65 71 71 63 59 56 57 60 57 63 61 64 67 66 67 64 62 62 63 65 69 69 63 59 59 57 58 57 58 59 58 53 53 53 53 54 52 53 51 51 51 49 48 48 48 49 51 54 54 54 53 55 53 52 51 49 49 45 45 47 46 46 45 46 46 46 47 47 47 45 45 45 46 47 48 46 50 53 59 59 55 54 53 51
60 62 62 66 70 61 62 59 60 59 57 59 58 65 66 74 67 60 61 60 60 59 64 63 65 67 65 64 63 62 61 62 64 65 64 62 58 56 57 56 58 59 59 56 53 52 51 51 50 50 50 50 50 49 50 48 47 48 50 50 54 52 52 51 52 50 51 51 51 46 46 46 46 45 47 45 46 47 45 47 47 46 45 45 46 45 45 47 50 49 51 51 50 50 50 49
69 63 64 66 66 62 63 62 57 54 54 54 54 58 57 58 54 56 55 65 62 64 66 61 63 64 66 66 63 63 61 60 62 64 65 62 59 57 57 54 56 56 56 54 51 52 49 49 49 49 50 50 49 49 48 49 45 49 50 50 51 52 52 52 50 49 50 51 50 47 45 45 46 46 45 45 46 47 45 46 48 49 46 48 46 47 48 49 49 50 50 48 48 47 48 48
66 67 64 60 59 57 62 59 54 57 54 57 53 57 56 55 53 57 56 61 63 65 61 59 62 64 65 63 61 59 60 60 64 65 64 63 61 59 56 53 52 52 52 53 52 52 53 50 49 49 51 50 51 49 51 48 47 48 49 49 51 51 52 50 49 49 49 49 50 47 46 47 47 47 45 45 45 48 48 46 47 47 50 49 48 49 49 48 48 48 48 49 47 47 47 48
60 65 62 65 65 57 58 55 53 55 63 61 56 61 61 59 61 62 68 58 55 60 63 59 60 62 65 63 62 59 60 59 61 63 63 62 58 56 53 55 55 54 53 51 53 56 55 54 50 49 50 50 51 50 50 48 48 47 48 49 50 50 50 50 49 49 49 48 50 50 49 48 48 45 45 45 46 47 48 46 48 49 50 49 50 50 49 47 49 50 49 50 48 48 47 48
60 57 56 65 61 57 51 51 57 61 61 56 58 60 60 64 60 62 65 63 60 60 58 58 58 58 61 59 64 63 61 60 59 59 58 57 61 61 61 61 59 55 53 51 53 56 59 57 51 53 50 50 51 50 50 48 48 48 47 48 49 48 49 49 49 48 48 48 48 50 51 50 48 48 47 47 47 46 49 49 49 51 52 50 51 50 49 48 48 50 49 49 49 48 50 49
63 62 58 58 61 56 54 49 51 53 60 56 57 61 62 64 68 66 68 65 57 65 60 66 59 64 59 63 63 68 68 69 65 63 62 61 62 62 63 65 63 58 54 54 56 59 61 63 59 56 51 50 50 50 50 48 49 49 49 49 49 48 49 48 49 49 48 48 50 49 49 49 49 47 51 50 48 49 50 50 50 51 53 52 53 52 53 52 53 52 53 51 50 49 51 50
61 58 56 57 53 54 49 49 50 54 59 58 56 64 57 62 63 65 67 67 62 66 65 64 64 64 67 62 60 60 64 65 68 69 73 65 63 61 63 65 64 59 57 57 59 59 60 59 59 54 52 50 51 51 49 49 47 47 48 49 49 50 50 51 49 49 49 51 51 48 49 49 46 50 53 54 54 51 50 50 52 51 53 53 53 56 55 55 56 55 54 53 51 49 50 51
62 60 56 55 55 51 50 51 50 57 60 61 61 58 57 61 60 71 69 69 69 66 65 65 71 73 64 71 62 61 65 60 62 64 63 65 61 60 60 60 60 59 55 56 56 55 56 57 57 54 52 53 51 50 48 46 45 46 47 48 49 50 50 51 50 50 49 51 51 49 48 46 50 51 54 55 54 52 55 52 53 55 55 55 56 56 57 57 57 53 53 51 51 51 51 51
58 55 53 52 52 51 51 51 50 54 56 57 59 60 60 60 61 60 64 64 63 65 68 69 76 70 71 66 67 65 68 65 64 63 63 63 61 60 59 58 58 56 55 57 59 58 57 55 55 51 52 51 53 52 49 46 46 46 47 48 48 50 50 49 50 49 50 50 48 48 48 46 52 53 53 54 56 56 57 56 58 58 58 58 48 61 61 61 60 58 55 53 51 53 52 51
58 54 54 53 52 52 53 52 54 52 56 56 57 61 65 66 61 62 61 63 62 64 69 67 77 70 70 73 71 67 72 71 65 69 71 61 66 64 60 59 57 56 57 55 56 54 54 51 49 51 52 52 53 52 52 56 55 55 47 48 48 49 49 49 49 49 47 46 46 47 47 45 47 50 52 51 53 55 56 57 57 59 59 59 60 62 61 61 61 60 59 59 56 50 52 48
