Climate/data/grids_germany_multi_annual_precipitation_1981-2010_13.asc
NCOLS 654
NROWS 866
XLLCORNER 3280414.711633467
YLLCORNER 5237500.62890625
CELLSIZE 1000
NODATA_VALUE -999
[rows 779 to 819 of 866, columns 94 to 187 of 654]
-999 -999 -999 -999 -999 -999 -999 -999 -999 -999 -999 -999 -999 -999 -999 -999 -999 -999 -999 183 185 188 191 200 203 221 214 213 213 213 220 219 223 226 229 231 236 239 240 241 244 246 254 259 289 277 283 295 302 322 353 389 434 415 427 422 430 414 363 376 445 429 421 437 430 411 392 396 399 367 374 375 356 333 360 354 339 323 306 295 277 257 244 234 222 217 233 229 223 216 213 212 212 219
-999 -999 -999 -999 -999 -999 -999 -999 -999 -999 -999 -999 -999 -999 -999 -999 -999 -999 -999 181 183 189 189 192 201 210 215 214 213 219 226 218 223 227 232 233 236 237 239 243 247 253 262 272 286 285 314 300 319 314 349 358 404 391 405 423 417 423 372 363 400 412 419 424 418 398 397 386 364 370 346 338 339 339 337 352 337 323 306 297 272 252 243 239 236 225 236 230 223 214 213 219 218 225
-999 -999 -999 -999 -999 -999 -999 -999 -999 -999 -999 -999 -999 -999 -999 -999 -999 -999 -999 171 178 184 193 195 202 209 214 215 216 226 218 219 222 226 232 232 234 238 242 244 246 251 269 268 288 290 314 352 324 353 323 353 379 391 417 418 426 424 430 362 425 415 412 413 407 397 397 409 391 376 379 361 365 340 340 331 333 316 302 294 273 254 243 232 228 227 225 227 217 212 210 212 221 228
-999 -999 -999 -999 -999 -999 -999 -999 -999 -999 -999 -999 -999 -999 -999 -999 -999 -999 -999 -999 173 182 191 193 200 206 209 213 225 218 218 221 224 229 231 231 236 237 239 245 251 260 298 285 298 302 321 382 376 376 377 386 350 374 383 387 415 435 445 396 387 415 407 403 418 413 403 392 372 361 351 362 366 365 320 344 333 319 304 287 274 256 246 234 229 223 227 224 211 206 204 206 214 224
-999 -999 -999 -999 -999 -999 -999 -999 -999 -999 -999 -999 -999 -999 -999 -999 -999 -999 -999 -999 -999 185 190 192 199 206 214 217 223 220 215 222 226 231 235 236 235 233 236 244 255 283 290 335 327 349 330 347 339 333 332 347 364 370 374 369 399 425 440 414 376 389 376 382 384 388 399 400 396 384 380 374 353 325 329 340 329 314 300 289 274 256 251 241 236 223 227 225 212 203 198 202 222 222
-999 -999 -999 -999 -999 -999 -999 -999 -999 -999 -999 -999 -999 -999 -999 -999 -999 -999 -999 -999 -999 -999 190 192 198 205 220 216 215 215 217 220 226 233 237 237 238 237 233 245 248 272 299 302 302 321 302 322 328 307 325 356 379 353 358 370 375 414 426 417 412 373 396 409 409 388 392 386 368 361 349 345 327 337 333 312 321 306 299 288 268 254 252 243 234 223 227 225 211 203 199 207 221 220
-999 -999 -999 -999 -999 -999 -999 -999 -999 -999 -999 -999 -999 -999 -999 -999 -999 -999 -999 -999 -999 -999 189 192 196 201 204 218 212 216 218 219 223 230 234 237 241 240 244 247 264 269 279 297 294 307 315 305 305 324 350 338 324 353 352 345 395 386 410 427 382 389 389 406 404 391 390 388 373 374 360 370 346 320 317 292 292 298 297 285 267 254 252 247 240 222 232 224 211 203 201 204 222 218
-999 -999 -999 -999 -999 -999 -999 -999 -999 -999 -999 -999 -999 -999 -999 -999 -999 -999 -999 -999 -999 -999 189 191 195 197 199 213 210 208 213 217 221 228 234 238 244 247 249 248 253 260 266 280 280 283 290 294 299 316 315 314 358 348 327 359 353 399 389 400 402 407 395 386 389 394 389 378 361 357 358 361 349 313 322 319 311 279 269 271 269 255 245 243 234 231 222 220 210 207 206 220 219 217
-999 -999 -999 -999 -999 -999 -999 -999 -999 -999 -999 -999 -999 -999 -999 -999 -999 -999 -999 -999 -999 -999 189 190 192 195 197 212 208 206 208 214 219 232 237 238 247 246 258 255 292 292 297 280 284 287 292 297 302 313 314 311 340 328 348 370 376 377 376 385 404 396 385 369 390 386 368 356 351 345 339 322 337 325 326 320 311 292 290 268 265 254 242 246 242 231 223 225 216 208 217 215 223 219
-999 -999 -999 -999 -999 -999 -999 -999 -999 -999 -999 -999 -999 -999 -999 -999 -999 -999 -999 -999 -999 -999 188 187 189 190 195 201 205 207 206 211 219 230 242 274 275 257 261 275 285 304 310 318 306 295 299 305 312 310 308 330 339 333 346 332 336 341 380 386 388 367 368 379 348 352 369 362 365 356 343 328 330 334 323 317 311 301 288 277 264 245 242 238 242 235 221 225 216 214 213 213 221 215
-999 -999 -999 -999 -999 -999 -999 -999 -999 -999 -999 -999 -999 -999 -999 -999 -999 -999 -999 -999 -999 -999 188 186 188 192 193 195 203 205 210 215 221 232 246 270 305 267 260 299 293 310 339 302 316 316 318 314 326 322 317 318 314 352 346 368 354 353 382 388 368 367 355 365 355 331 359 356 355 339 336 332 326 332 330 319 309 297 286 277 261 251 242 235 239 235 219 225 217 211 210 213 216 218
-999 -999 -999 -999 -999 -999 -999 -999 -999 -999 -999 -999 -999 -999 -999 -999 -999 -999 -999 -999 -999 184 185 185 186 189 194 195 202 204 211 215 231 248 260 285 286 273 278 298 294 324 323 350 324 356 329 337 360 375 342 361 374 349 381 345 378 370 376 381 364 355 344 330 353 320 344 327 349 348 331 336 329 321 318 313 304 297 285 274 264 254 242 235 282 241 232 216 213 211 213 219 215 215
-999 -999 -999 -999 -999 -999 -999 -999 -999 -999 -999 -999 -999 -999 -999 -999 -999 -999 -999 -999 184 181 182 182 185 190 193 197 202 205 212 232 224 252 282 269 270 286 313 301 319 305 344 330 378 396 366 361 365 379 359 348 344 391 382 378 368 353 348 378 372 358 346 327 352 321 313 331 331 335 326 320 317 308 298 301 300 286 276 267 254 250 243 237 249 246 235 222 209 212 214 212 215 212
-999 -999 -999 -999 -999 -999 -999 -999 -999 -999 -999 -999 -999 -999 -999 -999 -999 -999 -999 -999 183 182 182 180 184 192 197 199 204 209 214 223 243 269 267 264 274 305 314 328 321 315 360 377 423 399 372 381 369 407 397 385 369 348 394 372 349 339 339 355 359 364 347 329 314 307 338 329 325 320 320 316 314 308 300 293 281 277 277 267 257 243 239 239 239 234 229 227 216 216 214 213 212 212
-999 -999 -999 -999 -999 -999 -999 -999 -999 -999 -999 -999 -999 -999 -999 -999 -999 -999 -999 -999 184 181 185 185 190 195 198 200 202 207 213 221 240 256 255 266 288 335 357 369 335 355 402 380 426 393 379 409 410 388 415 440 394 343 338 370 349 335 350 346 365 362 351 348 316 316 333 306 325 312 314 310 308 302 294 289 277 270 265 265 254 248 247 248 240 235 230 227 221 218 216 213 212 209
-999 -999 -999 -999 -999 -999 -999 -999 -999 -999 -999 -999 -999 -999 -999 -999 -999 -999 -999 -999 186 187 190 191 192 195 198 201 201 205 215 225 234 248 263 289 304 297 334 348 375 384 394 374 424 398 406 442 433 419 386 427 424 416 387 353 324 347 353 346 353 360 349 325 324 316 307 313 302 301 311 313 306 297 286 276 267 259 258 258 257 256 260 254 254 253 250 241 235 226 222 216 211 211
-999 -999 -999 -999 -999 -999 -999 -999 -999 -999 -999 -999 -999 -999 -999 -999 -999 -999 -999 -999 188 191 193 193 193 198 204 202 204 210 220 227 245 262 271 293 328 314 330 354 389 425 432 422 405 390 431 472 452 438 411 359 408 418 389 391 363 364 348 347 345 338 338 329 349 325 317 295 299 312 302 315 296 287 275 270 263 258 256 253 243 258 262 260 256 258 257 246 239 231 225 217 214 212
-999 -999 -999 -999 -999 -999 -999 -999 -999 -999 -999 -999 -999 -999 -999 -999 -999 -999 -999 -999 192 194 195 194 193 195 201 202 208 217 226 236 256 277 290 295 304 345 347 391 404 427 466 493 441 437 399 428 426 436 405 373 408 425 412 395 411 386 356 362 361 341 340 363 377 369 338 311 305 320 315 305 291 276 269 261 254 254 255 255 254 251 259 259 257 259 252 248 239 233 223 220 221 218
-999 -999 -999 -999 -999 -999 -999 -999 -999 -999 -999 -999 -999 -999 -999 -999 -999 -999 -999 194 194 193 195 195 197 184 196 204 211 220 228 246 274 291 313 328 339 363 360 344 384 425 468 468 444 461 471 419 373 384 401 365 402 400 396 392 398 379 372 354 347 341 376 354 346 346 359 345 316 303 310 300 282 278 267 252 239 242 246 241 238 240 241 252 251 260 259 248 250 239 227 228 241 242
-999 -999 -999 -999 -999 -999 -999 -999 -999 -999 -999 -999 -999 -999 -999 -999 -999 -999 -999 196 195 195 195 195 195 197 204 207 215 224 237 268 316 340 351 353 350 320 326 366 392 443 479 467 476 493 520 485 407 343 359 379 413 403 395 388 397 379 371 340 370 365 340 338 323 325 330 329 328 290 310 297 280 273 266 243 224 241 249 247 240 240 239 242 249 252 248 253 236 242 238 237 222 233
-999 -999 -999 -999 -999 -999 -999 -999 -999 -999 -999 -999 -999 -999 -999 -999 -999 -999 -999 196 196 196 199 197 195 207 212 220 223 243 251 256 298 306 318 336 318 347 401 369 410 461 480 469 459 482 472 479 454 401 404 418 428 412 408 398 384 396 390 393 363 365 361 353 341 319 323 313 315 307 306 303 284 269 263 251 241 244 251 245 245 246 242 235 251 244 241 244 221 235 228 223 226 251
-999 -999 -999 -999 -999 -999 -999 -999 -999 -999 -999 -999 -999 -999 -999 -999 -999 -999 -999 197 199 201 201 201 208 214 221 222 240 263 289 296 300 288 317 304 333 374 434 385 443 463 453 466 447 453 466 457 450 431 387 384 454 455 444 436 438 424 386 385 385 373 363 342 321 323 318 309 298 288 295 281 281 277 274 267 259 247 250 238 244 243 242 232 246 238 240 237 223 235 225 224 234 222
-999 -999 -999 -999 -999 -999 -999 -999 -999 -999 -999 -999 -999 -999 -999 -999 -999 -999 -999 199 202 199 204 204 213 218 226 233 254 290 308 301 317 325 318 331 384 379 413 412 425 454 442 439 437 453 433 452 399 418 363 419 455 447 428 455 475 452 404 399 381 372 363 357 363 353 322 326 316 312 294 279 252 263 255 248 242 237 236 234 238 239 230 218 241 233 246 241 206 227 234 232 239 223
-999 -999 -999 -999 -999 -999 -999 -999 -999 -999 -999 -999 -999 -999 -999 -999 -999 -999 -999 201 204 207 211 221 218 224 233 246 261 275 311 346 324 335 356 328 351 390 437 469 466 424 419 463 436 401 429 434 395 389 427 462 473 453 472 452 489 456 424 409 381 396 376 380 368 362 359 339 331 311 305 280 263 247 237 214 247 235 236 236 215 242 247 230 225 219 233 221 209 243 234 227 224 221
-999 -999 -999 -999 -999 -999 -999 -999 -999 -999 -999 -999 -999 -999 -999 -999 -999 -999 192 197 204 211 215 227 225 235 247 259 293 293 292 335 373 354 349 337 413 401 443 494 492 463 426 417 462 417 395 378 376 418 470 487 491 484 472 458 470 470 418 397 375 389 395 363 363 376 372 363 345 319 316 294 278 254 245 252 241 238 235 239 232 252 250 249 247 222 220 207 200 219 224 220 225 233
-999 -999 -999 -999 -999 -999 -999 -999 -999 -999 -999 -999 -999 -999 -999 -999 -999 -999 191 198 207 215 225 230 231 249 266 290 310 302 333 339 331 370 389 364 421 498 519 489 475 406 428 449 457 414 387 436 435 447 448 430 446 516 471 461 458 460 447 417 377 363 384 360 362 365 370 364 352 339 332 308 284 253 246 252 254 264 261 263 267 260 264 263 259 254 247 237 206 233 245 223 238 244
-999 -999 -999 -999 -999 -999 -999 -999 -999 -999 -999 -999 -999 -999 -999 -999 -999 -999 198 202 210 216 227 234 250 268 262 286 308 344 342 345 383 379 366 403 444 471 489 476 481 448 434 398 431 411 397 445 442 468 422 451 433 482 483 425 435 470 443 441 398 364 358 358 356 368 373 366 342 313 326 309 289 268 250 233 240 266 266 266 273 270 266 264 263 253 247 246 219 221 212 209 229 247
-999 -999 -999 -999 -999 -999 -999 -999 -999 -999 -999 -999 -999 -999 -999 -999 -999 202 209 212 216 237 229 243 248 249 257 280 292 335 367 405 414 426 427 426 441 442 399 457 454 453 411 412 430 398 418 393 441 442 440 424 412 416 437 440 403 450 454 438 423 399 379 362 361 369 361 359 352 338 323 309 273 261 247 240 239 256 266 270 269 272 271 272 253 238 237 248 238 233 221 224 233 256
-999 -999 -999 -999 -999 -999 -999 -999 -999 -999 -999 -999 -999 -999 -999 -999 208 214 217 216 220 245 240 252 254 272 308 315 330 383 409 434 421 437 456 434 424 419 438 438 437 428 433 400 413 444 430 410 464 401 467 439 411 361 389 398 392 444 414 432 423 419 409 376 358 350 352 348 339 334 323 313 305 291 272 260 251 263 256 266 264 273 273 275 272 267 251 244 246 231 228 243 262 242
-999 -999 -999 -999 -999 -999 -999 -999 -999 -999 -999 -999 -999 -999 -999 -999 212 217 217 220 231 249 247 264 273 280 325 381 405 410 448 447 430 443 456 446 416 410 461 426 428 422 404 415 451 440 445 423 418 446 454 437 407 395 384 380 380 385 397 400 421 396 389 374 359 372 369 341 316 323 320 307 293 291 271 274 265 263 260 258 248 275 271 250 254 265 265 235 244 228 245 247 281 265
-999 -999 -999 -999 -999 -999 -999 -999 -999 -999 -999 -999 -999 -999 -999 -999 218 219 220 224 248 266 264 267 294 297 322 363 405 384 401 425 421 416 433 441 416 416 460 449 413 425 408 451 431 459 491 452 407 412 444 435 437 408 409 405 380 370 373 411 430 401 403 379 350 366 367 334 315 310 315 312 296 293 274 279 269 284 278 269 242 247 251 258 266 253 264 248 250 252 238 246 283 283
-999 -999 -999 -999 -999 -999 -999 -999 -999 -999 -999 -999 -999 -999 -999 -999 222 223 226 245 245 253 257 276 277 297 326 366 391 366 390 416 423 392 425 440 440 409 442 472 432 389 413 476 489 484 491 464 456 468 476 460 438 441 414 398 384 390 393 375 418 396 404 387 334 363 352 322 331 315 308 315 306 298 285 262 273 295 286 270 280 273 260 255 258 258 259 250 264 249 -999 -999 -999 -999
-999 -999 -999 -999 -999 -999 -999 -999 -999 -999 -999 -999 -999 -999 -999 -999 223 224 228 233 247 259 270 261 278 304 345 333 367 357 402 388 393 382 418 421 427 405 447 465 434 405 401 421 421 434 467 484 497 492 489 463 480 439 422 407 395 408 406 387 392 385 389 379 346 351 348 337 333 330 320 307 306 303 296 278 267 281 292 289 282 280 276 273 261 257 246 -999 -999 -999 -999 -999 -999 -999
-999 -999 -999 -999 -999 -999 -999 -999 -999 -999 -999 -999 -999 -999 -999 -999 223 226 247 231 247 248 257 272 278 293 329 334 366 365 399 413 391 378 414 400 413 390 443 468 441 402 409 441 437 467 470 469 496 497 487 471 484 455 429 418 410 391 386 382 390 356 354 353 321 348 346 329 338 329 320 311 303 299 301 281 269 280 293 287 296 284 276 263 261 234 -999 -999 -999 -999 -999 -999 -999 -999
-999 -999 -999 -999 -999 -999 -999 -999 -999 -999 -999 -999 -999 -999 -999 -999 -999 232 253 256 239 247 278 284 295 295 300 337 347 351 415 394 389 375 396 380 376 399 433 457 419 384 433 440 455 450 432 450 491 477 482 459 461 442 426 415 417 403 395 398 379 330 351 339 324 307 338 332 331 323 318 313 304 294 292 285 270 285 295 279 291 282 274 253 242 253 -999 -999 -999 -999 -999 -999 -999 -999
-999 -999 -999 -999 -999 -999 -999 -999 -999 -999 -999 -999 -999 -999 -999 -999 -999 231 251 252 251 255 270 276 301 282 308 310 321 374 409 408 393 368 377 374 381 421 432 468 402 362 417 418 410 407 454 461 487 459 438 458 444 439 421 403 423 415 393 392 373 334 360 336 331 322 329 331 311 329 315 309 302 292 287 291 276 297 286 285 291 278 281 243 262 -999 -999 -999 -999 -999 -999 -999 -999 -999
-999 -999 -999 -999 -999 -999 -999 -999 -999 -999 -999 -999 -999 -999 -999 -999 216 239 242 246 263 280 257 271 277 293 296 317 340 399 401 421 396 378 377 359 416 422 408 403 393 373 364 405 420 442 458 461 452 448 409 439 440 426 417 398 406 392 378 356 360 338 360 349 344 329 283 338 322 322 309 304 297 292 284 294 273 293 291 266 291 289 289 260 256 -999 -999 -999 -999 -999 -999 -999 -999 -999
-999 -999 -999 -999 -999 -999 -999 -999 -999 -999 -999 -999 -999 -999 -999 211 228 240 243 241 250 258 253 264 274 280 301 328 372 412 375 399 410 391 379 369 412 396 375 372 349 348 394 423 441 465 445 426 446 429 420 451 432 408 422 400 398 398 371 359 336 359 343 343 338 338 313 329 324 298 307 300 294 283 274 287 263 280 282 275 285 286 256 258 -999 -999 -999 -999 -999 -999 -999 -999 -999 -999
-999 -999 -999 -999 -999 -999 -999 -999 -999 -999 -999 -999 -999 -999 200 222 230 235 238 244 247 249 257 275 264 302 312 318 341 378 371 377 380 377 386 341 385 390 349 337 345 351 404 426 443 445 442 437 406 415 425 443 431 408 409 409 395 390 381 333 338 347 343 327 324 322 316 311 317 305 284 292 290 278 277 284 262 283 276 275 281 261 266 -999 -999 -999 -999 -999 -999 -999 -999 -999 -999 -999
-999 -999 -999 -999 -999 -999 -999 -999 -999 -999 -999 -999 -999 -999 202 229 230 227 238 251 237 241 248 270 273 304 287 328 344 326 330 360 353 369 359 347 364 371 329 338 390 385 396 398 419 417 427 414 405 400 426 436 431 421 400 406 384 382 372 327 355 342 315 318 319 303 297 280 302 307 299 291 283 283 280 272 257 285 281 257 257 252 -999 -999 -999 -999 -999 -999 -999 -999 -999 -999 -999 -999
-999 -999 -999 -999 -999 -999 -999 -999 -999 -999 -999 -999 -999 -999 201 232 223 226 243 243 241 240 252 251 272 291 307 329 335 352 315 321 332 331 327 322 328 363 338 358 385 390 369 367 421 411 399 402 412 416 438 434 429 410 386 392 366 374 368 318 340 322 314 302 310 297 311 296 272 294 289 275 291 288 268 263 277 279 277 273 247 261 -999 -999 -999 -999 -999 -999 -999 -999 -999 -999 -999 -999
