Climate/data/grids_germany_multi_annual_air_temp_mean_1981-2010_15.asc
NCOLS 654
NROWS 866
XLLCORNER 3280414.711633467
YLLCORNER 5237500.62890625
CELLSIZE 1000
NODATA_VALUE -999
[rows 459 to 509 of 866, columns 288 to 383 of 654]
90 90 89 91 91 91 86 90 90 89 88 87 87 89 86 86 86 84 85 83 83 84 86 85 83 82 84 81 86 85 85 81 83 84 84 86 85 84 85 87 87 87 87 87 87 87 85 86 87 86 86 86 86 86 86 86 86 86 88 88 89 88 88 88 88 89 90 91 90 91 92 91 90 88 88 86 85 83 83 82 82 83 84 84 82 82 81 82 82 84 87 85 89 89 89 86
88 87 90 91 91 89 86 88 89 88 88 86 86 86 88 89 87 86 84 81 83 84 83 84 83 86 79 78 82 86 83 85 82 82 82 84 84 83 85 87 87 87 87 87 87 87 85 85 86 86 85 85 86 86 86 87 88 88 88 89 89 89 89 89 90 91 91 89 90 91 90 88 88 87 88 88 86 85 83 82 82 82 82 83 83 82 82 81 84 87 88 89 90 83 81 81
85 85 89 91 88 88 84 86 88 87 84 86 84 87 87 88 89 87 84 80 82 82 82 85 82 73 72 73 80 80 84 74 81 82 85 86 83 83 84 85 87 87 87 87 87 87 86 85 85 85 86 85 85 86 87 87 88 88 88 89 89 89 90 90 90 90 89 90 91 91 89 88 89 89 88 87 87 85 84 82 80 80 80 82 83 86 86 85 85 87 87 87 89 88 86 80
81 87 91 91 86 86 87 85 85 84 83 84 85 84 85 87 88 87 86 84 82 82 82 83 82 74 72 80 68 71 73 80 76 81 85 84 82 83 83 84 85 87 86 86 86 86 85 86 84 86 86 85 85 86 86 87 87 87 87 86 88 89 89 90 90 89 89 89 90 91 91 90 89 89 88 88 86 86 85 83 82 79 85 86 85 86 86 87 86 85 85 89 86 85 86 85
89 91 91 90 91 89 85 83 81 84 80 80 81 83 85 87 87 87 86 84 85 83 83 82 78 73 72 78 75 75 71 73 79 80 82 82 80 81 82 80 84 83 85 84 85 86 85 86 86 85 85 85 84 85 85 86 86 87 87 88 88 90 90 90 90 89 89 90 90 90 90 89 91 90 89 89 88 87 86 84 83 82 84 86 86 87 85 85 86 88 88 86 86 83 83 84
90 91 88 89 86 87 84 83 83 85 84 83 85 84 84 87 86 87 86 84 85 85 80 80 73 77 70 72 69 70 71 72 73 81 76 76 78 81 83 79 79 83 82 84 85 85 84 85 85 85 84 85 84 86 82 81 85 86 87 88 88 89 90 90 90 89 89 90 90 90 91 90 90 89 88 88 87 87 86 85 83 83 81 81 84 85 87 85 84 85 86 86 86 85 82 84
89 91 85 85 82 85 84 85 87 86 84 87 86 84 86 85 86 85 86 86 85 83 82 80 70 74 69 70 71 72 69 73 73 72 75 69 74 78 77 81 82 80 81 82 83 84 85 84 85 84 84 85 85 85 82 80 82 84 85 86 87 87 89 86 88 90 88 89 89 90 90 89 89 88 87 88 86 86 86 86 84 83 83 84 84 84 88 88 88 87 86 86 84 85 85 86
87 91 83 80 84 86 83 84 85 85 84 85 88 84 86 85 84 85 87 87 85 85 84 83 77 74 70 72 69 68 66 75 71 73 68 69 68 78 71 72 79 81 82 81 82 81 84 84 84 83 84 85 85 86 82 80 80 81 81 83 84 85 86 87 88 89 89 89 89 90 90 89 88 87 87 87 86 86 85 85 84 83 81 81 83 85 86 83 85 83 86 87 87 87 85 85
88 86 84 81 86 87 84 85 88 86 85 89 87 84 87 83 86 87 86 87 87 85 84 84 80 82 70 75 73 72 68 69 70 69 57 63 71 69 69 68 71 75 75 78 82 83 82 82 84 84 85 85 85 84 84 81 80 81 81 80 81 81 83 85 84 88 88 88 88 89 89 88 88 87 87 87 85 84 84 83 84 83 82 84 86 85 82 84 84 83 83 86 84 85 83 83
90 86 86 84 88 88 87 84 89 87 89 87 87 89 85 84 85 86 84 86 87 87 86 83 82 83 81 79 73 72 69 68 67 66 65 67 62 70 67 67 76 74 78 82 81 82 78 81 82 84 84 84 84 85 83 84 81 80 81 80 82 82 83 84 83 82 84 88 88 88 88 88 88 87 86 85 85 84 84 84 84 83 83 85 87 82 79 80 81 81 82 84 84 81 82 86
88 91 90 85 89 89 89 89 89 89 88 87 89 89 87 86 87 83 86 83 87 88 87 85 84 83 83 80 74 69 68 72 70 71 69 66 69 68 68 68 72 73 77 78 76 77 81 81 83 80 83 83 84 84 83 82 80 80 79 78 79 78 80 82 84 83 82 87 88 87 87 87 87 87 85 84 84 83 83 84 84 85 85 83 85 83 81 81 80 80 80 80 82 82 80 81
88 90 87 89 87 84 84 87 84 83 89 89 88 88 89 89 85 85 86 86 83 87 88 88 86 84 82 83 78 78 67 73 73 73 72 67 63 69 71 67 71 74 75 79 79 80 81 80 82 79 80 82 83 83 80 82 82 80 79 79 78 80 79 80 84 83 84 81 86 86 86 85 86 86 84 83 82 82 81 81 81 83 86 84 86 85 83 81 81 82 82 81 82 81 81 81
89 90 87 87 84 84 83 88 84 84 88 88 88 88 88 89 89 89 89 89 87 88 87 88 88 87 85 82 81 76 69 70 74 64 65 73 72 70 74 71 70 71 75 76 76 79 80 76 81 75 79 82 82 83 82 82 82 81 80 80 82 83 80 81 82 83 83 87 79 83 85 85 85 85 84 83 81 81 80 79 80 81 80 83 86 85 82 82 82 80 81 80 81 81 81 81
89 87 88 84 84 85 83 83 88 82 84 85 86 86 87 87 87 88 88 89 89 89 89 89 88 86 84 80 83 80 77 75 79 67 69 75 73 71 75 71 68 70 75 78 79 80 77 75 72 73 73 74 79 79 82 82 81 81 81 81 80 82 80 80 81 82 86 87 86 85 81 84 85 86 84 82 82 81 81 80 82 83 84 85 84 85 84 80 80 78 78 79 80 83 86 79
88 87 87 78 80 85 83 82 88 82 81 79 80 82 85 86 86 87 86 89 88 89 89 89 88 87 86 86 84 81 80 81 81 71 69 75 73 70 70 70 68 73 76 75 76 79 78 79 74 72 69 75 76 79 79 80 80 81 81 80 81 79 81 82 80 82 86 85 80 81 79 80 85 85 84 83 82 82 84 85 85 84 85 84 81 81 80 81 80 79 78 79 79 78 83 86
85 85 86 82 78 82 84 81 83 87 87 85 83 78 86 86 85 86 86 87 87 87 89 89 87 86 88 86 84 80 85 84 78 75 73 81 75 68 74 67 66 67 69 73 75 79 78 76 73 71 72 77 74 80 68 74 73 79 79 80 80 79 79 80 81 85 86 79 79 76 76 78 82 84 84 84 83 83 84 84 79 81 79 82 79 76 76 80 83 82 81 84 77 84 86 85
87 87 85 77 73 80 86 84 81 83 88 88 80 80 84 84 86 86 87 86 86 86 86 89 88 88 86 86 86 81 86 82 79 75 78 82 79 79 71 64 66 67 66 70 74 76 75 78 70 67 66 69 70 73 70 70 75 77 78 78 78 80 81 82 84 87 85 82 77 80 81 80 79 83 84 82 83 84 80 79 77 76 80 82 79 81 82 83 83 84 83 86 85 85 85 84
86 86 85 80 76 80 84 80 80 81 84 87 86 85 80 85 86 83 83 83 84 85 85 89 89 87 88 86 85 88 84 82 82 78 80 80 84 73 74 68 70 69 68 68 76 73 76 71 71 67 72 77 78 73 75 69 68 75 77 79 80 80 81 81 84 86 81 80 75 81 81 83 83 83 82 82 83 82 82 78 78 80 80 80 82 82 82 84 83 86 86 87 87 88 88 83
85 84 82 81 80 82 84 80 81 79 84 82 87 86 82 81 84 77 78 78 84 82 86 86 89 88 88 86 88 84 84 83 79 77 77 82 83 81 73 79 72 61 67 68 68 69 72 71 70 66 69 71 72 70 70 70 70 76 78 78 83 80 80 81 82 83 78 77 80 82 83 83 83 81 79 83 82 79 82 81 81 81 81 81 80 79 80 82 84 82 81 82 86 83 88 90
87 88 86 84 82 83 83 82 78 77 80 82 85 86 82 82 78 81 78 75 76 84 83 84 88 89 89 88 86 84 85 83 79 83 80 86 82 82 80 69 71 66 62 66 66 66 69 65 71 65 71 73 70 74 69 70 70 75 79 82 78 77 78 84 85 84 78 76 78 81 82 82 80 82 83 82 80 80 80 81 77 80 81 80 79 78 78 81 81 79 80 78 81 82 83 90
87 86 85 87 82 83 82 81 78 68 79 81 85 86 85 84 84 79 76 72 76 77 82 83 86 88 89 88 88 86 82 81 79 85 81 85 83 78 80 75 72 67 61 62 63 63 65 66 67 65 65 66 66 71 70 71 76 72 81 83 77 80 82 80 82 84 76 78 81 82 81 81 80 81 81 82 76 79 79 75 79 78 79 78 77 78 78 79 78 78 79 81 81 85 84 88
85 83 83 80 79 81 82 77 76 79 80 83 86 84 86 85 81 78 76 77 80 81 83 84 83 85 84 89 87 86 83 80 82 83 84 83 82 80 79 80 73 73 67 62 62 64 61 63 63 67 62 64 72 65 69 72 71 70 80 76 78 78 80 79 81 79 79 81 80 81 82 81 81 82 81 81 79 80 80 81 80 81 82 78 78 77 83 79 78 79 78 81 85 86 86 87
88 85 84 80 79 78 77 80 79 83 84 85 83 83 84 81 83 75 78 82 80 80 82 81 82 86 85 88 87 83 84 86 86 86 86 84 84 79 78 79 72 67 68 66 73 71 62 62 61 61 63 66 67 64 65 69 68 73 78 73 76 80 81 81 82 81 80 79 79 82 81 81 81 81 82 80 76 79 80 81 80 79 80 84 84 82 83 84 77 77 84 83 86 87 89 91
86 85 84 81 75 70 75 72 79 81 84 85 84 82 80 76 80 79 83 83 83 84 81 82 83 82 84 88 87 87 86 85 84 80 81 86 84 79 78 71 73 72 70 77 77 77 71 64 60 59 60 64 61 63 63 67 66 77 73 73 77 79 77 78 80 76 79 80 80 81 79 78 79 80 82 80 78 78 78 81 84 79 80 80 82 84 86 86 84 83 78 78 77 83 83 90
82 82 82 78 72 68 71 69 75 81 81 85 83 82 84 82 82 81 83 84 82 80 82 81 83 82 87 88 86 82 85 85 82 81 79 84 85 84 74 73 75 74 79 71 71 68 70 59 59 58 64 58 58 62 67 63 71 75 69 76 68 72 74 77 79 76 75 75 78 78 77 78 78 79 82 80 79 79 81 81 79 83 85 85 83 83 83 88 87 87 86 82 82 86 86 90
83 83 82 76 73 77 72 70 73 76 82 85 79 82 82 81 79 81 83 82 80 82 83 85 84 85 87 88 83 80 82 80 83 79 82 81 84 84 81 78 78 80 79 76 70 66 68 65 65 64 62 58 62 59 64 64 66 68 69 67 68 65 67 69 70 75 77 77 78 78 76 79 79 81 81 80 80 80 80 79 78 79 83 82 86 85 84 82 81 85 88 87 90 90 90 91
85 84 81 78 81 77 71 73 72 71 81 84 77 82 81 80 79 81 82 83 82 80 82 82 81 80 86 88 84 85 81 81 81 79 81 80 84 82 84 82 77 80 77 74 71 68 66 69 67 59 68 68 65 60 60 60 69 71 67 64 64 64 72 75 75 76 76 78 78 78 78 78 78 81 80 80 80 79 78 80 79 83 80 83 83 82 82 79 78 78 77 86 90 88 87 90
85 82 73 69 74 77 72 78 71 76 81 84 76 77 79 74 76 75 79 83 82 81 82 79 82 81 86 87 83 83 82 78 78 76 77 78 81 80 80 81 78 81 77 74 74 72 66 65 68 64 71 61 58 58 57 61 62 60 67 68 63 67 71 67 70 68 75 77 78 78 79 79 80 80 80 79 79 81 80 83 81 84 84 85 83 81 80 79 76 86 84 81 81 86 85 88
86 82 76 72 71 73 73 72 77 81 83 79 73 72 72 68 74 74 80 82 83 83 81 80 85 87 85 86 82 79 80 80 79 77 75 75 76 75 75 77 81 81 78 76 73 71 69 68 71 72 73 66 60 54 55 58 54 60 66 69 65 66 74 68 60 72 67 77 74 76 78 79 79 79 79 78 78 79 82 82 81 84 82 83 80 79 74 80 83 76 76 77 79 79 83 86
81 85 82 78 75 72 73 76 77 80 82 79 80 74 71 69 69 76 80 81 82 83 84 84 85 81 82 87 87 85 79 80 78 80 76 77 79 77 77 77 78 82 80 77 79 71 74 76 77 74 72 69 68 66 57 55 53 57 59 63 66 69 70 65 64 68 74 68 71 74 73 75 78 78 77 76 76 75 79 77 79 79 78 81 79 78 79 82 75 73 72 75 75 78 76 83
84 85 86 83 78 74 71 72 73 76 80 81 81 74 73 73 69 71 74 78 80 81 84 81 82 81 83 87 88 85 80 84 80 78 78 75 77 80 80 78 77 82 78 77 78 79 75 71 76 76 74 74 70 67 61 63 58 58 65 63 65 71 73 65 65 73 70 67 71 71 71 73 77 78 73 71 72 77 73 74 77 73 76 79 76 81 83 76 74 71 70 70 76 70 77 82
80 80 82 85 81 72 70 72 70 73 77 76 81 70 69 74 72 72 74 77 79 80 78 80 77 84 86 83 87 84 84 80 80 75 77 78 78 79 79 78 81 82 77 79 80 73 69 65 68 74 72 75 73 72 70 68 59 60 56 58 68 69 67 68 70 69 64 67 68 68 69 70 75 76 68 66 71 70 72 71 69 72 73 81 82 85 83 74 71 68 71 74 75 74 76 76
76 69 77 84 80 71 68 70 71 72 73 72 79 76 71 73 72 70 72 77 81 82 81 82 80 84 84 82 85 84 85 82 77 77 76 72 73 75 77 83 82 81 78 82 80 79 76 73 68 69 69 74 74 72 72 70 70 63 60 61 63 65 67 68 67 70 62 69 65 68 73 72 75 73 63 69 71 73 73 70 71 72 74 79 75 74 83 76 73 75 72 72 70 71 77 74
79 80 81 85 81 75 71 72 73 72 69 73 76 79 78 77 73 71 71 77 81 82 82 81 84 84 81 82 87 85 84 79 77 79 74 69 71 77 76 81 79 83 81 76 74 76 75 77 71 69 68 78 74 66 67 67 59 57 60 65 64 65 65 66 63 67 65 65 69 72 68 72 75 68 69 72 77 71 76 73 80 74 73 82 81 73 76 72 77 78 79 75 75 72 73 75
79 83 85 82 84 80 75 75 71 75 74 74 77 78 76 74 74 72 77 79 81 78 79 82 83 84 83 83 83 87 86 78 79 79 75 74 76 80 78 84 80 79 77 78 78 80 79 80 77 76 80 77 76 72 63 65 59 66 64 66 64 64 64 64 64 62 63 66 67 67 66 69 73 65 69 71 71 74 80 81 80 79 83 74 73 80 68 73 81 77 75 72 73 74 72 72
80 83 80 79 81 81 81 73 72 73 76 77 78 78 77 76 77 75 77 79 80 78 80 80 81 83 82 84 84 87 87 80 78 80 81 78 78 80 81 84 77 77 77 81 80 77 80 79 77 77 79 76 75 68 68 61 60 69 66 66 68 65 63 64 65 63 64 67 68 66 67 67 70 68 71 70 74 71 80 75 78 71 72 75 72 75 72 75 76 75 75 71 69 71 69 71
80 83 75 72 78 73 78 73 71 75 76 75 75 78 76 70 74 81 75 74 75 71 76 80 82 82 81 84 86 83 85 87 80 80 80 79 79 80 81 81 81 80 83 83 83 80 79 79 81 80 75 77 73 72 67 68 61 65 68 67 69 64 63 65 65 67 62 66 65 64 63 67 68 71 71 71 70 72 76 76 77 75 67 72 68 78 74 73 75 76 71 72 68 71 69 69
79 82 70 70 77 73 76 74 69 72 74 72 76 77 76 77 75 71 71 72 70 65 71 77 80 83 85 85 81 78 84 87 84 86 80 80 79 81 84 80 84 80 77 77 76 76 75 75 73 75 71 73 72 74 70 69 68 67 67 69 75 67 65 73 65 65 65 63 63 66 68 68 69 70 70 68 73 72 77 74 69 69 66 67 64 68 77 77 70 67 67 69 66 68 72 73
78 83 76 72 74 75 76 73 65 66 70 76 77 70 75 78 76 73 76 71 69 66 72 75 79 84 85 79 78 79 80 87 85 78 81 79 80 81 84 81 84 80 79 78 77 77 75 71 72 72 72 72 70 74 76 77 70 71 71 70 71 73 71 64 72 67 71 69 66 63 63 70 69 70 70 68 68 74 76 72 71 71 67 63 68 72 69 70 70 70 66 65 66 74 78 79
81 78 80 75 67 69 72 68 62 68 71 74 74 74 77 78 78 79 78 77 71 68 74 81 77 84 83 77 78 81 80 86 85 81 78 79 83 84 85 85 84 82 81 79 79 74 76 75 69 71 75 71 75 73 76 74 73 75 73 75 66 67 70 65 65 75 64 71 66 66 70 70 71 69 73 70 73 75 73 70 72 66 65 65 65 74 67 66 68 68 67 66 70 67 70 79
77 76 81 74 67 64 65 63 64 69 69 72 74 74 77 78 79 80 80 80 79 77 80 82 83 84 83 79 79 80 85 79 78 77 77 85 84 82 78 78 78 82 81 80 79 76 72 69 71 67 73 72 71 71 76 76 79 78 75 75 68 74 74 69 68 70 72 74 65 66 69 69 72 74 76 74 75 79 73 68 66 66 64 63 70 73 66 64 65 67 67 65 66 68 73 70
77 76 78 77 72 65 62 62 63 69 73 76 71 75 75 78 79 79 79 79 80 82 82 84 81 76 77 77 80 79 80 86 81 78 80 80 85 79 80 78 79 79 82 82 80 79 78 75 75 76 77 78 70 74 77 78 79 76 79 77 68 76 69 67 68 71 73 65 70 64 66 67 66 69 71 77 69 71 75 68 70 70 70 69 68 67 73 67 62 64 69 67 69 70 69 71
75 74 79 77 70 64 64 63 64 64 67 73 76 73 75 78 79 78 77 75 79 79 81 80 78 78 77 78 82 79 82 86 80 78 78 84 84 81 83 79 79 82 80 80 79 79 78 78 77 79 78 76 73 76 73 80 80 77 77 76 72 75 69 64 69 72 65 68 67 65 70 72 73 72 72 71 68 70 68 75 71 66 69 64 67 65 65 70 65 69 66 76 72 77 76 74
75 78 75 78 70 63 63 66 70 71 71 76 78 73 77 77 79 76 79 75 75 80 80 76 79 75 78 81 83 85 81 86 83 83 83 86 81 83 85 84 84 82 81 80 79 79 78 78 76 80 78 78 74 76 79 78 81 79 77 76 80 71 73 68 74 73 77 69 70 67 67 70 70 69 73 70 63 63 72 66 67 68 65 63 64 65 68 70 71 70 68 72 73 76 76 79
76 74 75 77 72 65 65 64 68 72 72 78 80 76 76 77 78 76 77 76 77 79 81 81 80 79 79 82 85 77 83 85 86 86 87 85 85 82 85 86 86 85 82 80 79 83 82 76 81 82 77 78 78 77 78 79 82 79 79 80 76 76 74 75 76 78 75 67 71 62 62 63 72 72 74 61 64 67 68 66 68 64 62 62 63 63 67 62 64 69 64 66 75 77 76 73
74 67 67 76 72 68 66 63 65 69 76 78 80 81 76 78 80 78 81 78 77 80 81 82 81 82 82 85 84 82 83 84 85 83 78 78 78 78 79 80 80 83 85 83 84 84 81 79 83 77 81 78 80 78 78 82 82 82 80 79 76 77 75 79 72 68 69 64 66 68 66 62 70 75 69 64 62 66 65 67 65 60 60 59 62 64 67 62 65 63 68 68 70 77 75 73
72 65 68 76 71 63 63 63 63 67 73 78 79 81 79 75 78 82 80 78 81 80 81 83 83 82 83 83 82 81 80 84 80 85 82 81 79 78 78 79 78 82 83 83 82 84 85 83 82 81 81 80 82 82 82 83 83 81 78 75 77 81 79 74 73 67 65 68 68 68 68 62 64 68 66 67 65 64 65 62 61 60 63 59 61 64 61 64 62 61 63 63 67 73 70 67
66 68 73 75 71 63 63 64 65 70 74 79 80 82 82 79 76 78 82 83 79 77 79 80 81 81 81 81 78 79 82 83 83 84 84 85 84 79 80 80 78 79 80 79 81 80 85 83 81 83 82 79 84 84 83 81 81 81 82 80 81 77 75 76 74 67 69 75 73 71 65 66 65 70 74 65 67 68 67 68 63 59 64 65 62 64 63 60 65 68 66 65 66 64 65 73
67 71 73 73 65 60 61 64 68 70 75 78 80 81 83 81 77 78 78 82 79 78 79 80 78 80 81 81 79 81 80 80 82 84 81 80 82 83 82 82 80 79 79 80 79 81 80 85 84 84 80 82 80 81 80 78 77 79 79 82 80 78 77 73 80 76 76 76 71 66 65 70 66 67 65 62 63 64 66 62 64 69 63 64 64 67 66 63 67 72 69 67 68 64 66 67
64 67 73 69 63 61 62 63 65 70 75 78 80 82 82 82 79 74 76 80 84 81 78 77 78 81 77 78 82 79 77 81 81 83 81 80 78 83 84 83 80 80 80 79 80 79 78 85 82 81 79 78 77 78 77 76 75 78 81 81 80 80 78 73 74 71 72 71 67 66 64 72 63 63 63 61 61 65 66 64 61 66 63 64 64 65 67 62 69 71 67 68 65 68 64 66
63 64 70 63 62 63 63 64 68 70 77 80 81 82 83 83 82 78 81 80 84 79 82 79 80 79 78 79 78 78 79 79 81 82 82 79 81 83 83 84 82 83 82 81 80 81 80 81 84 80 82 80 79 76 78 78 77 78 79 79 76 76 77 79 78 75 73 71 67 66 68 71 64 67 65 61 61 63 66 61 62 63 71 62 73 62 67 69 69 75 67 66 68 67 66 64
