Climate/data/grids_germany_multi_annual_precipitation_1981-2010_06.asc
NCOLS 654
NROWS 866
XLLCORNER 3280414.711633467
YLLCORNER 5237500.62890625
CELLSIZE 1000
NODATA_VALUE -999
[rows 416 to 467 of 866, columns 192 to 287 of 654]
91 90 85 85 82 85 82 80 77 77 77 75 75 75 72 71 71 71 68 66 63 63 64 64 66 64 65 66 64 66 69 69 68 67 66 65 65 65 63 64 66 68 78 75 73 74 75 78 74 77 80 84 83 81 73 76 72 70 68 69 69 68 67 68 67 67 69 73 71 76 81 81 78 78 80 82 85 90 92 86 82 82 81 79 78 78 72 76 71 70 69 66 66 65 72 75
92 85 88 88 81 81 77 79 76 77 78 80 79 76 76 75 72 69 66 65 64 63 66 65 67 64 63 64 63 68 70 69 68 67 66 66 64 63 61 63 66 68 70 73 74 75 75 80 75 76 78 83 84 79 76 79 73 70 70 69 68 68 67 67 67 67 70 72 73 77 78 81 83 80 80 79 82 81 84 88 92 93 82 79 81 76 75 77 73 70 74 69 68 68 66 67
90 88 90 88 88 85 80 82 81 79 76 77 74 73 72 72 69 67 67 66 64 64 68 66 65 65 64 65 65 65 67 70 67 68 67 67 64 59 61 64 65 67 70 72 74 76 77 78 75 80 79 82 81 79 83 79 74 72 71 69 68 67 66 66 68 68 70 72 73 74 77 78 78 81 85 85 85 81 81 88 89 94 86 82 80 77 75 77 84 77 76 67 69 73 66 65
90 90 87 86 86 83 82 79 76 74 75 74 72 71 72 69 69 67 67 66 65 68 67 67 65 65 64 64 68 65 66 69 67 70 68 68 66 62 64 64 66 67 70 71 72 74 76 77 76 78 80 77 76 78 81 80 73 71 69 69 68 66 66 66 67 67 70 71 71 76 73 75 77 82 87 88 91 87 86 84 89 95 90 88 85 88 74 75 84 80 71 76 77 71 67 65
94 88 87 85 84 82 83 80 78 76 73 71 70 70 71 69 68 68 68 67 69 69 67 64 65 67 66 65 69 66 67 70 68 70 69 66 67 64 63 67 67 68 68 71 72 74 75 77 75 76 78 78 75 75 73 73 71 67 68 68 67 67 67 67 67 68 71 73 73 74 75 77 77 84 86 90 87 91 89 86 89 91 92 90 92 85 73 78 86 75 70 79 75 73 65 66
96 93 87 85 90 84 82 79 77 73 72 68 71 73 70 68 68 67 66 66 68 66 64 64 64 64 64 66 68 70 71 70 69 69 67 67 65 69 65 66 66 66 68 71 72 73 74 74 75 80 82 77 74 73 72 72 72 68 67 69 69 69 67 67 68 70 70 71 74 74 78 81 82 82 81 85 89 89 89 89 89 93 91 87 90 80 78 79 83 76 74 74 75 73 68 66
90 92 92 90 89 82 78 77 74 73 70 70 71 72 69 68 66 66 65 65 67 66 64 63 63 63 66 66 70 68 70 69 70 70 67 67 67 66 65 65 65 67 69 70 71 74 73 75 76 79 81 77 73 71 70 70 71 68 68 68 69 69 67 69 71 71 72 72 75 78 81 81 86 87 83 83 82 83 84 84 86 88 88 86 85 78 83 86 77 76 76 76 75 76 71 65
90 93 87 81 79 80 75 74 73 70 70 69 68 71 69 70 67 65 66 66 66 66 65 63 63 62 65 67 67 66 66 66 68 69 69 70 68 68 66 66 65 70 69 70 69 72 71 71 76 76 80 80 75 72 71 69 68 68 70 70 69 69 67 72 77 75 74 75 78 82 82 85 88 92 91 81 87 86 84 88 89 85 86 89 83 78 84 85 79 76 75 73 74 74 77 70
93 90 83 84 78 75 75 72 72 70 71 68 67 69 70 71 66 66 66 66 64 66 64 63 63 61 65 67 67 66 65 65 67 67 68 69 66 66 65 67 65 69 70 70 68 68 70 74 73 73 78 84 76 71 70 69 69 69 70 71 68 68 67 76 79 77 74 76 80 80 83 88 87 91 87 81 82 81 89 92 96 89 88 89 82 82 88 81 86 80 73 71 74 76 75 72
93 90 84 80 81 75 73 72 74 71 68 65 68 69 69 68 66 65 64 64 64 66 64 63 63 60 65 64 64 65 64 63 65 64 65 70 67 66 67 66 64 67 68 72 70 67 73 72 71 73 77 80 75 73 70 70 70 69 70 69 67 70 72 76 81 79 76 74 78 82 85 87 87 84 81 87 91 90 87 89 88 86 84 84 81 84 88 90 81 79 75 71 71 75 76 76
87 86 83 78 78 76 77 73 70 70 69 68 72 69 68 68 65 64 66 65 66 66 66 64 65 64 63 64 63 65 64 66 63 63 65 68 69 69 68 65 64 64 67 68 70 68 68 69 69 72 73 74 79 71 70 70 69 70 69 69 67 70 70 74 79 81 80 79 79 84 88 87 85 82 80 89 88 86 87 89 90 84 84 81 80 83 93 97 88 78 75 71 73 72 74 70
88 86 81 82 75 71 70 70 71 69 67 66 68 69 68 68 65 65 66 65 63 67 65 63 64 65 64 64 62 61 66 65 62 62 63 68 71 70 68 65 64 63 65 68 68 66 66 68 69 70 70 72 71 71 68 68 68 69 68 65 67 69 70 71 76 77 80 85 82 84 87 85 84 82 82 80 84 85 86 87 86 84 83 79 84 87 94 95 95 81 78 75 74 72 73 72
93 87 78 75 73 70 68 69 69 69 66 65 69 68 67 68 67 66 66 67 65 66 66 64 65 65 65 62 63 66 64 63 63 63 63 67 68 70 70 67 65 62 64 67 72 67 66 68 68 68 69 70 70 68 69 69 69 69 67 65 65 67 70 70 73 80 80 81 80 83 86 81 84 83 84 81 82 82 83 83 82 81 82 81 81 85 93 95 90 80 78 76 74 74 73 73
90 86 81 72 71 69 65 66 68 66 66 66 70 66 65 66 66 66 66 63 68 67 66 62 63 64 65 62 66 64 63 60 64 60 64 66 64 67 68 69 66 67 62 68 70 66 66 65 66 66 68 69 74 71 69 69 69 69 67 65 66 67 72 73 73 75 80 79 81 80 77 81 80 81 81 82 82 84 83 83 82 79 78 83 80 84 90 95 81 80 77 75 75 74 73 71
84 82 77 74 70 69 68 67 67 66 66 64 67 65 64 65 67 65 67 63 66 61 65 64 64 67 66 64 61 60 60 61 64 64 65 65 64 66 67 69 66 64 65 67 71 68 65 66 66 67 68 68 69 69 72 68 67 66 65 67 68 66 67 74 71 76 75 75 74 77 82 85 80 83 84 83 86 83 83 83 82 80 78 80 81 80 83 90 83 81 81 75 76 74 73 72
82 76 80 77 73 69 69 68 66 65 64 66 63 63 62 64 68 68 68 63 61 65 61 65 61 67 61 60 61 62 64 61 68 62 61 63 62 65 65 68 67 65 65 65 67 68 65 64 64 66 67 68 68 68 68 67 67 69 66 66 69 66 66 70 71 74 73 78 77 81 80 83 84 84 85 84 87 84 81 81 79 79 78 76 76 80 79 82 83 80 81 77 74 77 74 73
84 84 76 75 72 71 71 68 66 66 62 62 63 62 61 66 69 68 69 62 64 66 66 61 62 63 65 61 60 66 62 61 65 62 61 61 62 62 65 68 68 67 65 64 66 66 65 66 65 64 65 66 67 66 67 69 68 67 67 66 68 66 66 67 70 69 75 80 80 82 80 80 84 81 81 83 85 82 81 82 81 79 79 79 79 76 79 79 80 80 81 82 74 75 75 74
92 85 78 76 72 74 72 68 67 65 63 62 62 59 61 63 66 68 68 64 62 69 69 70 70 65 64 64 66 73 66 61 61 61 61 60 60 60 64 69 65 69 65 64 66 66 64 64 64 63 65 65 65 65 66 67 68 67 64 69 71 71 74 68 68 69 70 73 76 81 75 81 82 78 85 86 82 79 82 84 81 82 86 81 78 80 76 76 80 75 76 79 78 74 74 71
88 80 79 78 77 71 71 70 66 62 62 60 62 60 60 61 61 67 68 67 64 67 69 71 71 65 68 69 73 74 71 68 65 68 66 63 62 61 61 65 64 66 66 64 69 65 65 64 63 64 63 64 63 64 64 65 67 64 64 67 71 71 70 71 75 66 67 75 78 79 73 80 75 82 83 77 76 79 81 78 82 84 84 80 82 79 82 79 75 76 73 74 73 78 80 77
87 80 77 75 73 72 69 65 63 64 63 63 61 62 60 66 63 66 67 64 68 67 73 71 66 71 71 74 75 76 73 66 65 63 63 63 64 61 61 61 61 66 67 62 64 67 64 64 64 64 65 65 65 65 66 64 65 63 63 65 67 70 71 71 72 71 68 71 76 72 71 71 76 82 79 73 80 79 76 80 79 83 84 81 81 83 81 77 72 76 77 74 70 70 70 73
80 81 79 78 76 74 66 63 64 63 64 67 64 65 64 65 63 66 70 64 69 70 73 72 72 64 75 73 70 67 71 63 63 66 65 65 64 63 60 61 61 61 65 64 61 63 65 64 64 64 65 65 65 65 65 65 64 63 64 68 70 69 72 73 69 67 69 72 69 73 77 77 80 74 72 77 83 73 76 77 78 77 80 77 77 78 78 75 74 80 78 76 69 70 69 70
77 79 78 74 73 72 65 62 65 66 65 64 64 65 65 65 66 64 64 70 71 65 67 71 72 78 77 71 68 71 71 64 69 67 68 66 64 64 62 61 61 60 61 61 61 61 62 63 63 63 63 64 65 65 65 65 64 64 65 69 71 69 72 72 70 67 69 69 72 76 77 76 77 70 70 78 81 73 81 77 76 77 78 75 78 77 76 74 74 78 75 72 71 76 71 69
76 76 76 76 72 71 68 64 63 64 64 63 63 63 64 64 63 64 64 65 69 66 69 71 73 75 69 70 73 67 70 67 66 70 67 63 61 61 61 65 65 64 63 65 63 62 63 63 62 62 62 62 64 64 63 62 63 65 67 66 69 71 73 72 69 72 72 74 75 73 73 75 72 69 72 75 75 76 75 74 75 76 80 77 74 75 75 74 75 76 72 72 74 76 75 70
76 75 74 72 72 69 69 67 68 66 68 62 62 62 64 63 64 61 66 63 67 65 67 68 75 70 69 73 70 66 69 67 65 65 64 62 63 62 63 66 66 64 66 64 65 62 62 62 62 62 62 63 63 63 62 62 64 70 69 68 70 72 75 69 71 65 67 66 67 67 67 69 69 72 72 71 71 71 72 74 75 77 78 75 74 75 76 76 77 76 76 71 72 70 72 75
80 76 73 73 70 74 71 69 71 69 68 64 62 63 62 61 61 64 68 67 66 66 67 69 72 67 72 72 69 66 70 68 68 69 63 63 64 62 63 68 68 68 69 67 63 62 62 62 62 62 62 62 62 61 63 65 69 69 68 68 69 71 74 73 68 66 68 70 70 76 71 76 72 75 75 76 73 72 76 75 76 80 80 77 74 76 77 74 73 74 74 75 71 69 67 68
79 76 75 72 73 73 72 71 71 65 66 63 63 61 62 62 62 66 66 67 67 66 68 69 71 71 73 74 70 70 69 68 69 67 66 64 66 64 65 71 70 69 67 68 66 63 64 63 63 61 62 62 62 62 65 72 71 69 69 68 68 69 69 68 66 65 65 73 79 78 78 74 73 77 79 78 74 75 74 77 76 79 80 77 76 77 76 76 74 72 75 77 71 68 72 72
75 76 75 73 74 73 73 68 69 67 66 65 62 59 59 59 63 63 64 66 64 66 70 70 70 68 76 74 73 73 70 72 70 68 67 66 66 68 66 68 65 69 65 68 67 63 63 63 62 63 62 61 62 63 66 69 69 71 69 68 68 68 68 67 67 66 64 72 73 71 74 69 71 75 79 75 75 74 75 75 75 78 80 81 79 76 74 73 74 73 73 70 71 65 72 72
77 76 73 75 75 75 73 68 70 68 64 62 64 62 58 60 61 62 64 66 65 65 69 71 72 70 69 73 76 74 72 73 72 71 71 68 67 68 68 65 62 64 65 65 62 61 60 61 61 61 62 61 62 62 63 66 67 69 71 71 68 69 72 70 63 68 64 64 65 66 69 68 75 75 75 74 73 73 76 77 79 76 77 77 75 75 73 71 69 72 71 69 68 68 73 76
77 74 77 72 74 73 71 70 66 68 64 62 62 60 61 61 63 64 64 66 67 67 67 72 68 72 71 74 76 78 74 74 74 74 72 68 70 68 68 64 61 61 60 60 60 61 60 58 58 59 61 61 64 62 64 66 71 72 71 71 70 70 70 67 67 73 67 67 64 64 64 66 67 68 70 73 73 71 76 78 78 75 78 77 75 73 74 72 70 69 71 68 67 67 71 75
75 77 71 75 72 71 70 69 68 63 63 61 60 59 60 61 61 63 64 66 66 66 68 66 72 70 71 72 74 78 75 72 71 76 73 69 68 67 63 62 61 60 65 62 61 60 60 59 58 59 60 62 65 65 62 64 67 69 72 69 70 67 67 66 72 72 69 72 68 65 66 64 66 64 67 68 68 73 71 77 73 73 74 78 74 74 72 71 70 70 70 67 72 70 72 73
69 72 70 72 69 66 69 67 65 63 61 61 61 60 60 60 62 62 66 67 66 67 69 66 69 69 72 71 70 74 72 72 70 71 67 67 66 70 64 62 59 64 67 66 63 62 60 61 61 61 62 62 64 62 61 61 64 69 69 70 72 69 70 67 69 71 73 70 68 69 67 64 64 63 65 65 70 69 73 77 73 70 73 78 75 72 73 72 69 69 72 70 68 70 73 72
70 67 68 66 67 66 66 65 65 63 61 63 62 62 60 61 63 66 66 67 65 66 68 68 68 69 73 73 76 77 73 73 74 70 71 72 74 68 63 62 61 60 67 64 63 61 61 65 64 62 63 62 63 61 61 61 64 68 65 70 73 69 69 68 67 69 73 71 67 73 69 65 66 64 64 66 67 69 75 74 72 70 71 76 77 76 75 74 72 73 70 73 73 70 70 75
67 66 69 65 65 65 64 63 63 64 64 64 63 63 61 63 62 64 67 65 63 64 65 66 67 70 73 74 76 76 74 77 71 71 78 78 74 69 66 63 62 60 64 65 62 62 62 65 66 64 64 63 63 61 62 60 60 62 66 70 71 70 69 69 68 70 72 71 71 74 68 68 65 68 63 64 67 71 71 75 74 69 71 75 72 72 73 73 75 74 73 76 72 71 73 71
69 68 64 64 64 64 63 65 65 64 65 64 63 62 63 62 64 65 67 66 65 64 64 65 67 68 73 77 81 75 72 73 75 80 78 73 69 67 65 62 63 60 64 64 62 61 62 64 65 67 65 64 63 61 61 62 63 63 64 69 70 70 73 72 68 70 76 72 69 72 71 66 67 69 64 63 64 69 75 75 71 70 69 74 72 70 74 75 78 75 76 75 74 74 75 75
71 69 67 66 65 64 67 65 65 64 64 65 65 64 65 65 65 66 68 66 66 65 65 65 67 66 69 71 79 74 70 71 75 80 75 69 68 65 64 62 62 61 61 64 62 61 62 63 64 65 66 67 64 62 62 65 66 69 66 65 67 68 75 75 72 71 74 73 72 74 72 66 67 68 66 63 65 68 67 72 71 66 70 72 70 72 74 75 75 74 78 77 73 73 76 75
76 71 67 66 66 67 65 63 64 62 64 64 64 64 64 63 66 65 65 64 64 66 65 64 65 65 67 72 74 71 70 69 75 72 70 68 65 65 64 65 66 63 65 63 62 61 62 64 67 66 66 64 64 64 64 70 67 68 71 71 66 69 74 75 73 70 71 74 72 73 71 73 68 70 73 67 64 63 63 65 66 64 69 71 66 70 73 74 73 76 75 77 75 78 79 77
71 69 64 65 67 66 65 64 62 62 62 62 64 64 66 64 64 63 64 65 63 62 67 66 63 65 66 68 68 74 75 68 68 67 67 65 66 64 65 66 66 63 63 64 62 62 63 64 66 67 65 65 65 63 65 65 66 67 69 70 66 70 74 78 72 75 74 71 73 75 75 70 70 70 69 68 69 69 65 63 63 63 66 71 66 70 68 72 74 72 73 76 76 75 74 70
69 70 65 63 65 65 63 64 62 61 62 61 63 63 65 64 64 63 63 64 65 63 62 66 66 63 65 66 69 75 76 68 66 68 67 67 65 66 68 67 66 65 64 63 62 64 64 65 69 68 65 74 66 67 69 73 70 67 71 73 67 74 76 76 73 73 77 73 72 73 72 73 74 73 68 68 67 67 63 63 64 63 64 66 70 65 70 73 71 71 72 73 74 77 75 72
70 69 64 63 63 62 62 64 60 62 65 63 64 63 64 64 64 62 61 62 63 64 64 64 63 63 66 68 68 71 70 68 70 72 70 65 66 65 68 68 66 63 63 64 64 65 67 67 67 67 66 67 69 68 71 71 73 69 70 75 69 74 72 73 74 73 76 73 71 72 68 68 71 73 75 69 68 66 68 67 68 63 63 64 66 67 69 66 73 72 73 74 73 75 71 73
69 65 64 64 62 64 62 62 63 65 67 64 65 67 64 64 64 63 62 62 63 64 65 66 64 63 65 67 71 69 70 69 69 71 69 65 67 67 68 68 66 62 66 65 63 66 68 67 67 66 67 69 71 69 70 72 72 71 71 75 73 71 69 69 70 73 76 73 71 69 70 66 67 70 68 73 71 70 73 68 70 67 63 63 65 69 65 66 68 73 70 72 75 75 70 70
68 65 63 62 64 63 63 61 64 64 66 65 66 65 66 66 65 64 62 63 61 62 64 65 66 62 64 68 68 71 70 69 69 70 69 66 67 68 68 66 64 64 63 63 63 64 67 67 66 66 66 68 68 70 70 74 74 72 71 75 73 68 73 70 70 71 73 71 71 71 71 70 63 67 67 69 71 72 68 69 68 64 64 63 63 68 68 65 69 67 67 72 75 72 67 68
69 67 63 62 64 64 62 61 62 66 65 67 65 65 64 65 65 65 63 63 63 60 65 63 62 63 65 64 66 69 70 70 69 72 69 67 69 65 66 66 65 63 62 63 63 64 65 66 67 69 68 67 68 70 73 72 76 74 74 74 73 68 68 72 71 70 69 70 71 69 68 69 65 61 67 65 68 73 71 72 70 67 63 66 66 66 65 64 64 67 65 72 70 70 68 65
67 66 62 61 61 61 61 62 64 63 68 69 66 65 65 66 62 64 65 66 62 62 62 61 62 64 67 66 69 69 71 71 71 72 72 72 71 68 67 63 63 62 65 63 64 63 64 63 66 68 70 68 68 67 70 73 75 76 74 73 71 69 71 69 69 69 67 67 68 68 66 67 65 65 62 63 66 69 75 74 71 65 63 66 68 68 65 65 66 66 67 68 67 67 65 64
67 66 62 60 60 60 59 63 63 62 66 66 66 66 65 67 61 63 64 65 65 66 63 63 64 64 65 65 67 70 69 71 71 69 68 68 69 66 65 63 62 62 65 64 65 66 64 64 65 67 69 68 67 70 71 71 77 75 75 72 75 68 73 68 66 65 64 62 66 69 66 67 67 70 70 65 65 68 69 70 72 68 63 67 69 71 66 67 68 69 68 68 70 70 67 64
65 62 62 62 61 59 58 61 62 62 63 63 63 66 64 65 61 62 64 64 65 66 64 62 65 65 65 68 67 66 68 69 67 68 69 67 67 66 66 62 63 63 64 63 64 65 63 64 66 68 68 68 69 71 72 75 77 76 75 76 73 69 70 68 66 63 60 62 65 64 69 69 68 66 63 64 63 63 68 68 64 64 65 66 66 68 67 70 72 70 73 74 74 75 69 66
67 64 63 61 61 59 58 60 61 61 63 63 62 65 65 65 61 62 63 63 62 64 64 61 62 62 63 63 64 65 67 68 67 67 68 68 67 64 65 64 63 63 63 63 63 62 63 65 67 67 66 66 67 68 70 72 76 76 73 73 72 70 71 67 64 65 60 60 60 61 64 69 67 65 67 69 64 62 66 66 64 66 66 65 67 68 70 69 72 74 72 70 72 71 67 72
68 64 62 62 60 62 60 60 60 62 62 61 66 65 62 64 64 66 62 64 64 63 63 60 63 64 65 66 65 64 66 67 67 66 66 67 66 64 63 63 65 64 62 62 62 62 62 64 66 67 67 68 68 69 69 72 75 74 74 74 72 72 69 67 69 71 64 64 64 61 62 63 67 68 67 65 68 66 63 64 62 65 69 68 68 70 75 72 70 72 73 68 70 72 69 68
69 66 65 64 64 66 62 63 60 60 61 60 63 63 62 61 65 63 63 64 64 64 64 62 61 62 62 65 65 67 66 68 67 66 65 66 65 65 64 64 66 64 63 63 62 62 62 62 64 66 66 66 67 69 70 73 73 74 74 75 74 75 72 73 75 69 66 68 64 64 62 62 61 63 65 63 65 67 66 61 64 65 68 67 67 69 70 72 71 71 70 66 66 68 67 63
68 67 63 65 67 70 66 63 61 63 61 61 66 64 62 61 62 63 63 65 63 62 61 60 60 62 64 64 65 66 67 68 67 66 64 64 65 64 64 66 65 65 63 63 62 62 63 64 64 65 65 67 67 68 66 71 72 75 75 71 73 74 76 77 74 71 72 70 66 68 65 64 62 62 60 64 64 65 59 61 64 64 64 65 65 70 72 71 70 69 67 69 66 66 68 69
68 65 65 70 71 69 65 62 61 61 61 61 64 60 63 61 64 63 65 65 63 61 62 61 65 65 66 64 63 66 64 66 66 66 64 64 64 64 65 66 65 65 63 63 62 62 62 63 63 63 63 65 64 67 70 70 72 74 72 71 67 70 74 70 69 68 69 67 65 66 68 66 65 64 66 63 61 62 59 63 61 60 62 64 71 71 67 71 76 70 67 68 69 67 64 63
62 63 64 69 69 65 62 62 61 60 61 61 61 63 62 61 62 62 63 64 65 61 60 65 66 64 65 64 63 65 65 66 66 65 65 65 63 63 66 65 65 64 64 64 63 63 63 63 65 66 65 64 63 69 67 69 71 73 67 66 66 69 67 66 69 65 66 63 63 65 67 68 66 64 64 63 62 60 59 60 61 62 61 63 66 63 67 69 73 69 67 66 66 64 67 63
62 65 62 65 63 62 60 61 63 64 64 66 61 61 61 62 61 61 62 64 64 63 60 63 66 64 64 64 63 64 67 67 68 66 67 63 63 66 65 65 66 65 65 64 66 67 64 63 64 65 66 66 63 65 66 66 72 69 68 67 64 67 65 63 63 65 61 64 62 62 66 67 64 67 65 61 58 58 59 60 64 64 66 64 60 64 67 66 66 67 65 67 66 67 62 64
