Climate/data/grids_germany_multi_annual_precipitation_1981-2010_05.asc
NCOLS 654
NROWS 866
XLLCORNER 3280414.711633467
YLLCORNER 5237500.62890625
CELLSIZE 1000
NODATA_VALUE -999
[rows 583 to 635 of 866, columns 384 to 479 of 654]
77 73 74 67 75 72 73 74 77 77 75 79 80 80 83 77 82 77 77 75 78 74 81 82 83 81 84 78 75 75 73 71 71 71 69 68 68 67 67 66 66 67 71 73 70 68 69 69 70 71 71 74 74 71 72 73 71 70 76 75 75 73 70 69 68 70 68 68 71 71 71 74 76 79 79 80 82 82 91 96 99 -999 -999 -999 -999 -999 -999 -999 -999 -999 -999 -999 -999 -999 -999 -999
76 77 76 70 74 73 69 73 76 78 77 77 79 73 77 83 82 77 74 74 74 75 80 81 81 82 82 81 83 79 76 71 71 70 69 68 68 69 67 66 66 66 69 70 73 72 68 68 69 72 73 72 72 72 74 71 70 69 69 76 73 75 72 73 67 69 68 71 74 74 73 73 76 80 82 83 81 84 93 98 100 -999 -999 -999 -999 -999 -999 -999 -999 -999 -999 -999 -999 -999 -999 -999
71 76 78 67 75 75 76 75 78 79 77 79 78 82 83 80 79 78 76 76 81 79 80 82 79 77 80 80 80 79 78 72 71 71 69 69 69 71 67 65 66 66 67 68 68 68 67 67 68 71 72 72 71 71 72 72 70 70 69 75 70 74 75 72 70 69 69 70 72 73 74 75 76 78 78 83 89 86 87 93 98 -999 -999 -999 -999 -999 -999 -999 -999 -999 -999 -999 -999 -999 -999 -999
77 75 69 74 74 78 76 76 81 80 85 80 78 77 78 81 81 79 78 77 80 81 82 79 77 77 74 78 80 79 75 74 73 71 71 69 68 70 66 65 65 65 67 67 67 67 69 67 67 67 73 71 71 70 69 72 70 69 69 71 71 77 73 73 69 73 71 73 71 72 73 74 76 76 78 77 76 81 85 89 94 -999 -999 -999 -999 -999 -999 -999 -999 -999 -999 -999 -999 -999 -999 -999
77 75 74 75 77 77 79 78 80 82 79 82 80 79 79 79 80 81 76 76 78 81 81 76 82 82 80 81 80 79 77 74 73 72 69 68 66 71 65 68 68 67 67 67 67 67 69 68 67 67 76 72 71 70 68 72 74 71 70 72 72 74 77 73 73 74 71 71 71 72 74 74 75 75 75 76 80 84 83 87 90 87 -999 -999 -999 -999 -999 -999 -999 -999 -999 -999 -999 -999 -999 -999
77 77 78 75 75 75 81 82 79 79 78 78 77 77 79 80 81 77 75 75 77 80 80 78 80 82 83 83 80 79 78 75 73 71 70 68 66 64 63 63 68 70 69 69 68 68 70 67 68 68 67 69 68 68 69 71 72 69 69 72 71 71 74 73 76 73 70 72 72 73 72 74 73 74 74 73 73 77 80 82 86 83 84 -999 -999 -999 -999 -999 -999 -999 -999 -999 -999 -999 -999 -999
75 76 78 77 79 79 82 82 81 80 78 77 77 78 77 79 80 78 75 74 79 80 78 79 83 84 84 82 77 79 77 76 74 74 74 70 67 66 67 66 65 67 71 71 68 68 70 68 68 68 66 66 67 67 69 69 68 70 71 73 72 72 74 75 74 75 73 72 70 73 74 74 74 75 76 74 77 75 79 81 81 80 79 -999 -999 -999 -999 -999 -999 -999 -999 -999 -999 -999 -999 -999
77 75 78 79 78 79 82 82 82 80 80 78 77 78 78 79 80 78 76 75 75 77 78 79 82 84 82 80 83 81 79 76 73 72 71 72 69 67 69 67 67 67 67 68 69 67 69 67 67 66 66 66 68 68 68 70 69 70 68 69 70 72 74 73 72 77 77 73 73 71 74 74 73 74 76 77 78 77 78 76 76 78 79 -999 -999 -999 -999 -999 -999 -999 -999 -999 -999 -999 -999 -999
79 80 80 79 80 82 82 82 81 79 78 77 76 76 77 78 79 77 77 76 77 78 77 80 81 83 84 80 82 80 80 76 74 72 71 70 70 68 67 68 67 70 67 67 68 69 67 67 68 66 65 65 67 68 70 71 69 67 68 70 69 69 70 70 69 69 72 78 73 72 74 74 72 72 73 78 76 80 75 74 76 80 79 78 78 77 77 -999 -999 -999 -999 -999 -999 -999 -999 -999
78 81 80 79 78 78 82 82 81 80 78 78 76 78 78 80 79 79 78 75 75 76 76 78 78 78 80 80 82 82 78 77 74 72 70 72 71 68 69 69 68 67 70 67 68 68 68 68 67 68 66 66 67 67 68 71 69 67 69 69 69 68 68 68 68 68 75 74 74 73 77 73 72 71 71 75 77 78 76 74 78 78 79 79 81 79 73 76 74 67 -999 -999 -999 -999 -999 -999
81 82 78 79 75 77 80 82 82 81 78 80 78 78 79 79 76 79 78 75 74 75 76 78 77 78 81 84 83 82 81 76 73 71 71 71 75 70 68 67 69 68 69 70 69 68 68 67 67 67 67 67 66 66 68 68 69 68 68 68 68 68 68 68 68 66 67 71 72 78 74 77 73 69 69 72 73 76 80 80 75 77 77 79 80 74 71 74 70 67 65 -999 -999 -999 -999 -999
76 79 80 79 75 81 81 84 83 81 80 78 78 77 78 79 77 77 74 74 74 76 78 77 78 79 84 82 83 82 78 76 73 72 70 69 71 72 72 69 69 69 70 70 71 69 69 68 66 66 66 66 66 66 67 67 68 68 68 70 70 68 68 67 67 66 67 70 78 74 75 73 71 68 71 72 72 74 81 81 77 72 74 75 74 73 71 77 70 67 65 -999 -999 -999 -999 -999
79 75 71 75 80 80 81 85 83 82 80 79 80 79 79 78 77 78 75 76 75 77 77 76 76 77 79 77 83 83 77 74 72 69 69 68 70 71 73 72 73 71 70 69 69 69 69 68 67 70 67 67 66 64 66 66 66 67 69 69 71 70 69 68 66 67 69 70 74 78 77 72 69 66 68 71 73 76 80 81 76 72 72 73 72 73 68 68 69 67 65 -999 -999 -999 -999 -999
74 77 79 79 81 78 80 84 85 80 77 80 79 78 79 78 74 79 77 76 74 72 77 75 75 78 78 77 78 79 75 74 70 69 70 68 69 69 69 72 74 72 70 69 69 69 70 68 69 69 68 69 66 65 65 66 66 69 69 72 71 72 70 66 66 68 69 72 75 80 76 70 67 68 70 71 73 76 77 79 73 71 71 72 71 71 70 67 67 66 66 -999 -999 -999 -999 -999
79 75 78 79 80 80 80 88 82 83 82 84 79 82 78 80 79 78 76 75 74 72 74 75 78 79 78 78 76 74 73 71 69 69 69 68 68 69 68 69 71 71 70 69 69 70 70 69 69 68 67 68 67 66 65 66 66 67 70 73 70 69 66 67 66 70 73 70 70 75 75 73 69 70 69 73 75 75 77 77 72 71 69 73 69 68 68 67 66 66 66 -999 -999 -999 -999 -999
78 77 79 81 83 81 82 81 83 84 85 87 80 80 80 82 82 80 79 76 76 73 73 75 77 78 80 79 78 74 73 72 71 68 69 69 69 70 70 68 69 69 70 71 70 69 71 70 69 69 69 70 69 67 66 65 66 65 70 68 68 68 66 66 66 69 72 69 69 73 73 70 70 70 71 72 74 74 77 77 74 77 69 70 68 68 66 66 67 68 67 -999 -999 -999 -999 -999
79 80 79 80 85 80 82 83 81 84 81 83 81 85 79 82 80 81 80 76 74 72 73 76 77 80 79 80 76 73 72 72 70 69 69 68 69 69 67 68 68 68 67 69 67 68 70 73 73 71 68 70 69 68 68 66 65 66 66 66 68 66 66 66 67 70 71 68 67 72 73 68 71 73 72 73 73 74 75 75 78 73 69 67 68 70 68 68 66 67 67 67 67 -999 -999 -999
79 80 81 80 87 82 82 82 82 85 86 85 83 83 82 83 83 81 77 74 73 72 74 76 81 80 82 79 78 76 73 70 70 70 69 68 69 69 68 69 68 68 67 66 66 68 68 71 70 69 68 70 69 68 67 66 66 66 67 66 66 69 67 66 69 68 69 67 68 70 71 71 74 74 73 73 75 75 75 74 75 74 68 67 68 68 68 68 66 67 67 67 67 -999 -999 -999
80 80 80 81 86 82 78 78 85 84 87 85 85 82 84 81 82 83 80 78 73 76 79 82 84 81 82 76 76 77 71 71 71 69 70 69 70 71 68 69 71 69 68 66 66 67 68 69 70 71 70 69 69 70 69 68 67 68 67 66 66 68 66 66 67 70 69 67 67 69 68 71 71 72 73 73 75 76 76 74 73 72 69 68 68 69 66 66 68 68 70 69 68 68 -999 -999
77 79 80 82 85 84 77 80 86 84 86 88 86 83 87 80 83 77 78 76 77 75 80 84 87 85 77 75 74 76 70 69 70 71 71 71 71 69 69 69 70 72 71 70 68 66 70 69 70 71 70 69 71 69 70 70 69 69 69 68 69 69 68 68 71 71 70 67 68 69 67 74 71 71 72 74 75 73 74 73 72 69 70 70 70 71 69 68 67 68 69 69 69 68 -999 -999
78 80 81 81 83 83 79 85 86 83 84 82 82 84 86 86 78 83 79 80 79 80 78 80 81 82 79 78 77 74 72 70 72 73 73 72 70 73 73 72 69 72 73 70 68 70 71 70 72 72 71 71 70 70 72 68 70 71 72 71 69 70 70 70 70 67 69 70 72 67 67 69 72 75 77 73 71 73 72 71 68 68 71 70 70 71 69 69 69 -999 -999 -999 -999 -999 -999 -999
84 84 83 76 77 77 81 84 86 82 76 84 88 89 89 82 85 84 87 86 82 80 80 82 87 88 84 80 75 74 73 72 75 75 75 71 68 75 75 73 72 73 72 70 69 72 73 75 77 78 76 72 76 72 71 74 74 76 73 76 73 70 70 72 75 77 76 70 73 72 74 73 76 74 72 67 67 71 71 69 71 67 71 72 72 73 72 72 71 -999 -999 -999 -999 -999 -999 -999
76 76 76 76 71 76 85 87 87 83 86 89 85 84 80 87 91 90 92 90 83 81 81 83 86 85 82 79 76 74 73 75 78 78 75 74 69 78 78 74 76 75 74 70 70 71 74 77 75 79 76 77 74 79 75 76 75 73 72 70 71 70 74 70 75 81 77 72 76 78 77 75 75 73 72 74 72 67 69 72 75 71 72 70 71 74 75 75 70 70 70 71 71 69 -999 -999
72 69 71 72 72 84 78 78 89 81 84 85 85 87 85 84 88 88 83 83 82 82 80 81 82 82 83 82 78 76 74 78 70 69 71 73 68 74 77 74 77 76 76 74 74 74 71 70 68 70 70 74 70 73 74 76 72 69 67 68 68 70 67 72 78 80 75 76 77 78 78 74 71 68 74 73 73 70 72 74 77 76 73 73 73 74 75 74 72 71 71 73 72 70 75 -999
67 68 69 77 74 75 81 87 87 85 78 89 88 84 83 84 78 88 85 89 84 85 78 80 80 84 84 81 79 78 75 75 76 69 69 68 63 68 70 72 75 79 80 77 76 73 72 70 70 68 72 73 70 75 69 69 67 68 66 66 65 66 67 74 76 76 70 76 77 77 75 71 71 69 70 72 73 70 70 74 77 79 80 78 74 74 76 80 74 77 76 77 74 73 76 -999
67 67 69 73 73 73 77 90 88 83 75 83 84 81 84 84 85 87 84 86 82 79 85 80 79 80 79 80 78 81 81 75 76 69 69 69 68 67 68 72 80 78 75 71 72 70 70 72 69 69 67 69 68 67 67 66 65 65 64 64 63 63 64 66 68 71 69 72 74 74 74 67 74 72 71 71 71 71 76 80 77 81 83 82 75 75 78 76 74 77 83 79 75 80 80 -999
70 68 69 71 76 73 80 79 80 84 77 80 85 85 81 77 83 86 81 83 85 89 79 85 78 81 77 76 78 81 82 75 72 70 71 70 68 69 68 70 76 74 70 72 69 73 70 69 68 68 67 66 66 67 66 65 65 64 64 64 63 62 63 63 64 67 69 71 76 75 73 67 73 71 69 68 72 73 77 81 80 84 84 83 79 76 79 76 74 77 82 76 76 79 78 80
72 72 70 73 73 76 87 91 82 76 84 74 85 86 76 87 87 85 88 95 88 81 81 81 82 82 77 76 76 82 77 74 76 75 73 71 71 69 69 69 70 71 70 71 68 69 68 67 67 68 69 68 68 70 67 65 65 63 61 61 62 62 64 65 64 70 68 71 71 74 75 70 66 65 70 70 70 74 78 81 84 82 86 84 81 79 77 75 74 80 79 79 77 78 82 81
74 71 73 71 73 73 74 86 91 80 81 75 82 75 80 92 85 87 87 88 88 83 82 83 77 80 76 75 73 74 79 77 77 80 74 73 71 69 69 71 73 70 70 71 71 69 68 67 67 69 68 69 72 75 69 66 64 63 63 62 63 64 66 68 62 68 67 68 71 74 72 68 65 69 71 71 69 73 79 82 79 80 82 82 77 78 74 73 75 80 77 75 77 80 85 82
73 76 72 72 73 74 79 79 92 93 78 77 88 82 80 78 91 92 90 92 85 82 79 77 77 76 75 76 75 72 74 75 74 76 75 74 70 69 68 69 72 69 67 72 74 71 68 70 69 70 71 77 78 82 75 67 64 66 66 65 66 68 70 67 64 64 68 72 65 68 65 66 67 71 71 68 69 73 78 79 76 76 78 77 76 77 73 72 75 80 79 76 78 79 82 77
75 77 74 73 72 75 79 75 78 79 77 78 82 90 89 84 84 97 93 94 88 84 80 83 80 76 78 74 75 75 73 73 74 74 79 71 71 69 68 68 71 67 70 74 70 69 72 71 74 73 75 79 80 85 82 71 68 70 70 70 70 66 66 69 65 63 66 66 68 71 73 74 72 68 69 71 69 71 74 78 74 75 75 72 74 75 75 76 77 70 77 76 78 78 76 73
73 72 73 72 72 73 74 73 74 75 77 76 76 79 79 81 92 89 98 91 83 82 85 82 79 78 76 72 72 73 73 74 76 73 72 74 70 68 68 66 70 66 70 72 67 72 74 75 73 69 72 77 79 78 78 73 74 69 74 75 71 72 70 67 68 64 64 67 72 74 74 76 75 76 72 71 78 76 75 75 70 74 72 74 75 73 75 76 73 79 79 81 80 78 75 72
72 72 74 73 75 74 72 75 77 77 78 76 76 79 81 88 88 88 84 88 78 76 80 78 75 74 75 72 74 73 72 74 75 74 74 71 68 68 68 67 67 66 66 67 68 76 77 70 70 67 74 71 70 81 81 78 69 65 71 71 80 71 67 69 67 64 65 69 74 74 74 79 77 79 76 77 74 77 74 70 68 68 73 73 74 74 73 72 72 73 82 83 82 79 74 72
72 73 75 75 76 75 77 78 78 86 80 79 82 83 83 98 99 92 97 85 81 76 79 77 80 80 79 76 77 84 75 74 73 70 70 72 73 70 70 68 65 65 65 66 65 70 77 70 69 70 70 69 72 78 76 77 72 66 69 68 75 76 73 70 70 64 64 66 71 73 76 77 80 78 75 74 73 75 74 70 69 72 73 73 72 73 72 72 70 72 78 88 81 79 78 73
75 76 76 75 78 80 77 78 78 85 88 86 89 96 82 85 99 95 97 87 83 80 81 83 78 78 80 77 73 72 71 72 73 70 72 72 72 73 68 67 64 64 64 66 65 68 74 68 67 69 68 70 80 75 73 76 72 65 67 72 74 72 75 73 71 65 65 67 70 74 76 74 79 76 73 71 74 72 72 70 72 71 70 69 70 73 76 72 70 70 73 77 83 82 77 75
76 78 78 79 79 77 76 80 78 80 84 93 93 95 84 92 80 82 90 89 78 83 82 82 74 72 76 76 78 79 73 73 72 73 71 69 67 67 70 73 64 63 65 67 66 69 70 70 70 66 63 76 78 70 75 71 68 66 64 65 66 70 73 75 75 68 67 64 67 69 71 72 73 75 73 70 74 77 72 72 69 71 72 72 74 74 73 72 69 73 73 76 81 85 80 77
80 83 85 82 80 79 80 82 80 81 95 88 89 95 90 87 82 88 78 83 80 76 77 80 76 76 74 81 81 77 76 73 72 71 70 72 68 67 67 64 66 65 64 68 73 65 66 69 69 65 63 63 66 66 70 80 76 69 65 64 66 67 71 69 72 71 65 65 65 69 72 70 71 71 70 74 74 75 73 72 70 69 72 76 78 72 72 71 68 71 72 76 77 84 81 76
78 82 91 87 85 82 93 88 90 83 77 90 93 92 92 89 85 84 88 80 79 74 76 74 74 77 76 82 77 80 79 78 74 76 72 69 69 68 67 66 63 63 63 63 64 66 65 67 67 69 65 63 63 63 64 65 66 71 64 64 64 66 71 69 68 66 65 65 68 68 68 72 68 67 73 75 72 76 71 73 68 70 75 78 75 70 72 73 70 69 71 73 75 79 79 76
76 79 79 82 80 80 80 88 93 81 79 78 88 90 87 89 88 89 89 80 83 78 74 80 79 76 83 81 80 81 74 77 72 73 74 71 67 65 63 63 62 64 63 61 62 62 62 63 65 64 67 66 65 65 63 62 64 63 64 65 64 65 67 66 67 70 64 66 71 71 75 73 69 69 74 75 73 71 67 71 72 74 77 78 74 72 77 72 69 69 71 71 74 77 80 79
75 77 77 78 78 79 80 83 94 92 87 80 83 89 88 91 87 89 83 81 76 79 73 78 81 79 86 82 81 83 80 75 75 69 68 70 65 67 66 65 63 64 64 63 62 63 65 63 62 62 63 64 63 61 63 67 68 64 63 64 67 65 66 66 66 67 72 73 75 67 71 69 67 68 71 72 70 67 74 74 77 79 81 76 75 79 78 73 71 71 71 72 76 76 78 76
76 76 77 76 77 79 79 91 91 89 86 78 86 89 87 87 89 89 82 82 76 79 78 77 77 85 80 84 84 79 79 77 77 77 72 71 68 67 67 66 64 63 63 62 61 62 64 64 62 63 62 63 63 62 61 63 69 67 68 71 68 68 66 65 65 65 67 74 68 69 65 68 67 67 69 67 68 72 74 78 78 77 76 73 75 74 76 72 71 71 71 72 77 76 76 74
76 76 76 76 77 80 79 80 91 83 89 88 88 90 87 89 89 90 87 82 81 80 84 81 80 80 83 81 85 82 81 77 79 72 77 72 70 69 67 66 66 62 65 65 63 61 61 63 62 62 62 62 63 62 60 62 63 66 65 67 67 69 67 65 65 64 67 71 65 68 67 72 73 68 66 70 68 71 71 75 77 74 74 74 77 75 73 72 72 71 71 73 73 75 74 74
77 77 77 78 78 79 79 92 90 84 84 85 88 87 86 88 89 88 88 84 82 82 80 86 84 84 81 78 82 76 78 75 74 70 75 74 72 68 70 67 64 66 62 64 65 66 60 62 64 64 63 63 62 62 61 61 61 62 63 65 65 69 68 69 65 64 65 65 72 75 68 70 72 75 70 66 67 69 70 73 75 79 74 79 82 80 79 76 73 71 71 72 72 74 73 73
78 79 76 77 76 77 80 77 81 77 85 85 83 78 87 89 88 88 88 85 82 81 80 80 79 81 80 77 75 76 74 76 72 72 75 70 71 72 71 67 66 66 67 67 68 63 63 63 65 64 64 61 61 62 62 61 60 62 64 64 65 66 67 66 67 69 70 67 67 68 72 72 69 73 77 68 72 69 71 73 74 73 76 80 75 77 76 78 77 74 72 71 73 72 71 72
78 79 80 78 77 77 76 78 80 77 78 78 85 87 87 86 86 86 88 88 83 81 83 82 77 83 80 76 75 77 75 80 79 73 67 76 71 71 71 66 66 67 69 67 67 67 63 63 63 66 68 63 63 63 66 62 61 62 65 65 63 65 66 65 65 65 68 68 66 67 69 78 74 69 74 79 78 74 70 73 75 73 78 78 79 75 75 79 82 76 73 72 71 72 71 71
76 79 80 79 78 78 77 77 78 74 79 85 82 77 77 86 86 87 86 87 87 83 79 78 78 76 77 81 76 77 72 75 75 79 71 74 75 74 77 72 73 70 72 66 67 62 63 64 64 65 68 66 63 65 67 67 67 64 65 63 64 64 64 65 65 65 67 66 68 72 69 77 79 74 75 79 80 75 73 73 77 74 72 75 79 79 79 79 79 85 75 72 71 72 72 70
79 79 78 78 81 80 79 78 76 75 74 77 78 82 89 88 86 85 84 84 82 82 79 77 81 77 77 76 77 69 72 77 75 75 74 70 70 79 74 73 73 72 73 70 67 63 63 63 69 69 70 67 68 67 68 66 70 68 67 66 65 65 64 64 65 68 66 67 70 68 72 76 75 79 76 75 79 79 74 73 73 74 73 75 79 75 74 78 74 76 75 74 71 70 71 70
79 80 80 81 75 75 75 77 74 75 74 74 77 77 76 81 84 83 83 87 84 83 89 83 78 79 78 77 76 78 78 73 74 75 75 71 72 77 74 76 72 72 71 66 66 68 69 65 66 71 71 71 70 68 64 68 68 66 64 68 67 63 64 65 65 66 66 66 67 67 70 71 78 79 78 77 76 80 77 78 72 74 73 77 80 75 74 73 72 74 73 71 71 70 70 69
78 78 77 79 76 80 77 77 79 79 78 73 72 76 80 84 83 85 82 85 85 88 83 83 77 79 78 87 77 78 82 77 72 76 77 72 71 76 75 72 72 70 71 65 69 72 73 70 66 70 70 70 69 69 64 64 65 65 66 69 64 64 65 67 65 66 66 68 67 68 69 71 75 80 80 79 76 81 80 81 76 74 77 77 76 77 77 83 84 75 79 74 72 74 72 74
78 78 78 76 74 78 77 81 79 80 76 72 71 81 80 79 83 83 85 84 82 83 82 82 82 81 82 82 77 77 76 70 76 70 76 76 71 76 71 73 72 71 69 66 66 70 69 73 67 71 70 70 68 66 65 64 63 63 66 62 62 66 67 68 68 68 68 68 70 69 70 70 72 75 84 82 82 80 81 80 75 75 75 72 74 73 75 78 77 84 81 79 76 77 75 78
78 78 80 80 80 81 80 85 79 78 76 75 74 71 76 80 84 83 83 83 82 87 88 84 83 86 82 76 77 71 70 70 70 75 65 76 70 73 68 73 65 70 66 65 67 72 69 67 71 71 71 68 69 73 71 66 66 64 64 63 64 68 67 67 67 69 71 72 70 69 70 70 72 75 74 77 76 79 80 80 82 77 74 74 77 77 73 76 79 83 79 78 80 77 79 79
79 78 77 76 79 80 80 90 89 88 79 79 75 72 76 84 84 74 84 84 84 89 85 85 86 84 83 77 76 76 76 81 75 71 70 71 77 64 66 65 63 65 68 64 65 68 75 74 67 67 71 66 70 71 74 71 67 67 65 62 63 64 64 65 66 69 69 73 73 73 73 72 71 72 70 71 71 76 77 78 80 79 77 77 77 75 74 75 75 73 75 74 80 76 73 74
77 79 81 79 78 80 82 81 89 83 79 78 76 73 73 75 84 75 85 86 85 84 86 86 91 90 82 75 80 75 75 74 75 75 76 81 70 63 68 63 60 62 60 65 67 70 73 71 72 67 67 67 71 74 74 71 66 65 62 63 63 64 64 64 65 68 68 72 75 74 72 70 69 69 70 69 70 71 74 73 79 79 81 82 82 80 77 71 70 72 72 68 79 79 72 71
