Climate/data/grids_germany_multi_annual_precipitation_1981-2010_06.asc
NCOLS 654
NROWS 866
XLLCORNER 3280414.711633467
YLLCORNER 5237500.62890625
CELLSIZE 1000
NODATA_VALUE -999
[rows 572 to 623 of 866, columns 384 to 479 of 654]
74 74 73 73 73 73 79 82 80 82 80 76 78 79 77 76 74 76 77 80 81 80 78 75 76 77 74 71 74 73 74 74 76 77 79 79 77 79 78 79 78 79 78 77 77 77 77 79 84 80 76 76 81 85 85 81 76 74 73 72 73 73 72 71 72 72 73 72 71 72 72 74 74 74 73 72 72 72 74 77 78 80 81 82 84 83 84 82 83 -999 -999 -999 -999 -999 -999 -999
77 76 76 74 73 75 79 82 75 76 80 79 77 84 79 76 78 82 81 80 79 80 78 76 77 78 73 71 73 73 74 73 78 77 77 78 79 77 77 77 76 77 78 76 77 79 79 79 86 86 82 74 80 84 82 82 78 73 73 74 74 71 78 73 73 74 72 71 72 72 73 73 74 74 73 72 72 73 76 77 79 81 83 88 86 83 83 -999 -999 -999 -999 -999 -999 -999 -999 -999
79 78 76 76 76 81 79 76 76 79 83 80 83 82 79 77 82 85 81 80 80 77 79 74 76 78 80 71 73 73 77 81 79 79 78 78 77 77 75 75 77 78 79 78 76 76 75 78 80 81 86 80 74 76 79 79 76 75 73 74 73 74 75 75 73 74 72 75 74 74 77 77 75 75 72 75 75 75 78 80 82 82 87 86 87 84 82 -999 -999 -999 -999 -999 -999 -999 -999 -999
80 80 78 77 77 75 82 74 83 76 77 76 80 80 82 80 81 85 86 82 82 80 78 74 76 78 78 72 73 72 76 78 80 79 78 76 76 76 75 74 74 75 77 77 78 76 76 78 76 78 79 78 79 75 74 76 75 75 75 74 75 75 74 74 75 72 75 76 77 76 77 77 78 78 77 76 77 78 80 82 84 85 84 84 90 88 -999 -999 -999 -999 -999 -999 -999 -999 -999 -999
82 82 81 77 78 82 79 78 84 76 76 77 77 77 83 79 83 80 82 81 78 79 78 76 77 76 77 78 72 72 74 76 80 81 78 79 78 77 75 74 73 74 75 76 79 77 76 74 79 77 80 80 82 77 75 76 73 72 73 74 74 75 74 74 75 71 70 77 76 75 77 79 78 78 79 77 77 79 81 84 86 84 84 84 88 92 -999 -999 -999 -999 -999 -999 -999 -999 -999 -999
82 82 81 77 75 80 80 81 79 76 77 77 78 78 76 74 82 79 82 79 81 81 79 77 76 78 78 78 74 72 72 74 76 79 80 79 80 78 75 75 77 76 75 76 78 80 78 77 79 80 84 86 82 81 78 76 77 75 72 72 73 75 74 74 75 72 74 75 76 78 79 80 80 78 79 79 79 80 81 86 86 85 86 85 87 92 -999 -999 -999 -999 -999 -999 -999 -999 -999 -999
82 84 83 81 77 79 79 78 73 75 76 76 78 84 74 73 76 79 84 85 81 79 77 80 77 75 78 79 73 72 74 75 75 75 76 77 77 79 78 79 82 79 75 74 75 76 77 77 77 81 88 85 83 80 80 78 80 76 78 78 75 75 72 73 75 75 77 76 77 78 79 79 79 80 81 80 82 83 82 85 83 84 86 86 89 -999 -999 -999 -999 -999 -999 -999 -999 -999 -999 -999
82 84 82 78 77 79 75 85 84 78 79 82 84 78 74 80 79 79 82 81 81 80 78 78 78 76 76 75 73 72 72 75 75 74 75 76 75 75 78 77 77 75 73 74 73 75 77 77 79 80 84 91 90 85 81 80 84 82 81 77 76 74 74 74 73 75 76 78 79 79 75 79 80 81 82 82 81 80 81 82 83 86 86 88 92 -999 -999 -999 -999 -999 -999 -999 -999 -999 -999 -999
83 84 81 84 83 83 80 79 84 85 89 92 82 80 82 86 82 77 83 78 82 78 78 79 80 78 76 76 78 73 73 74 74 74 75 74 74 75 75 76 79 75 75 75 74 74 75 76 77 76 82 89 88 89 84 85 82 80 79 79 77 76 73 72 75 76 78 79 80 78 78 80 81 82 82 82 84 84 85 85 86 87 87 91 92 90 -999 -999 -999 -999 -999 -999 -999 -999 -999 -999
81 77 84 79 79 81 80 81 88 87 85 86 85 78 79 84 80 81 77 83 85 78 81 83 82 80 77 75 75 74 74 77 76 76 73 75 74 75 76 75 78 79 76 74 74 74 77 77 79 79 80 88 85 86 85 86 85 85 81 78 80 79 75 72 74 76 77 78 76 77 79 81 82 84 84 83 85 87 90 87 87 90 90 92 -999 -999 -999 -999 -999 -999 -999 -999 -999 -999 -999 -999
86 80 85 80 76 81 79 83 85 87 86 87 82 82 91 83 83 80 82 81 87 80 83 86 89 87 81 77 75 75 75 78 76 74 74 74 74 76 74 74 76 81 78 75 74 76 74 73 74 77 80 84 84 80 83 79 77 86 84 79 77 79 78 73 74 75 78 76 76 78 80 83 83 86 88 87 86 88 94 92 91 95 -999 -999 -999 -999 -999 -999 -999 -999 -999 -999 -999 -999 -999 -999
86 81 82 75 84 81 83 83 86 87 83 87 89 88 90 85 90 83 82 82 84 80 86 87 88 86 88 82 80 79 78 76 76 77 75 74 74 74 74 73 72 73 77 79 75 72 73 73 75 77 78 82 82 80 79 78 76 77 80 80 78 78 76 74 74 76 74 76 78 79 81 83 86 88 89 88 89 89 94 95 100 -999 -999 -999 -999 -999 -999 -999 -999 -999 -999 -999 -999 -999 -999 -999
85 86 85 78 84 82 77 83 85 87 86 86 88 80 85 91 89 83 79 79 80 82 85 86 86 87 87 87 88 84 81 76 76 75 75 75 76 76 74 73 72 72 75 75 77 76 71 74 75 77 79 81 80 79 79 78 76 75 75 80 77 78 78 78 73 75 74 79 82 80 83 84 87 90 92 91 90 91 98 101 102 -999 -999 -999 -999 -999 -999 -999 -999 -999 -999 -999 -999 -999 -999 -999
80 84 87 75 83 84 84 84 87 89 85 89 86 89 91 87 87 85 81 82 88 84 86 86 84 82 86 84 84 84 83 76 77 77 75 76 75 78 74 72 73 73 72 72 72 71 71 72 73 77 80 79 79 78 78 78 77 75 74 80 74 78 78 77 75 75 75 76 79 82 84 86 87 89 90 93 98 94 95 97 101 -999 -999 -999 -999 -999 -999 -999 -999 -999 -999 -999 -999 -999 -999 -999
87 85 76 82 83 87 85 85 90 91 95 89 86 86 85 88 87 84 81 82 88 88 88 84 81 81 79 84 83 84 81 77 78 78 76 76 76 78 74 73 72 72 72 72 73 71 73 72 73 73 79 78 78 77 77 79 75 74 75 75 75 80 77 76 74 77 76 78 79 80 84 85 87 87 89 89 89 92 92 95 100 -999 -999 -999 -999 -999 -999 -999 -999 -999 -999 -999 -999 -999 -999 -999
88 85 84 84 86 86 89 87 89 90 88 90 88 87 87 85 86 84 78 79 84 86 87 81 86 88 85 86 85 84 82 79 77 77 75 75 73 80 74 77 76 75 73 73 72 72 74 74 73 72 82 80 78 78 76 78 79 77 75 77 75 77 79 76 76 77 77 78 78 81 83 85 87 88 87 90 94 96 94 96 98 94 -999 -999 -999 -999 -999 -999 -999 -999 -999 -999 -999 -999 -999 -999
89 89 89 85 85 86 91 93 90 88 87 86 85 85 86 85 87 81 79 78 83 84 85 82 84 86 88 87 86 84 82 80 79 78 77 75 74 73 72 72 76 78 76 75 73 73 75 73 73 73 74 77 75 76 76 77 79 76 75 75 75 74 76 74 77 76 75 79 80 82 83 85 86 86 86 87 87 90 92 92 95 92 92 -999 -999 -999 -999 -999 -999 -999 -999 -999 -999 -999 -999 -999
88 88 91 89 90 90 93 92 92 90 87 84 86 86 84 85 85 82 79 79 83 84 82 83 88 88 89 86 82 85 82 81 79 81 81 77 74 73 75 74 72 72 77 78 75 75 75 74 73 73 72 74 74 75 76 76 76 76 78 76 76 76 76 75 76 78 79 78 77 81 84 87 86 88 89 87 91 88 91 91 92 90 89 -999 -999 -999 -999 -999 -999 -999 -999 -999 -999 -999 -999 -999
88 88 90 91 91 92 95 93 92 90 89 85 84 84 84 84 85 82 80 79 79 82 82 82 86 88 86 83 88 86 84 81 79 77 78 79 76 74 76 74 74 75 74 74 74 73 75 73 73 72 74 74 74 74 75 77 76 76 75 75 75 75 75 76 74 81 83 80 82 82 84 84 85 87 89 90 91 91 90 87 85 87 88 -999 -999 -999 -999 -999 -999 -999 -999 -999 -999 -999 -999 -999
91 92 92 92 94 95 95 94 91 91 87 85 83 83 82 83 84 81 80 79 81 82 80 84 86 87 89 85 87 86 84 81 79 77 77 78 78 74 74 74 74 76 75 74 74 74 74 73 73 73 73 74 75 76 76 78 76 75 75 76 75 75 76 76 75 76 79 87 83 83 86 86 85 85 86 91 89 94 87 87 87 91 88 87 88 88 87 -999 -999 -999 -999 -999 -999 -999 -999 -999
89 94 94 91 90 92 95 96 92 92 88 85 84 85 84 85 84 83 83 80 79 80 79 81 82 82 84 84 86 87 85 82 79 78 77 78 78 76 75 74 74 74 75 75 74 74 75 74 74 72 73 74 75 75 76 78 76 75 76 76 76 76 75 75 75 75 83 84 85 84 88 86 85 84 85 88 90 90 89 84 88 89 89 89 90 89 84 88 88 79 -999 -999 -999 -999 -999 -999
94 95 90 91 89 92 93 95 95 93 90 90 86 84 84 82 80 83 81 78 78 78 79 81 81 83 86 90 89 86 86 81 77 76 77 79 81 78 75 75 74 75 75 75 75 75 74 73 73 74 74 74 74 73 76 76 76 75 75 75 76 75 76 76 75 76 77 81 82 90 85 87 86 83 83 87 87 90 93 91 86 87 87 89 90 85 81 86 83 80 78 -999 -999 -999 -999 -999
89 90 93 91 87 94 94 98 96 95 93 88 86 84 84 83 82 81 78 77 78 80 82 80 81 83 90 85 86 86 82 81 78 77 76 76 78 79 79 75 76 75 76 77 77 76 75 75 74 74 73 74 74 75 74 75 76 76 77 79 77 77 77 76 76 76 78 80 89 86 89 86 86 82 86 87 88 89 95 94 88 82 84 85 84 84 81 89 82 80 78 -999 -999 -999 -999 -999
89 84 82 85 91 93 94 98 97 97 93 91 89 87 85 83 84 83 79 80 79 79 79 79 80 79 82 81 88 87 82 80 77 76 74 75 76 78 79 78 80 79 76 77 77 76 77 76 75 77 74 74 73 73 74 75 75 75 77 78 80 79 78 76 77 77 80 81 86 90 90 86 82 81 83 86 88 90 94 93 87 82 81 83 81 81 78 79 80 78 77 -999 -999 -999 -999 -999
82 86 91 90 92 90 92 97 99 93 90 90 88 86 85 83 80 85 81 80 76 75 81 79 79 82 82 81 81 83 80 78 76 75 75 75 76 74 76 80 81 79 77 77 76 76 76 77 76 76 76 77 74 74 74 75 75 79 78 83 81 81 79 76 77 78 80 83 86 91 87 83 81 82 83 85 86 89 88 90 84 81 80 80 79 79 78 78 78 77 77 -999 -999 -999 -999 -999
89 84 89 91 92 93 93 101 94 96 92 95 88 89 84 85 86 85 81 77 78 74 77 78 83 82 81 81 80 77 77 75 76 75 74 75 75 76 75 77 78 79 77 76 77 77 79 76 77 77 77 77 76 76 75 75 76 78 80 82 79 78 77 76 76 80 83 79 81 87 86 85 80 82 83 86 88 86 87 88 83 79 77 81 77 76 76 77 76 76 75 -999 -999 -999 -999 -999
88 87 90 93 97 94 95 94 95 97 96 96 86 85 86 88 89 85 83 80 80 75 76 79 81 83 85 84 82 78 78 76 77 75 75 75 76 76 76 75 76 76 77 78 78 78 78 78 78 77 76 77 79 77 77 75 76 76 80 79 77 77 76 76 76 79 81 77 79 83 85 81 83 82 83 84 86 85 86 86 83 84 77 78 75 76 74 74 74 75 75 -999 -999 -999 -999 -999
88 90 90 92 99 94 94 96 94 95 92 91 88 90 84 87 84 87 85 81 79 76 78 81 82 86 85 84 79 78 77 76 76 76 76 76 76 75 74 75 74 75 75 76 75 77 78 80 79 78 76 78 77 78 78 77 75 75 76 76 77 77 76 75 77 79 81 78 77 82 83 78 82 84 84 83 84 83 83 83 85 80 76 75 75 77 76 75 74 73 73 75 75 -999 -999 -999
89 90 92 92 102 96 94 94 92 96 95 92 89 88 88 89 89 84 81 79 78 78 80 80 86 85 86 84 83 79 77 75 76 76 77 75 75 75 75 76 74 74 74 75 75 76 75 79 78 76 77 79 78 77 77 77 77 77 76 77 75 79 77 76 79 78 78 78 77 80 80 82 85 84 84 83 84 85 84 81 80 79 75 75 75 76 75 74 74 74 74 75 75 -999 -999 -999
89 91 92 93 101 97 93 90 97 95 95 92 92 87 89 86 86 87 84 82 78 82 85 87 91 86 87 81 81 82 76 77 78 75 76 77 76 77 75 75 77 76 75 74 75 75 75 75 78 79 80 79 79 79 79 79 78 78 78 77 76 77 77 76 77 79 78 76 76 79 78 82 81 82 83 82 85 85 83 80 79 78 75 76 76 75 74 74 75 75 77 76 76 75 -999 -999
86 89 92 94 99 97 89 92 96 94 95 96 91 89 92 84 86 82 82 80 82 80 85 91 92 91 81 79 78 82 74 74 75 76 77 78 77 76 75 75 77 80 79 78 76 73 76 77 78 80 79 78 81 78 81 80 78 78 78 79 78 78 78 78 82 81 80 76 77 80 78 85 82 82 82 83 84 81 82 80 79 75 76 77 77 79 75 75 73 75 78 76 76 77 -999 -999
87 90 92 93 96 96 90 97 96 92 91 87 87 86 88 88 80 86 82 85 84 85 84 87 87 88 83 83 81 79 77 74 77 77 80 80 78 79 79 77 76 78 81 77 76 78 79 79 80 81 81 81 79 80 82 78 81 82 81 81 80 79 80 79 79 78 79 80 81 77 78 80 83 85 88 85 83 84 80 78 76 77 77 77 78 79 78 78 77 -999 -999 -999 -999 -999 -999 -999
93 93 93 87 87 87 90 93 95 91 83 91 93 93 87 83 87 87 90 92 88 86 86 87 92 95 89 84 80 79 77 77 80 79 82 78 75 82 82 80 79 79 80 77 76 79 83 83 86 87 85 82 86 81 82 84 84 86 84 87 85 79 80 83 85 86 86 80 83 82 84 83 86 84 84 78 78 82 80 76 79 76 78 80 80 82 80 80 79 -999 -999 -999 -999 -999 -999 -999
83 83 85 86 81 84 95 97 96 90 93 96 90 87 81 89 94 94 98 95 87 86 86 88 93 91 88 84 80 77 76 79 83 84 80 81 76 85 86 82 84 83 81 78 76 79 84 86 84 88 85 87 84 89 84 87 86 82 82 82 83 81 85 81 86 92 87 82 86 88 89 85 86 84 84 86 83 79 79 80 82 79 80 78 79 82 83 83 79 78 79 80 81 82 -999 -999
81 78 81 81 80 92 87 84 97 87 92 93 91 91 86 86 92 92 88 88 87 88 84 86 88 88 89 86 82 78 76 81 73 74 76 79 74 81 84 81 84 83 84 81 81 81 80 80 78 81 82 85 81 83 85 87 83 79 78 78 79 80 78 83 89 92 86 87 87 89 89 85 83 79 86 85 83 81 83 84 85 85 81 81 80 81 84 83 80 80 81 84 84 82 88 -999
76 76 77 85 80 84 88 94 94 92 83 97 95 89 89 88 82 91 90 94 89 89 83 86 85 90 89 85 84 83 78 79 81 74 74 75 69 75 77 80 83 90 88 85 84 81 81 80 81 79 84 85 82 86 80 80 77 79 77 77 76 76 78 84 86 87 82 87 89 88 86 84 83 82 83 85 85 82 81 84 85 86 87 84 82 82 83 87 83 85 87 88 86 84 90 -999
75 75 76 80 80 80 84 98 95 90 80 90 91 88 88 89 90 92 88 92 88 85 88 86 84 84 86 85 83 86 86 81 82 75 75 76 75 75 75 80 89 85 83 81 79 77 79 82 80 80 78 80 79 78 77 78 77 76 75 75 74 75 76 76 79 80 80 83 85 85 85 79 86 84 83 83 83 84 87 88 85 89 89 88 83 83 85 85 83 86 92 90 87 92 94 -999
77 75 77 78 83 80 87 86 87 91 82 84 91 91 87 82 88 92 85 88 90 94 83 91 84 86 81 80 83 86 88 81 78 76 76 77 75 75 74 77 83 82 77 81 77 81 80 79 78 79 80 78 77 78 77 75 76 75 75 75 74 74 74 75 74 78 79 81 87 88 85 79 85 83 81 80 85 87 87 89 88 91 88 88 85 83 86 83 81 85 93 88 87 91 90 93
79 79 77 80 80 82 95 99 90 82 92 78 91 92 81 92 92 90 92 101 94 85 85 84 86 85 82 81 80 88 83 79 83 82 79 77 76 75 75 76 77 79 77 79 78 78 78 77 79 79 80 78 80 81 77 77 77 74 73 73 73 74 75 76 75 81 80 82 83 86 87 82 77 77 83 82 82 85 88 90 92 87 89 89 87 84 84 82 82 89 89 89 88 90 94 92
81 77 80 78 79 81 82 93 99 87 86 80 87 80 85 98 90 92 92 93 93 87 85 87 82 85 81 80 79 81 87 83 85 87 79 79 76 75 74 76 80 77 76 79 80 78 77 78 79 80 80 81 84 88 81 77 75 74 75 74 75 76 77 79 75 79 79 80 83 86 84 79 77 80 82 82 79 82 88 90 85 85 84 84 81 83 80 80 83 88 86 86 87 91 95 94
80 83 78 78 79 82 87 87 102 102 85 84 95 89 85 82 96 97 94 97 89 85 82 81 81 80 80 82 80 78 81 82 81 82 82 79 75 73 72 74 77 75 75 81 83 80 79 81 81 82 84 89 89 93 87 78 75 78 79 77 79 81 82 78 75 75 79 83 76 79 76 77 78 82 83 79 79 82 86 86 83 82 82 82 80 82 80 80 83 88 88 85 88 89 92 89
81 84 81 79 79 81 86 83 87 87 83 85 88 98 96 89 90 103 99 100 92 89 85 88 84 80 83 80 81 81 79 80 80 81 86 77 75 75 73 74 76 75 78 82 79 79 83 82 85 84 87 92 93 98 95 83 79 82 82 82 82 77 77 80 76 74 77 77 80 82 85 85 84 79 81 83 79 81 82 84 81 81 80 78 79 81 82 83 85 78 87 85 87 87 86 83
80 79 79 79 78 79 81 80 82 83 84 83 82 83 85 86 96 93 103 98 89 87 91 87 84 82 82 79 78 79 79 80 82 79 79 80 76 73 73 72 76 73 77 80 77 81 82 86 85 82 85 89 92 91 90 86 87 81 85 87 84 84 80 79 80 73 74 78 82 85 86 88 88 88 84 83 88 87 83 83 77 81 78 80 82 80 83 84 81 87 88 90 90 87 85 82
78 78 80 80 80 80 79 83 85 86 87 84 83 85 85 92 93 93 90 93 84 81 86 84 81 78 80 76 80 79 79 80 81 80 79 77 74 73 72 72 72 72 74 76 77 85 87 81 82 79 87 84 82 94 94 91 80 78 82 82 92 81 78 79 76 73 74 79 84 85 85 92 89 91 89 89 86 88 83 78 76 76 80 81 81 81 80 81 81 83 91 93 92 89 85 82
77 79 81 81 82 81 83 86 87 98 90 87 89 89 89 105 105 97 104 93 88 83 85 83 85 86 85 81 82 90 81 81 79 77 76 77 79 75 77 73 71 71 72 74 73 79 87 80 79 82 83 82 84 91 89 89 84 78 81 81 88 86 84 81 80 74 74 75 81 84 86 90 94 91 87 86 84 85 84 77 77 80 80 80 80 82 81 81 81 83 89 98 91 89 88 83
79 81 80 80 85 86 83 88 87 96 98 95 98 105 88 90 105 101 105 95 91 87 89 90 84 85 86 83 78 78 78 78 79 77 79 78 79 79 74 73 71 70 72 73 73 77 83 77 78 80 81 83 93 88 86 88 83 78 80 83 86 85 86 83 81 73 73 77 80 85 88 86 93 91 88 84 86 82 82 79 80 79 79 77 79 82 85 82 80 81 84 87 94 92 87 85
80 83 83 84 84 84 82 88 86 89 92 104 102 103 88 98 86 86 98 97 87 92 92 91 82 81 84 84 85 85 79 78 78 78 76 76 75 75 78 80 71 70 72 75 74 78 79 80 80 76 75 89 92 83 87 83 81 79 75 76 78 81 83 85 84 78 77 74 76 80 82 86 87 88 85 83 85 87 82 81 78 80 80 80 81 84 84 82 81 86 84 87 93 96 91 88
84 87 90 87 84 84 86 89 87 88 104 96 95 103 96 92 86 95 84 91 88 84 87 89 86 85 84 89 89 85 83 78 78 76 76 77 74 73 74 71 73 74 72 76 83 74 76 80 79 76 76 74 78 78 82 94 92 81 77 76 77 79 81 80 81 79 73 74 75 81 83 81 82 83 83 86 83 85 82 81 80 79 81 86 87 82 83 83 84 85 86 87 89 97 93 87
81 85 96 92 89 86 100 95 97 89 84 97 100 98 99 95 90 90 95 87 87 83 87 86 84 87 85 89 84 87 85 84 79 80 78 76 76 75 73 74 71 70 71 71 72 75 75 77 77 80 76 74 74 75 77 78 78 85 76 76 76 77 82 79 78 75 74 74 77 78 79 84 79 78 85 85 82 86 81 82 78 78 84 88 86 80 83 87 86 84 84 85 87 91 91 88
79 82 82 87 84 84 87 94 99 86 84 82 93 95 91 93 93 93 95 87 91 87 85 92 91 85 92 89 87 87 80 83 78 78 78 76 72 70 69 70 70 71 71 70 70 72 72 73 76 74 78 77 77 77 76 75 77 77 77 78 75 76 77 78 77 80 74 76 81 82 86 85 79 81 85 86 83 81 78 81 81 83 87 89 84 82 89 87 85 84 84 85 87 90 91 91
79 80 82 82 83 83 85 89 101 99 94 83 89 93 92 96 92 94 90 90 84 89 83 90 92 89 95 90 88 90 86 80 80 74 73 75 70 71 72 71 70 72 73 71 70 71 73 72 73 73 75 77 76 74 76 80 81 77 77 76 79 78 78 77 78 78 83 84 87 78 81 79 77 77 81 81 80 77 83 84 88 89 90 86 84 89 89 85 84 84 84 85 89 89 91 88
79 80 80 81 82 83 84 99 99 96 93 83 90 94 91 89 91 93 87 89 84 87 88 87 86 94 88 93 91 85 86 81 82 80 76 73 72 72 71 71 72 71 71 72 69 72 73 74 71 72 72 74 75 74 73 76 83 81 82 84 81 81 79 77 77 77 79 86 79 79 75 76 76 76 77 77 77 81 84 89 88 86 86 83 85 85 87 84 83 84 84 85 88 89 87 87
