Climate/data/grids_germany_multi_annual_precipitation_1981-2010_15.asc
NCOLS 654
NROWS 866
XLLCORNER 3280414.711633467
YLLCORNER 5237500.62890625
CELLSIZE 1000
NODATA_VALUE -999
[rows 615 to 655 of 866, columns 0 to 93 of 654]
-999 -999 -999 -999 -999 -999 -999 -999 -999 -999 -999 -999 -999 -999 -999 -999 -999 -999 -999 -999 -999 -999 -999 -999 -999 -999 -999 -999 205 207 216 225 237 250 251 254 254 259 256 259 258 251 215 243 234 216 235 242 253 256 251 247 240 257 255 252 252 252 251 252 254 256 257 266 254 252 268 262 275 273 295 282 290 286 276 265 268 274 275 274 261 263 265 259 257 255 251 253 254 262 251 267 276 253
-999 -999 -999 -999 -999 -999 -999 -999 -999 -999 -999 -999 -999 -999 -999 -999 -999 -999 -999 -999 -999 -999 -999 -999 -999 -999 -999 -999 205 209 219 228 240 255 252 254 257 258 265 256 249 252 238 238 212 216 226 233 249 249 269 248 245 238 251 250 270 254 247 249 249 250 256 253 253 248 270 263 263 279 262 274 273 289 272 270 268 275 271 262 261 256 253 257 260 253 244 248 260 257 267 256 264 269
-999 -999 -999 -999 -999 -999 -999 -999 -999 -999 -999 -999 -999 -999 -999 -999 -999 -999 -999 -999 -999 -999 -999 -999 -999 -999 -999 -999 205 207 219 237 244 256 257 257 261 261 258 252 251 236 235 226 218 235 232 238 232 245 240 252 245 237 241 246 270 258 257 263 273 259 245 245 244 264 256 253 274 256 261 278 271 262 266 271 270 277 267 273 261 256 254 246 253 254 243 257 251 256 259 251 253 257
-999 -999 -999 -999 -999 -999 -999 -999 -999 -999 -999 -999 -999 -999 -999 -999 -999 -999 -999 -999 -999 -999 -999 -999 -999 -999 -999 -999 213 210 219 237 256 263 258 265 262 262 262 247 244 234 221 250 228 217 218 230 248 242 232 243 235 238 237 252 263 262 261 251 268 250 247 253 268 248 242 257 244 248 247 263 268 263 254 277 290 296 271 265 263 263 251 248 249 243 245 248 246 267 274 249 248 247
-999 -999 -999 -999 -999 -999 -999 -999 -999 -999 -999 -999 -999 -999 -999 -999 -999 -999 -999 -999 -999 -999 -999 -999 -999 -999 -999 -999 216 209 237 245 248 261 263 263 263 266 272 242 243 235 229 237 221 218 219 225 233 236 236 234 242 253 234 252 262 256 268 269 258 253 250 250 245 250 255 240 247 255 259 265 254 253 249 261 284 263 270 263 255 270 256 256 245 248 246 247 255 277 261 267 262 246
-999 -999 -999 -999 -999 -999 -999 -999 -999 -999 -999 -999 -999 -999 -999 -999 -999 -999 -999 -999 -999 -999 -999 -999 -999 -999 -999 -999 -999 -999 224 -999 -999 -999 -999 264 261 267 246 242 238 232 219 242 222 220 222 226 233 241 252 230 252 256 256 259 247 242 268 271 249 249 253 240 236 270 251 241 244 248 259 247 239 233 249 251 261 263 261 259 258 266 254 253 255 250 252 244 257 266 261 255 257 250
-999 -999 -999 -999 -999 -999 -999 -999 -999 -999 -999 -999 -999 -999 -999 -999 -999 -999 -999 -999 -999 -999 -999 -999 -999 -999 -999 -999 -999 -999 -999 -999 -999 -999 -999 -999 261 260 259 238 239 232 243 254 233 224 222 226 247 246 239 248 272 267 237 252 258 235 236 250 254 259 252 240 246 243 233 233 246 227 216 223 227 237 247 255 263 269 251 260 276 257 257 249 250 241 251 256 273 261 258 239 260 265
-999 -999 -999 -999 -999 -999 -999 -999 -999 -999 -999 -999 -999 -999 -999 -999 -999 -999 -999 -999 -999 -999 -999 -999 -999 -999 -999 -999 -999 -999 -999 -999 -999 -999 -999 -999 -999 252 253 256 261 258 257 260 248 234 226 222 232 237 262 251 263 271 250 238 231 234 248 250 264 263 256 246 250 244 231 225 215 191 203 210 236 246 254 252 263 267 259 277 282 266 254 248 244 244 242 247 268 256 245 256 243 252
-999 -999 -999 -999 -999 -999 -999 -999 -999 -999 -999 -999 -999 -999 -999 -999 -999 -999 -999 -999 -999 -999 -999 -999 -999 -999 -999 -999 -999 -999 -999 -999 -999 -999 -999 -999 -999 247 250 247 258 252 253 257 249 234 235 228 245 235 236 250 262 253 246 227 232 234 254 250 260 253 253 250 254 251 237 209 214 207 200 222 247 239 258 264 253 251 276 286 280 270 257 256 240 261 254 247 255 260 242 241 256 263
-999 -999 -999 -999 -999 -999 -999 -999 -999 -999 -999 -999 -999 -999 -999 -999 -999 -999 -999 -999 -999 -999 -999 -999 -999 -999 -999 -999 -999 -999 -999 -999 -999 -999 -999 -999 -999 243 243 247 246 251 251 246 246 232 234 223 235 260 263 262 267 244 223 224 226 227 240 257 251 258 261 250 255 255 242 223 212 209 220 229 246 251 245 247 246 260 285 278 279 280 254 244 248 239 244 247 256 246 241 237 256 245
-999 -999 -999 -999 -999 -999 -999 -999 -999 -999 -999 -999 -999 -999 -999 -999 -999 -999 -999 -999 -999 -999 -999 -999 -999 -999 -999 -999 -999 -999 -999 -999 -999 -999 -999 -999 -999 240 243 237 243 246 247 251 247 253 235 219 230 249 239 262 262 244 221 229 230 223 247 259 254 266 268 255 257 250 231 219 210 210 221 237 228 243 250 251 258 263 284 276 283 279 256 249 251 245 248 245 247 237 235 227 245 246
-999 -999 -999 -999 -999 -999 -999 -999 -999 -999 -999 -999 -999 -999 -999 -999 -999 -999 -999 -999 -999 -999 -999 -999 -999 -999 -999 -999 -999 -999 -999 -999 -999 -999 -999 -999 -999 -999 240 237 239 242 245 246 245 249 249 252 218 229 234 258 241 225 222 226 224 239 257 259 263 260 275 250 252 234 227 216 229 220 223 219 239 243 239 242 267 271 276 263 269 276 259 265 260 243 247 238 241 242 240 226 244 244
-999 -999 -999 -999 -999 -999 -999 -999 -999 -999 -999 -999 -999 -999 -999 -999 -999 -999 -999 -999 -999 -999 -999 -999 -999 -999 -999 -999 -999 -999 -999 -999 -999 -999 -999 -999 -999 -999 235 235 234 239 238 240 245 245 252 253 228 217 255 252 231 215 225 224 233 249 261 250 249 253 251 239 238 241 239 232 227 238 239 234 240 254 264 239 257 262 264 256 256 261 266 254 238 237 239 253 259 244 228 242 243 262
-999 -999 -999 -999 -999 -999 -999 -999 -999 -999 -999 -999 -999 -999 -999 -999 -999 -999 -999 -999 -999 -999 -999 -999 -999 -999 -999 -999 -999 -999 -999 -999 -999 -999 -999 -999 -999 -999 -999 232 234 237 233 237 239 244 242 247 245 227 214 229 215 225 225 230 230 231 236 238 235 229 232 250 268 277 259 235 234 234 244 236 257 254 260 254 244 251 262 261 251 257 270 263 258 239 234 256 259 245 233 236 262 275
-999 -999 -999 -999 -999 -999 -999 -999 -999 -999 -999 -999 -999 -999 -999 -999 -999 -999 -999 -999 -999 -999 -999 -999 -999 -999 -999 -999 -999 -999 -999 -999 -999 -999 -999 -999 -999 -999 -999 -999 234 232 237 233 238 240 241 246 247 219 212 211 212 211 222 223 228 226 228 223 223 233 243 261 256 255 247 242 237 237 248 242 249 258 263 254 242 248 251 247 264 266 262 262 257 257 238 239 256 229 255 250 262 260
-999 -999 -999 -999 -999 -999 -999 -999 -999 -999 -999 -999 -999 -999 -999 -999 -999 -999 -999 -999 -999 -999 -999 -999 -999 -999 -999 -999 -999 -999 -999 -999 -999 -999 -999 -999 -999 -999 -999 -999 227 227 227 231 235 236 238 215 222 229 212 206 206 209 213 217 218 211 215 222 232 235 238 240 241 244 244 233 240 246 249 247 243 255 261 247 245 248 254 249 258 263 257 252 252 256 232 239 242 230 241 261 253 235
-999 -999 -999 -999 -999 -999 -999 -999 -999 -999 -999 -999 -999 -999 -999 -999 -999 -999 -999 -999 -999 -999 -999 -999 -999 -999 -999 -999 -999 -999 -999 -999 -999 -999 -999 -999 -999 -999 -999 -999 -999 230 230 233 236 224 217 225 213 212 213 203 200 204 210 208 204 206 215 223 226 227 236 235 227 230 228 235 230 232 238 253 252 254 254 252 248 249 248 245 255 251 246 249 248 250 234 231 236 240 256 245 236 234
-999 -999 -999 -999 -999 -999 -999 -999 -999 -999 -999 -999 -999 -999 -999 -999 -999 -999 -999 -999 -999 -999 -999 -999 -999 -999 -999 -999 -999 -999 -999 -999 -999 -999 -999 -999 -999 -999 -999 -999 -999 -999 225 225 225 227 235 233 228 215 215 205 200 199 198 199 204 208 216 219 223 226 227 225 230 237 239 243 232 230 245 249 253 250 259 258 260 249 263 266 264 253 254 239 250 250 235 245 253 238 244 236 229 233
-999 -999 -999 -999 -999 -999 -999 -999 -999 -999 -999 -999 -999 -999 -999 -999 -999 -999 -999 -999 -999 -999 -999 -999 -999 -999 -999 -999 -999 -999 -999 -999 -999 -999 -999 -999 -999 -999 -999 -999 -999 -999 -999 223 219 226 242 244 230 215 226 231 198 194 191 197 204 207 213 219 219 222 225 233 232 232 225 233 233 227 237 239 246 254 259 271 263 259 262 266 265 257 247 246 238 243 233 233 231 227 226 235 235 231
-999 -999 -999 -999 -999 -999 -999 -999 -999 -999 -999 -999 -999 -999 -999 -999 -999 -999 -999 -999 -999 -999 -999 -999 -999 -999 -999 -999 -999 -999 -999 -999 -999 -999 -999 -999 -999 -999 -999 -999 -999 -999 -999 -999 234 221 246 241 241 235 215 212 218 202 186 192 202 207 210 217 223 223 226 223 223 229 225 223 226 227 226 238 242 252 269 282 275 273 258 269 269 254 257 254 245 240 241 242 243 240 226 223 227 232
-999 -999 -999 -999 -999 -999 -999 -999 -999 -999 -999 -999 -999 -999 -999 -999 -999 -999 -999 -999 -999 -999 -999 -999 -999 -999 -999 -999 -999 -999 -999 -999 -999 -999 -999 -999 -999 -999 -999 -999 -999 -999 -999 -999 -999 220 230 237 238 238 237 209 200 193 191 194 198 200 207 211 215 222 223 229 231 228 227 221 220 223 230 241 245 255 282 277 267 262 261 266 269 271 253 249 244 242 250 247 240 238 232 226 225 228
-999 -999 -999 -999 -999 -999 -999 -999 -999 -999 -999 -999 -999 -999 -999 -999 -999 -999 -999 -999 -999 -999 -999 -999 -999 -999 -999 -999 -999 -999 -999 -999 -999 -999 -999 -999 -999 -999 -999 -999 -999 -999 -999 -999 -999 -999 224 234 240 248 230 204 200 200 195 199 198 199 206 214 212 212 220 230 227 233 228 225 220 231 230 248 263 263 264 283 273 273 260 264 270 262 263 252 251 258 263 246 244 244 239 230 232 225
-999 -999 -999 -999 -999 -999 -999 -999 -999 -999 -999 -999 -999 -999 -999 -999 -999 -999 -999 -999 -999 -999 -999 -999 -999 -999 -999 -999 -999 -999 -999 -999 -999 -999 -999 -999 -999 -999 -999 -999 -999 -999 -999 -999 -999 -999 -999 221 231 233 234 206 207 200 196 197 197 199 201 207 213 214 218 221 228 223 220 215 228 221 226 248 243 255 258 263 275 277 270 262 253 265 262 268 261 252 255 260 249 243 245 233 227 225
-999 -999 -999 -999 -999 -999 -999 -999 -999 -999 -999 -999 -999 -999 -999 -999 -999 -999 -999 -999 -999 -999 -999 -999 -999 -999 -999 -999 -999 -999 -999 -999 -999 -999 -999 -999 -999 -999 -999 -999 -999 -999 -999 -999 -999 -999 -999 -999 220 221 228 233 209 203 204 198 199 200 205 209 209 211 217 215 221 224 210 222 238 236 239 251 252 251 263 265 248 266 269 259 253 257 254 251 251 249 264 256 257 252 249 236 227 225
-999 -999 -999 -999 -999 -999 -999 -999 -999 -999 -999 -999 -999 -999 -999 -999 -999 -999 -999 -999 -999 -999 -999 -999 -999 -999 -999 -999 -999 -999 -999 -999 -999 -999 -999 -999 -999 -999 -999 -999 -999 -999 -999 -999 -999 -999 -999 -999 227 225 231 236 207 204 204 212 210 203 206 207 212 214 204 218 218 213 219 230 246 241 232 248 249 251 255 242 253 252 252 256 269 262 257 254 254 252 254 251 251 243 237 228 230 240
-999 -999 -999 -999 -999 -999 -999 -999 -999 -999 -999 -999 -999 -999 -999 -999 -999 -999 -999 -999 -999 -999 -999 -999 -999 -999 -999 -999 -999 -999 -999 -999 -999 -999 -999 -999 -999 -999 -999 -999 -999 -999 -999 -999 -999 -999 -999 -999 -999 230 236 238 214 212 208 212 216 204 204 201 208 208 213 216 222 206 212 225 239 240 224 254 245 249 243 243 254 241 256 257 257 253 251 243 242 243 252 255 248 247 241 234 244 242
-999 -999 -999 -999 -999 -999 -999 -999 -999 -999 -999 -999 -999 -999 -999 -999 -999 -999 -999 -999 -999 -999 -999 -999 -999 -999 -999 -999 -999 -999 -999 -999 -999 -999 -999 -999 -999 -999 -999 -999 -999 -999 -999 -999 -999 -999 -999 -999 -999 -999 228 222 210 206 211 212 217 214 203 203 208 221 217 215 206 196 219 227 226 241 225 244 230 244 241 256 243 250 261 255 248 249 242 249 246 244 247 252 246 244 241 230 247 237
-999 -999 -999 -999 -999 -999 -999 -999 -999 -999 -999 -999 -999 -999 -999 -999 -999 -999 -999 -999 -999 -999 -999 -999 -999 -999 -999 -999 -999 -999 -999 -999 -999 -999 -999 -999 -999 -999 -999 -999 -999 -999 -999 -999 -999 -999 -999 -999 -999 -999 227 230 228 205 206 211 220 218 217 209 203 201 200 210 197 193 224 216 227 232 223 240 229 229 252 235 243 247 255 257 251 244 245 241 247 265 250 246 242 251 242 235 227 249
-999 -999 -999 -999 -999 -999 -999 -999 -999 -999 -999 -999 -999 -999 -999 -999 -999 -999 -999 -999 -999 -999 -999 -999 -999 -999 -999 -999 -999 -999 -999 -999 -999 -999 -999 -999 -999 -999 -999 -999 -999 -999 -999 -999 -999 -999 -999 -999 -999 -999 209 226 226 202 202 204 213 223 217 206 212 208 198 197 197 205 205 208 216 224 226 232 221 236 231 248 256 258 255 259 243 256 260 258 247 243 243 243 243 234 241 238 233 246
-999 -999 -999 -999 -999 -999 -999 -999 -999 -999 -999 -999 -999 -999 -999 -999 -999 -999 -999 -999 -999 -999 -999 -999 -999 -999 -999 -999 -999 -999 -999 -999 -999 -999 -999 -999 -999 -999 -999 -999 -999 -999 -999 -999 -999 -999 -999 -999 -999 -999 -999 -999 203 202 207 211 210 205 222 208 219 216 201 198 198 202 202 203 211 215 216 224 224 236 232 250 251 252 268 244 261 255 261 243 268 261 247 237 236 230 233 230 225 222
-999 -999 -999 -999 -999 -999 -999 -999 -999 -999 -999 -999 -999 -999 -999 -999 -999 -999 -999 -999 -999 -999 -999 -999 -999 -999 -999 -999 -999 -999 -999 -999 -999 -999 -999 -999 -999 -999 -999 -999 -999 -999 -999 -999 -999 -999 -999 -999 -999 -999 -999 -999 207 207 213 215 214 212 216 213 226 222 207 211 212 208 207 212 221 214 213 213 213 224 230 235 256 279 256 282 257 262 253 265 241 237 256 254 230 228 244 248 242 221
-999 -999 -999 -999 -999 -999 -999 -999 -999 -999 -999 -999 -999 -999 -999 -999 -999 -999 -999 -999 -999 -999 -999 -999 -999 -999 -999 -999 -999 -999 -999 -999 -999 -999 -999 -999 -999 -999 -999 -999 -999 -999 -999 -999 -999 -999 -999 -999 -999 -999 -999 213 211 213 222 216 222 221 221 227 212 219 228 231 217 209 209 216 224 215 216 228 214 213 226 235 252 281 280 283 265 267 239 258 255 255 233 250 241 231 237 227 219 223
-999 -999 -999 -999 -999 -999 -999 -999 -999 -999 -999 -999 -999 -999 -999 -999 -999 -999 -999 -999 -999 -999 -999 -999 -999 -999 -999 -999 -999 -999 -999 -999 -999 -999 -999 -999 -999 -999 -999 -999 -999 -999 -999 -999 -999 -999 -999 -999 -999 -999 -999 217 219 223 219 219 215 221 223 219 216 232 222 228 226 215 211 -999 -999 223 219 221 223 217 226 226 238 245 271 255 258 238 247 241 251 252 255 257 254 247 249 241 222 232
-999 -999 -999 -999 -999 -999 -999 -999 -999 -999 -999 -999 -999 -999 -999 -999 -999 -999 -999 -999 -999 -999 -999 -999 -999 -999 -999 -999 -999 -999 -999 -999 -999 -999 -999 -999 -999 -999 -999 -999 -999 -999 -999 -999 -999 -999 -999 -999 -999 -999 -999 -999 -999 -999 221 223 224 225 217 232 231 218 217 -999 -999 221 -999 -999 -999 -999 218 225 226 237 224 220 227 259 249 250 242 247 226 241 237 244 253 254 253 249 239 228 223 233
-999 -999 -999 -999 -999 -999 -999 -999 -999 -999 -999 -999 -999 -999 -999 -999 -999 -999 -999 -999 -999 -999 -999 -999 -999 -999 -999 -999 -999 -999 -999 -999 -999 -999 -999 -999 -999 -999 -999 -999 -999 -999 -999 -999 -999 -999 -999 -999 -999 -999 -999 -999 -999 -999 227 220 218 217 221 237 237 221 217 -999 -999 -999 -999 -999 -999 -999 -999 -999 225 232 231 225 227 243 244 255 253 245 240 234 245 244 248 251 248 246 234 225 237 245
-999 -999 -999 -999 -999 -999 -999 -999 -999 -999 -999 -999 -999 -999 -999 -999 -999 -999 -999 -999 -999 -999 -999 -999 -999 -999 -999 -999 -999 -999 -999 -999 -999 -999 -999 -999 -999 -999 -999 -999 -999 -999 -999 -999 -999 -999 -999 -999 -999 -999 -999 -999 -999 224 219 225 218 231 229 231 233 235 219 -999 -999 -999 -999 -999 -999 -999 -999 -999 -999 233 233 228 237 240 238 248 249 238 240 236 250 247 246 265 265 267 243 230 244 253
-999 -999 -999 -999 -999 -999 -999 -999 -999 -999 -999 -999 -999 -999 -999 -999 -999 -999 -999 -999 -999 -999 -999 -999 -999 -999 -999 -999 -999 -999 -999 -999 -999 -999 -999 -999 -999 -999 -999 -999 -999 -999 -999 -999 -999 -999 -999 -999 -999 -999 -999 -999 -999 223 219 220 228 230 229 233 221 224 224 -999 -999 -999 -999 -999 -999 -999 -999 -999 -999 -999 235 229 243 253 236 247 235 234 240 245 265 244 246 271 269 248 246 230 253 266
-999 -999 -999 -999 -999 -999 -999 -999 -999 -999 -999 -999 -999 -999 -999 -999 -999 -999 -999 -999 -999 -999 -999 -999 -999 -999 -999 -999 -999 -999 -999 -999 -999 -999 -999 -999 -999 -999 -999 -999 -999 -999 -999 -999 -999 -999 -999 -999 -999 -999 -999 -999 -999 220 223 225 230 231 227 221 228 215 226 -999 -999 -999 -999 -999 -999 -999 -999 -999 -999 -999 -999 234 237 262 263 250 265 248 250 269 257 245 269 271 248 266 238 238 267 268
-999 -999 -999 -999 -999 -999 -999 -999 -999 -999 -999 -999 -999 -999 -999 -999 -999 -999 -999 -999 -999 -999 -999 -999 -999 -999 -999 -999 -999 -999 -999 -999 -999 -999 -999 -999 -999 -999 -999 -999 -999 -999 -999 -999 -999 -999 -999 -999 -999 -999 -999 -999 -999 -999 231 231 226 230 237 226 223 223 -999 -999 -999 -999 -999 -999 -999 -999 -999 -999 -999 -999 -999 238 242 255 259 266 258 264 265 271 252 248 272 252 245 248 238 253 251 266
-999 -999 -999 -999 -999 -999 -999 -999 -999 -999 -999 -999 -999 -999 -999 -999 -999 -999 -999 -999 -999 -999 -999 -999 -999 -999 -999 -999 -999 -999 -999 -999 -999 -999 -999 -999 -999 -999 -999 -999 -999 -999 -999 -999 -999 -999 -999 -999 -999 -999 -999 -999 -999 -999 -999 -999 -999 -999 -999 -999 224 219 -999 -999 -999 -999 -999 -999 -999 -999 -999 -999 -999 -999 -999 -999 251 271 261 245 244 254 247 265 261 251 267 267 251 242 266 251 261 258
-999 -999 -999 -999 -999 -999 -999 -999 -999 -999 -999 -999 -999 -999 -999 -999 -999 -999 -999 -999 -999 -999 -999 -999 -999 -999 -999 -999 -999 -999 -999 -999 -999 -999 -999 -999 -999 -999 -999 -999 -999 -999 -999 -999 -999 -999 -999 -999 -999 -999 -999 -999 -999 -999 -999 -999 -999 -999 -999 -999 -999 -999 -999 -999 -999 -999 -999 -999 -999 -999 -999 -999 -999 -999 -999 -999 252 272 257 245 235 236 253 269 259 270 273 271 242 258 244 262 271 256
