Climate/data/grids_germany_multi_annual_air_temp_mean_1981-2010_13.asc
NCOLS 654
NROWS 866
XLLCORNER 3280414.711633467
YLLCORNER 5237500.62890625
CELLSIZE 1000
NODATA_VALUE -999
[rows 510 to 560 of 866, columns 192 to 287 of 654]
94 90 92 93 92 91 93 94 94 94 97 96 95 96 96 96 96 97 96 96 97 97 96 95 97 94 95 92 94 95 94 92 95 94 91 86 84 83 85 80 78 79 73 77 75 67 67 69 70 75 77 77 75 76 75 75 75 75 75 76 76 75 74 75 79 78 78 80 84 80 82 83 86 85 85 84 85 83 81 82 82 83 82 79 76 77 72 69 70 68 65 71 69 63 67 60
93 92 91 93 92 93 94 95 96 96 98 97 97 96 95 93 95 96 97 97 98 98 98 96 95 93 94 95 95 96 90 91 95 91 88 87 90 85 82 81 79 79 80 76 70 69 72 72 69 73 71 76 76 77 76 71 73 74 74 75 75 77 78 81 83 81 80 84 85 85 83 84 86 84 84 85 77 81 83 77 81 81 82 76 75 73 70 74 71 77 69 73 71 69 69 64
91 90 91 91 91 94 95 97 98 97 97 96 95 95 94 94 96 97 98 98 99 99 98 98 96 97 94 95 97 92 96 96 91 94 94 91 90 86 83 82 82 80 73 72 73 73 74 73 75 75 75 74 76 76 75 72 72 75 75 76 76 75 74 72 73 76 84 85 84 85 85 86 82 81 84 84 79 74 83 82 76 77 83 82 82 80 80 80 78 73 71 76 75 74 69 67
88 84 90 93 93 94 98 96 96 96 94 94 93 94 94 96 97 98 97 98 98 99 98 97 97 94 95 95 97 96 97 93 93 90 92 88 86 86 84 85 84 79 78 77 74 74 76 75 75 77 77 77 74 76 77 73 73 73 74 74 75 73 73 73 76 77 78 80 85 86 85 86 85 81 79 80 82 79 77 84 82 79 80 78 82 75 76 70 69 67 63 74 71 70 65 66
86 82 86 92 96 96 96 98 98 95 96 94 93 93 95 97 98 98 97 98 99 99 97 94 95 96 97 96 95 98 95 92 88 89 85 90 85 85 86 86 83 83 83 80 76 76 77 76 77 75 79 78 77 77 79 76 75 77 79 80 76 73 73 77 78 82 83 82 84 85 86 85 85 84 79 81 76 76 80 81 81 78 80 79 74 76 75 77 76 71 68 67 69 73 63 63
87 89 91 93 95 96 97 96 98 97 96 94 91 93 96 97 98 98 98 98 99 98 98 97 96 96 96 96 97 96 91 88 91 90 87 86 87 88 88 85 84 85 83 80 77 78 79 79 78 76 78 80 79 80 77 75 77 74 77 77 75 74 77 81 83 83 83 85 84 86 85 83 84 84 76 75 74 76 80 80 79 82 81 75 71 72 66 71 68 70 71 67 67 64 58 54
84 91 92 94 95 96 97 97 98 96 92 91 92 92 94 96 98 98 98 99 99 98 98 98 96 96 96 96 97 95 96 91 91 88 89 89 87 87 87 85 84 87 84 79 80 77 80 79 80 77 78 79 79 81 77 74 77 77 76 78 81 77 78 79 79 83 84 84 82 81 83 83 84 83 75 75 74 75 76 78 77 80 75 71 63 65 63 71 62 63 69 63 58 56 65 60
82 91 93 94 95 96 96 97 97 97 92 92 93 93 95 97 97 98 98 99 99 98 98 97 95 97 96 98 97 96 92 88 88 90 90 87 88 89 87 87 88 85 83 80 80 77 81 81 81 78 77 77 80 82 79 76 76 80 76 77 83 77 75 79 82 82 82 84 83 81 82 79 79 80 80 77 75 74 75 80 76 81 74 69 64 64 61 57 60 58 62 53 55 61 66 71
88 92 94 94 94 95 96 95 96 97 95 94 94 94 97 98 98 98 98 98 99 98 98 94 95 96 97 99 93 92 93 89 88 90 88 86 91 90 89 88 87 82 79 79 84 79 82 85 82 80 77 79 79 81 79 78 78 80 75 77 83 79 80 81 80 79 83 81 82 81 79 78 77 76 75 78 76 73 72 78 73 75 79 77 75 67 60 57 53 55 60 68 66 68 70 60
92 91 94 94 94 95 95 95 93 97 96 96 94 95 98 99 99 99 99 98 99 98 96 94 95 99 99 95 96 93 89 93 93 92 91 90 87 89 85 85 85 82 83 82 85 82 84 84 83 82 81 81 81 84 80 79 78 79 84 81 81 76 77 74 78 81 81 76 76 78 76 76 77 74 73 75 71 71 73 79 71 68 76 74 73 68 63 60 56 60 64 67 71 70 70 68
90 91 93 94 93 96 96 96 95 95 96 96 95 96 97 98 98 99 99 99 99 97 96 94 96 97 98 96 93 92 89 93 90 89 91 94 90 85 86 86 85 86 83 85 85 84 85 82 84 83 85 81 82 84 82 80 81 81 79 86 80 80 76 75 79 78 78 75 74 74 72 73 73 73 73 69 68 71 75 77 71 72 78 78 77 75 73 63 63 68 66 73 76 73 72 71
93 91 91 92 96 96 95 92 94 96 97 96 96 97 98 98 98 99 100 99 98 97 94 93 97 96 96 96 93 92 94 91 89 94 92 87 86 87 86 86 83 84 85 84 86 84 85 83 86 85 86 84 79 83 82 81 79 79 77 84 82 79 80 83 84 80 78 78 85 78 76 75 77 77 73 72 68 68 76 75 70 75 81 78 76 71 76 74 70 64 73 77 71 70 66 67
94 96 94 95 96 94 93 90 93 97 96 97 96 97 98 99 99 100 100 100 98 98 96 94 98 100 96 96 97 96 91 96 98 95 89 86 86 84 85 84 85 86 85 86 82 85 84 83 85 85 86 84 83 84 83 82 80 80 78 81 89 83 84 83 88 87 84 87 77 77 83 82 78 76 70 69 72 69 75 76 71 79 79 73 66 70 64 61 69 64 77 72 67 67 69 71
87 93 90 91 93 92 93 94 96 98 98 98 98 98 98 99 99 99 100 100 100 96 96 100 101 99 99 97 94 92 96 98 92 92 88 92 88 89 85 86 85 84 87 88 84 84 84 81 84 87 86 83 83 85 88 83 80 79 81 81 86 83 81 86 89 90 87 88 87 85 82 80 76 73 69 70 73 77 81 78 83 81 74 75 71 71 65 66 74 72 79 68 70 59 66 76
88 87 87 88 89 90 94 93 97 98 97 97 98 99 97 99 99 100 100 100 99 95 99 100 100 98 93 95 98 99 99 92 95 96 96 94 91 88 87 83 86 86 90 89 87 85 84 84 87 90 86 84 85 86 88 83 81 81 82 79 86 83 82 84 90 90 88 89 88 86 82 82 76 70 70 74 76 83 84 80 71 74 80 75 76 69 69 69 68 76 77 77 67 59 57 69
87 86 82 82 84 91 92 96 97 97 99 98 99 99 98 99 100 100 100 100 100 98 100 100 97 94 93 99 99 99 97 96 95 91 92 86 93 88 85 83 86 88 90 86 84 84 86 82 89 87 88 86 84 85 91 85 81 84 83 83 90 82 85 90 91 81 82 87 85 85 85 79 76 71 80 85 85 86 84 74 74 71 72 73 69 68 70 77 70 76 74 71 72 67 60 62
88 83 81 76 85 92 94 97 98 97 97 99 100 99 98 99 99 100 100 100 100 100 100 99 97 93 97 100 99 97 97 96 92 95 89 93 92 84 87 86 89 91 87 84 83 83 86 89 94 87 88 86 86 85 89 88 82 88 83 84 90 90 90 90 86 83 81 85 77 85 79 80 78 74 81 77 74 77 76 75 75 76 75 75 72 75 75 73 73 81 78 76 67 58 67 71
90 83 76 80 87 93 96 97 98 99 98 99 99 98 98 99 100 100 99 99 99 99 99 95 94 94 97 101 100 95 97 98 97 93 97 94 93 90 87 88 89 89 87 85 83 84 85 91 95 94 89 87 86 92 93 88 85 92 89 90 93 92 90 87 87 85 80 78 76 82 83 82 80 75 81 82 74 72 72 77 79 73 73 81 84 84 83 84 81 79 67 64 62 58 71 79
85 82 78 84 86 94 96 98 98 97 99 99 100 99 98 99 100 99 99 98 98 98 97 96 95 97 100 100 92 96 96 98 96 97 95 97 92 92 84 89 94 87 86 84 83 82 83 90 95 94 86 86 90 96 92 89 92 91 94 94 92 90 82 88 86 83 77 76 76 78 81 79 80 80 84 84 82 74 79 82 79 81 82 86 81 71 71 75 73 70 68 65 59 60 73 80
83 81 86 88 92 97 98 98 99 99 98 98 99 101 101 99 100 100 98 98 97 97 95 98 98 98 101 98 97 97 98 99 97 98 97 97 92 88 93 95 89 86 85 83 83 82 83 86 94 96 91 85 90 95 91 92 95 92 89 89 89 86 83 86 78 78 78 76 73 74 76 78 78 81 88 78 80 77 80 80 86 80 81 85 81 76 74 77 76 71 71 72 70 63 71 75
82 86 89 93 95 97 98 99 99 100 100 100 101 101 100 101 101 100 97 98 97 97 99 99 100 100 101 99 100 100 101 100 100 99 96 99 98 96 93 86 85 84 86 83 83 84 82 84 90 97 88 84 91 97 97 96 89 93 84 85 84 83 81 83 79 78 81 80 79 73 80 79 74 82 85 80 78 78 84 85 84 83 78 80 81 83 71 79 76 74 75 75 70 64 75 78
89 92 93 95 96 96 99 100 100 100 101 101 102 102 102 101 99 99 99 99 97 99 100 102 102 102 101 101 101 98 95 94 98 99 99 98 95 86 93 87 88 85 87 83 85 82 82 84 88 97 91 86 91 97 96 91 85 81 87 82 81 79 77 78 82 85 79 81 81 79 80 78 79 84 86 85 79 83 87 85 78 76 73 76 78 80 81 79 79 77 78 79 73 73 77 82
86 93 97 95 97 98 99 100 100 101 102 102 102 101 100 99 98 99 100 98 98 100 102 102 102 102 102 100 96 93 96 94 90 98 98 98 97 97 89 88 87 86 82 87 81 81 86 87 86 97 92 87 92 97 95 91 90 83 82 77 77 77 79 80 83 83 78 79 83 81 85 82 81 82 85 81 82 82 87 81 76 73 71 79 81 77 82 81 79 79 76 81 76 78 75 76
89 94 97 98 97 99 100 101 101 100 102 103 102 101 99 97 100 101 99 100 100 103 103 102 102 101 99 98 95 97 98 92 94 97 94 95 94 89 88 88 94 88 83 84 82 83 85 91 89 96 96 94 97 97 94 94 93 88 80 76 75 76 82 80 86 86 88 84 82 87 88 83 80 89 86 89 90 87 85 82 79 74 76 79 81 84 84 81 81 77 76 82 82 79 75 80
95 96 98 99 98 99 101 102 101 101 103 103 102 100 99 100 100 99 102 102 103 103 102 101 100 99 99 99 98 98 94 96 96 96 96 94 94 92 91 94 91 92 91 81 85 85 86 93 97 98 98 97 94 90 94 85 88 92 83 80 75 83 89 90 88 85 86 90 86 81 90 89 92 88 86 85 80 81 79 79 77 78 81 80 81 83 81 81 81 80 78 77 84 80 80 80
97 99 100 100 101 99 102 102 102 103 104 103 102 99 99 100 101 103 103 104 104 104 102 102 100 100 99 99 99 96 95 96 97 96 96 97 97 94 97 91 89 88 88 85 82 83 90 95 98 95 95 92 89 86 91 84 87 83 85 86 80 88 85 84 82 82 79 85 90 84 88 92 85 85 78 79 76 80 80 82 81 82 82 81 82 82 82 82 80 79 77 76 79 86 80 81
98 97 100 101 101 101 101 101 102 103 104 103 100 100 101 100 102 103 104 103 101 102 102 100 100 101 100 100 97 95 98 96 92 97 97 96 98 99 95 93 94 93 90 90 88 92 93 98 98 98 97 94 89 87 84 84 83 84 81 82 81 89 86 78 78 81 82 81 86 88 92 85 83 83 77 76 78 81 83 81 80 81 86 86 87 82 83 77 77 76 79 80 78 84 83 84
101 99 101 102 101 101 102 102 102 102 105 104 101 100 102 103 103 104 105 100 102 101 101 101 101 101 99 99 95 96 97 98 94 96 97 98 96 97 92 90 89 90 91 92 94 97 93 98 93 95 93 91 97 92 93 87 84 79 76 79 80 85 85 79 77 76 84 86 86 84 85 93 87 79 79 75 75 76 80 87 79 80 82 82 85 82 81 79 79 76 76 79 80 84 87 85
101 102 103 103 103 103 103 101 101 103 105 104 101 102 102 104 104 105 105 103 103 102 101 101 101 102 102 101 98 96 98 99 96 96 98 99 98 96 91 90 86 92 92 92 98 96 98 96 94 93 86 92 95 85 82 88 86 82 80 83 82 84 87 83 78 78 81 85 82 85 91 87 85 85 83 75 75 76 79 83 81 82 83 86 80 77 81 80 78 79 78 80 79 81 83 86
101 102 103 104 102 103 104 103 102 104 105 105 105 104 103 105 105 101 103 101 102 103 101 102 101 102 102 101 97 99 99 97 99 99 100 97 99 99 93 94 93 89 90 96 98 90 91 97 92 88 90 82 88 93 92 82 82 78 79 81 83 85 88 80 74 75 76 78 81 84 86 93 87 82 80 79 76 78 81 81 83 80 81 90 79 78 78 77 78 80 80 82 82 84 84 86
101 102 102 103 104 103 104 103 103 105 106 106 106 106 105 105 102 102 101 103 103 104 102 102 102 103 101 98 98 100 98 99 100 100 99 99 100 100 100 99 99 97 97 99 96 90 92 95 95 91 89 88 80 82 85 90 79 78 82 81 79 86 86 85 81 75 75 78 81 85 85 93 92 88 82 77 81 82 83 87 85 82 83 85 80 82 79 79 80 81 83 85 86 87 87 89
103 103 103 103 105 104 104 105 105 106 105 106 105 105 105 104 102 102 101 102 103 104 104 103 103 102 101 101 100 99 100 100 98 97 99 100 100 100 100 100 99 99 99 95 88 85 92 97 88 94 89 88 81 76 77 80 84 77 75 80 85 85 80 80 84 76 78 84 76 87 92 93 89 83 85 78 78 88 84 88 90 88 89 83 85 81 81 81 82 83 85 88 89 90 92 87
103 104 105 105 105 106 106 106 105 106 103 104 104 105 104 102 101 102 103 104 103 104 104 103 102 102 102 102 101 101 101 98 97 101 101 101 101 100 99 98 98 98 97 96 91 83 95 97 93 83 87 90 81 76 76 76 78 76 79 77 80 85 78 79 82 80 78 80 84 85 84 86 93 85 88 82 78 90 88 84 84 83 82 83 81 81 80 80 83 83 84 85 91 92 92 86
104 104 106 106 107 107 104 103 106 103 102 103 103 102 101 100 102 102 104 104 105 105 105 104 104 103 103 102 102 102 101 101 101 101 101 101 100 99 95 96 96 96 95 92 91 85 95 96 90 82 80 79 80 78 74 78 76 77 75 80 83 83 78 77 78 77 80 83 88 85 85 89 90 94 84 80 80 83 93 88 85 83 85 85 83 83 84 85 86 84 86 89 90 92 89 87
106 106 107 106 106 104 104 103 103 103 100 101 102 103 102 101 103 105 105 105 105 105 105 104 104 104 103 103 102 103 102 102 101 101 100 100 100 98 96 96 96 97 96 91 89 93 89 91 95 90 88 90 84 79 76 77 78 82 77 77 78 81 79 77 75 79 85 87 88 91 86 84 84 94 90 86 81 84 87 94 85 84 86 86 85 84 86 90 87 88 89 90 93 90 84 85
106 107 108 108 107 105 103 102 101 102 102 102 105 105 105 103 105 106 105 105 105 105 104 104 104 104 103 103 103 102 102 100 98 100 101 99 100 98 97 96 95 94 93 86 82 92 88 86 93 90 92 91 91 91 86 81 74 79 80 79 79 79 79 84 76 79 78 82 86 89 92 92 88 89 92 91 80 82 84 86 88 87 86 86 84 86 90 91 89 90 90 94 91 87 86 87
108 109 109 109 107 105 104 105 105 107 107 107 106 106 106 106 106 106 106 105 105 105 105 104 104 104 104 103 103 102 101 96 96 96 99 100 99 99 97 94 94 90 88 78 85 85 82 86 89 88 82 92 87 79 87 85 75 76 75 78 76 74 76 75 76 79 81 83 89 88 86 85 86 93 94 80 82 88 94 87 86 88 86 88 86 89 90 89 87 91 94 85 90 87 89 95
109 109 109 108 108 108 105 106 108 107 107 107 107 107 106 106 106 106 105 105 105 105 105 104 104 104 104 103 103 102 100 99 98 96 98 99 98 97 96 95 92 93 87 86 86 79 79 80 80 86 80 81 82 87 79 79 76 76 75 77 76 75 78 77 80 80 85 83 82 86 82 82 82 90 93 82 81 83 89 88 86 88 88 86 86 87 92 90 90 93 89 92 89 88 91 95
109 109 109 108 109 108 106 107 108 107 107 108 107 107 106 106 106 106 106 105 105 105 104 104 104 104 104 103 103 102 99 95 98 93 97 98 97 95 96 91 92 90 89 87 89 89 85 82 86 81 82 77 77 77 80 76 81 82 74 74 78 81 79 80 78 78 82 86 78 77 82 80 88 91 94 86 81 83 85 90 89 90 87 86 88 95 94 95 95 94 92 94 86 95 95 95
109 109 109 109 109 109 108 108 108 108 107 107 107 107 106 106 106 106 106 105 105 105 104 104 104 104 104 103 103 102 101 97 95 95 97 98 96 96 91 91 88 92 89 86 90 89 89 86 89 91 86 84 77 81 76 77 75 77 81 78 80 86 78 79 74 79 79 82 78 84 86 83 88 84 93 86 81 85 85 88 95 91 90 88 92 92 86 94 95 95 95 94 94 95 95 91
109 110 110 109 109 108 108 108 108 108 108 107 107 107 106 106 106 105 104 104 104 105 104 104 104 104 104 103 103 103 102 98 96 95 97 98 97 96 91 89 93 90 91 91 90 89 89 90 91 84 86 81 79 81 78 74 75 78 80 82 86 78 73 74 73 76 82 76 78 78 83 86 90 88 93 91 81 88 90 94 88 84 90 92 89 86 82 87 94 93 93 95 95 94 94 87
108 109 109 109 108 109 109 109 108 108 108 107 107 106 105 106 105 105 105 104 103 104 105 104 104 104 103 103 103 103 102 100 96 98 100 99 92 93 88 95 90 90 90 91 91 92 91 92 89 82 80 81 77 79 82 75 78 79 77 82 89 80 82 73 71 73 71 74 79 82 84 83 92 90 95 90 85 83 84 96 92 85 86 89 90 78 86 90 92 90 86 90 90 87 88 86
108 108 108 108 107 106 107 107 107 108 108 107 106 106 106 105 105 105 104 104 104 104 105 105 104 104 103 103 103 103 103 103 103 101 99 100 94 97 99 91 90 88 92 91 94 92 91 91 83 88 80 77 78 78 81 79 81 78 80 80 88 82 76 78 74 79 78 75 77 82 82 88 90 91 93 93 84 83 86 92 96 85 85 83 85 86 87 87 88 89 86 87 85 87 86 85
108 108 107 107 107 104 104 105 106 108 107 107 106 106 105 105 105 105 105 105 104 104 104 105 104 104 103 103 103 103 103 103 103 102 101 98 93 86 97 90 88 89 93 89 92 94 89 83 85 78 81 75 77 79 82 84 78 83 81 85 90 88 83 77 74 78 83 77 78 82 79 84 83 85 88 96 85 82 96 93 90 86 85 86 88 88 82 87 86 85 87 86 86 86 85 85
107 107 107 106 105 105 105 105 106 106 106 106 105 105 105 104 104 104 104 104 104 104 104 104 104 104 103 103 103 103 103 103 102 100 98 91 84 92 92 92 92 89 93 94 93 93 90 81 77 77 77 78 77 79 78 78 86 79 88 83 90 83 85 80 75 81 80 82 77 84 88 82 85 84 91 95 95 87 89 93 88 88 86 88 90 85 81 88 88 88 89 88 88 87 87 87
106 106 106 105 105 105 106 106 106 105 106 105 105 105 104 104 103 103 104 104 103 103 104 104 104 104 103 103 103 103 103 103 103 100 94 89 89 86 88 97 95 94 90 96 95 92 92 91 81 84 75 78 78 77 78 80 80 81 82 89 84 88 85 83 80 78 78 88 80 83 89 83 87 86 93 92 96 92 94 88 86 87 88 89 91 86 83 88 90 90 89 87 87 87 88 87
106 106 106 106 105 105 105 106 105 105 105 105 105 105 104 104 103 104 103 103 103 103 104 104 104 104 103 103 103 103 103 103 103 100 98 91 85 90 90 96 97 97 98 96 90 89 86 81 85 81 78 76 82 78 79 80 85 85 81 82 86 86 91 87 88 82 77 84 86 89 92 89 93 91 95 96 96 86 84 86 87 88 88 90 90 85 85 87 88 91 86 87 87 88 87 90
106 106 106 105 105 105 105 105 105 105 104 104 104 104 104 104 103 103 103 103 103 103 103 104 104 104 103 103 103 103 103 103 103 100 92 87 91 94 92 89 94 96 91 90 90 88 87 78 79 76 82 79 86 80 80 78 81 86 84 80 81 85 87 91 91 86 82 77 81 83 78 81 78 87 93 80 88 96 93 86 86 88 89 90 89 85 87 88 87 90 87 87 88 90 88 87
105 105 105 105 105 104 104 104 104 104 104 104 103 103 103 104 104 103 103 103 103 102 103 104 103 103 104 104 103 103 103 103 103 101 94 92 87 90 93 88 90 94 95 92 91 91 90 87 89 78 77 85 83 86 81 81 83 84 88 84 88 92 88 90 92 89 76 79 74 71 71 74 78 89 94 80 81 85 96 88 88 87 90 92 91 85 90 91 88 87 90 89 90 90 87 88
105 105 105 105 105 104 104 104 104 103 103 103 103 103 103 103 103 103 103 103 103 102 103 103 103 103 103 103 103 103 103 103 103 102 97 93 87 90 86 90 95 95 92 90 90 93 91 92 82 87 80 80 87 84 88 83 82 84 91 82 87 86 85 85 89 94 81 86 75 73 76 79 86 93 92 83 82 84 85 95 91 90 90 92 92 91 86 87 88 87 89 91 87 86 87 87
105 105 104 105 105 104 104 103 103 102 101 102 103 103 103 103 103 104 103 103 103 102 102 101 102 103 103 103 103 103 103 103 103 102 94 91 91 91 90 96 95 97 95 95 93 96 94 89 89 90 86 85 79 83 88 89 82 82 87 85 85 81 87 85 78 81 94 83 78 83 79 88 94 83 84 85 85 84 93 91 92 93 94 94 89 87 87 89 89 88 91 91 86 86 87 88
