Climate/data/grids_germany_multi_annual_air_temp_mean_1981-2010_05.asc
NCOLS 654
NROWS 866
XLLCORNER 3280414.711633467
YLLCORNER 5237500.62890625
CELLSIZE 1000
NODATA_VALUE -999
[rows 615 to 655 of 866, columns 188 to 281 of 654]
151 151 151 151 151 151 150 147 140 137 137 138 142 142 139 129 129 125 130 125 131 140 133 129 135 142 133 125 131 133 124 126 132 131 133 139 138 131 123 132 122 121 119 121 121 123 125 126 127 127 125 132 129 133 132 132 129 128 125 129 127 131 132 133 130 129 130 130 130 132 130 129 129 131 131 130 134 134 135 136 135 131 135 133 137 139 138 132 131 129 130 131 134 130
151 151 151 151 151 151 150 148 137 140 137 138 142 137 131 128 131 123 128 123 130 142 133 130 135 137 129 131 133 135 126 131 136 134 131 139 129 128 127 128 121 120 119 122 122 124 125 126 126 127 126 128 130 130 132 132 132 131 128 127 131 130 131 134 130 130 130 130 130 130 129 129 129 129 132 128 129 129 129 132 132 135 138 131 137 140 136 131 129 130 130 132 131 131
151 151 151 151 151 151 151 145 142 141 140 138 140 136 129 131 125 127 130 132 135 138 129 131 143 132 124 129 129 134 125 130 134 129 139 134 133 128 119 121 121 121 121 123 123 123 124 126 126 127 126 130 130 130 131 132 129 128 128 132 130 131 132 133 134 131 130 130 130 132 130 131 129 130 133 129 129 131 129 131 134 138 138 129 130 139 135 135 130 134 132 136 130 133
151 151 151 151 151 151 151 146 138 140 138 130 133 130 129 131 127 136 126 130 142 125 127 134 141 132 128 133 140 133 122 125 136 133 137 135 127 133 124 119 120 119 122 122 122 122 124 129 126 127 128 126 128 132 130 131 129 128 128 132 133 130 131 132 132 132 131 131 132 132 133 131 129 130 134 132 130 131 134 134 137 131 135 131 131 138 139 134 133 137 138 136 129 134
151 151 151 151 152 151 151 146 136 132 135 133 140 132 128 136 132 136 132 142 137 131 127 132 143 127 122 130 139 131 122 127 130 132 134 140 129 122 132 128 120 122 120 121 122 123 124 125 127 127 127 127 129 132 131 133 131 129 130 132 134 133 130 134 133 132 134 131 134 133 132 129 128 131 130 132 132 133 135 138 138 132 130 132 129 132 135 138 138 138 139 136 136 130
151 151 152 152 152 152 151 149 134 140 138 139 137 131 124 133 137 130 142 140 128 126 127 130 143 133 123 125 130 132 128 134 141 130 134 132 135 123 120 119 125 120 121 120 121 121 123 126 126 129 128 130 129 132 132 134 132 132 134 129 133 134 133 131 132 134 132 132 134 134 130 129 129 129 132 131 135 137 133 132 132 130 132 131 131 134 131 135 135 130 137 139 131 129
152 152 153 152 152 152 152 149 146 147 145 142 141 135 129 137 141 132 133 143 138 133 134 134 136 128 124 130 130 128 141 137 126 121 121 125 121 131 123 117 118 120 121 122 123 125 124 126 132 127 130 131 130 130 133 136 134 132 133 132 132 134 133 132 134 135 133 134 134 130 132 131 129 127 130 133 132 132 129 134 133 131 131 131 131 134 135 137 130 128 132 136 137 138
153 152 152 152 152 153 153 151 131 134 137 138 139 127 143 133 137 139 127 131 131 144 132 138 139 126 124 137 139 140 144 134 127 118 118 121 119 122 123 121 119 120 122 125 125 128 126 126 132 133 131 131 131 133 133 134 134 133 135 133 134 135 133 134 134 134 135 134 132 131 132 131 129 131 130 133 131 129 131 134 133 131 128 132 131 135 131 136 134 130 131 134 133 133
152 152 152 153 153 153 153 152 147 140 131 128 127 131 124 126 127 144 137 124 125 136 145 131 133 136 132 134 143 135 141 135 132 129 120 120 120 122 121 120 121 123 124 128 128 131 129 130 131 131 131 131 133 131 133 133 135 134 134 133 135 136 133 136 135 136 134 133 132 133 130 132 131 133 130 131 131 131 131 131 131 129 130 129 134 131 134 132 134 132 130 133 131 133
152 152 153 153 153 153 154 154 149 135 128 126 138 138 130 128 134 144 131 127 126 130 138 142 145 138 144 136 139 133 126 142 130 125 125 123 122 125 123 122 125 125 130 129 129 130 130 131 133 133 133 131 133 134 135 136 133 135 136 135 135 133 136 136 137 135 132 131 134 133 133 131 132 131 132 132 132 131 131 132 132 131 129 129 132 131 131 131 132 130 129 135 130 137
152 153 153 153 153 154 154 154 153 141 141 128 140 144 129 138 140 140 139 142 132 127 126 141 140 145 135 126 137 122 120 133 132 125 122 121 124 123 125 125 127 128 129 135 132 131 133 132 133 133 135 132 135 135 134 136 138 138 136 133 137 135 136 138 134 134 133 133 135 135 133 131 134 131 133 133 133 133 132 133 132 131 131 130 130 133 132 131 134 136 132 131 130 132
153 153 153 154 154 154 155 155 153 148 143 137 140 145 138 138 130 141 137 132 129 133 130 138 135 131 126 129 139 129 120 136 135 122 124 125 127 126 133 128 133 129 132 136 134 134 133 134 133 139 134 134 135 137 134 134 134 133 138 135 136 135 138 133 132 132 133 135 133 134 133 135 132 130 133 134 132 133 133 132 133 133 133 133 132 131 130 132 131 134 131 128 133 132
153 153 153 154 155 155 155 155 155 149 143 145 149 146 146 145 134 145 129 129 134 131 138 147 131 124 127 134 137 126 124 140 131 141 139 130 132 132 141 137 131 132 134 134 134 134 134 136 137 136 135 137 137 136 136 136 136 136 133 139 137 140 134 133 130 131 134 135 133 135 133 135 133 133 134 134 134 133 133 133 131 131 131 132 129 129 130 129 132 131 132 128 131 128
153 153 154 154 155 155 155 155 155 155 154 140 145 146 148 145 127 143 145 143 135 139 148 140 127 126 129 130 131 127 127 129 135 132 146 141 134 135 141 134 134 136 136 136 135 136 135 137 137 138 136 136 137 136 136 134 137 137 134 139 140 134 134 131 132 131 133 134 135 135 134 136 133 135 134 134 134 133 132 134 133 131 133 130 133 130 128 128 131 129 129 127 129 129
153 153 154 154 155 155 155 155 155 148 140 132 125 130 129 151 132 144 137 144 146 148 139 138 130 128 128 128 130 129 128 128 129 131 136 146 144 143 136 134 134 136 136 136 138 141 143 141 140 139 135 136 138 137 136 135 135 137 136 138 136 138 133 133 132 132 133 135 137 133 134 137 135 137 134 132 133 131 134 134 133 134 132 136 133 129 130 128 131 129 129 128 128 129
153 154 154 154 154 155 155 155 155 147 141 126 129 132 133 151 150 149 149 144 143 141 137 136 132 131 132 130 133 132 132 135 134 134 135 143 146 137 136 134 134 137 140 138 140 140 136 137 137 135 138 136 136 136 135 136 137 139 137 138 139 135 133 135 131 134 133 136 135 134 134 135 138 135 133 132 133 135 140 139 138 132 133 131 131 129 128 130 128 127 129 128 129 129
153 153 154 154 154 155 155 155 155 147 142 129 131 136 139 141 149 147 135 145 139 140 139 138 135 134 133 132 135 134 136 137 136 137 142 144 139 145 137 134 137 137 142 142 144 144 142 135 136 137 137 137 136 136 135 136 139 137 138 139 136 134 136 133 134 133 134 135 133 134 136 138 135 133 134 135 135 141 138 132 134 136 139 134 131 131 135 130 131 129 129 129 128 127
153 153 154 154 154 154 154 155 155 151 141 131 137 143 143 141 145 144 140 143 143 142 140 143 140 135 132 132 136 138 139 140 137 138 137 138 145 139 138 136 139 137 142 144 140 138 136 136 136 136 137 136 136 136 136 134 138 139 141 136 136 135 138 135 132 135 134 138 133 135 136 138 133 134 135 135 138 139 136 134 130 133 132 139 132 131 136 131 130 130 130 130 128 127
153 153 154 154 154 154 154 154 154 151 141 135 138 141 146 146 147 146 144 144 143 143 140 140 138 136 134 136 139 140 141 138 139 139 138 144 146 147 143 137 137 138 146 141 135 136 136 136 137 137 139 137 138 135 135 136 140 142 137 134 136 137 136 134 135 136 137 136 133 135 136 134 134 136 139 141 137 132 135 137 134 130 133 132 136 133 131 137 131 130 130 136 134 127
153 153 154 154 154 154 154 154 154 150 141 138 140 142 146 150 149 149 147 144 147 142 144 142 138 135 136 140 141 139 142 139 141 137 138 137 139 144 146 141 144 138 145 137 136 136 137 138 136 136 141 138 138 134 135 136 144 139 136 137 139 135 135 137 136 140 135 135 134 136 139 134 135 141 141 138 136 132 131 135 131 135 130 130 134 133 131 134 139 135 130 127 128 127
153 153 153 153 153 154 154 154 153 151 140 139 140 145 149 150 149 145 144 141 143 145 142 143 140 139 139 141 141 141 143 141 143 139 138 137 137 143 146 146 140 146 142 136 136 136 136 140 137 140 140 140 136 137 137 139 138 145 137 140 137 137 137 138 141 135 135 136 136 137 138 137 142 139 134 134 135 132 133 134 129 131 130 129 134 132 130 130 133 135 130 128 128 128
153 153 153 153 153 153 153 153 153 151 147 142 145 145 144 148 149 147 147 142 146 147 144 142 141 142 141 141 140 142 141 141 140 140 139 137 134 136 144 146 146 138 134 136 137 135 138 139 139 142 137 138 136 138 137 137 139 141 137 141 137 137 142 137 135 135 136 136 142 141 141 138 138 133 133 132 132 132 135 135 133 131 130 130 134 129 130 129 131 137 130 128 128 127
153 153 153 153 153 153 153 153 153 151 142 146 145 145 146 143 145 149 146 146 145 145 147 141 142 141 140 141 142 141 144 143 139 139 139 137 132 133 142 146 142 137 140 134 136 137 140 138 142 142 137 136 136 140 136 137 142 141 139 141 137 138 139 136 135 135 138 143 140 135 136 136 135 133 131 133 132 132 132 130 130 131 130 129 129 130 130 129 129 130 138 132 129 127
153 153 153 153 153 153 153 153 153 150 144 143 147 145 146 144 145 148 148 144 144 147 147 147 144 142 141 141 144 144 142 140 141 141 138 140 134 138 143 146 147 143 139 138 137 137 140 137 140 140 138 139 138 138 138 137 140 145 144 141 145 140 139 137 135 137 142 141 136 135 134 134 134 133 133 139 137 132 130 129 129 130 129 130 129 129 128 129 130 131 133 128 127 127
153 153 153 153 152 153 153 152 151 149 144 145 147 146 145 145 146 146 149 148 145 146 145 147 142 143 142 144 145 142 143 144 139 142 141 140 137 137 142 145 142 148 144 142 137 138 140 139 140 143 139 140 139 145 141 140 141 143 138 145 144 145 143 145 140 143 140 137 135 134 134 134 136 137 135 133 135 134 133 135 129 134 135 130 130 129 129 130 130 131 132 129 132 128
153 153 153 152 152 152 152 152 151 150 148 146 148 146 144 145 145 147 149 147 144 145 143 145 148 144 145 147 144 143 140 143 144 142 138 141 138 136 139 140 145 146 147 140 139 138 142 140 142 143 138 140 141 142 142 145 147 147 141 137 136 137 138 142 145 145 138 135 136 138 139 136 137 134 136 136 143 143 142 134 133 134 133 129 129 130 128 134 130 130 136 137 130 129
153 153 153 152 152 152 152 152 151 151 148 148 146 148 145 146 143 145 148 143 143 142 141 141 142 145 143 143 145 144 140 138 139 142 140 138 138 137 138 139 143 148 147 143 142 140 143 142 142 145 146 143 143 146 147 147 142 143 137 137 138 136 137 138 139 139 138 136 136 143 144 142 142 143 139 138 143 140 138 136 141 131 132 134 129 130 130 131 129 130 130 130 136 129
153 153 153 152 152 152 152 152 151 150 147 147 147 146 148 147 146 146 146 144 143 143 142 141 143 143 144 142 145 143 143 140 140 140 141 142 141 137 140 140 139 148 148 147 142 140 141 142 144 143 146 145 148 141 140 143 141 140 139 137 137 137 139 138 139 145 138 137 145 135 135 136 143 135 135 135 133 136 131 132 132 140 136 130 131 131 130 130 129 129 128 129 133 132
153 153 153 152 152 152 152 151 149 150 148 145 147 147 144 147 145 143 143 147 145 143 143 143 142 143 140 141 141 142 142 143 138 141 139 138 140 139 139 143 142 140 147 148 146 143 143 143 148 145 145 144 141 142 141 140 140 140 141 140 139 139 139 140 145 137 142 144 139 137 136 136 136 142 134 134 135 133 134 131 131 141 138 142 142 132 136 130 129 129 128 130 136 128
153 153 152 152 152 152 151 151 149 149 149 145 146 143 143 145 147 145 145 148 145 143 145 143 144 142 142 140 138 141 140 143 139 139 139 138 139 139 139 140 140 141 149 147 145 145 144 148 145 147 142 143 143 143 142 143 142 141 142 140 141 142 138 140 145 140 137 135 140 139 137 137 136 135 136 136 136 135 132 131 133 133 134 132 132 140 137 137 133 130 129 128 138 132
153 153 152 152 152 151 151 150 148 143 149 143 145 147 143 144 143 145 144 145 148 147 146 144 147 142 144 139 139 138 139 141 138 142 139 139 139 139 140 141 141 141 148 146 145 144 146 147 144 144 144 148 148 146 145 142 143 141 143 141 142 141 140 139 141 139 137 137 136 136 142 135 137 137 136 137 135 135 133 133 133 132 132 132 131 134 136 131 129 130 128 127 138 133
153 153 152 152 152 151 151 147 145 146 147 148 148 147 145 145 143 141 144 143 146 147 148 148 148 143 144 140 139 141 139 138 138 139 141 139 139 140 141 142 142 143 144 148 146 146 147 146 146 146 148 146 146 147 146 145 143 142 145 143 143 143 147 144 143 140 140 137 137 138 136 137 136 137 136 136 136 137 136 134 134 134 133 133 132 131 131 142 137 129 128 127 135 136
153 153 152 152 152 152 151 150 149 149 147 146 144 147 146 144 142 143 144 146 141 145 145 146 147 142 141 143 140 140 139 138 138 139 140 142 141 142 142 143 142 144 146 148 148 148 147 147 147 148 147 145 144 145 148 147 148 147 147 146 147 146 142 142 140 142 137 138 138 136 137 137 137 137 138 137 136 136 134 135 134 133 133 133 132 131 130 140 130 129 128 127 126 133
153 153 152 152 152 152 150 150 150 147 147 147 145 147 146 146 144 142 144 141 141 144 146 146 145 146 146 144 143 139 138 140 140 139 140 139 140 142 141 142 142 143 143 148 149 149 148 148 148 145 146 145 144 145 144 146 147 146 145 145 144 144 143 140 139 143 138 139 139 138 137 139 136 137 137 136 136 136 134 134 134 136 134 133 132 132 130 137 130 128 128 127 126 132
153 153 152 152 152 151 150 151 149 149 147 145 145 142 143 144 145 140 141 141 144 145 144 143 141 146 142 140 140 139 141 141 139 140 141 142 135 142 144 142 142 143 143 144 144 145 148 149 146 146 146 145 143 145 145 145 144 145 145 146 145 144 142 140 138 142 140 141 140 141 139 138 138 138 137 137 136 135 135 135 134 134 134 133 132 131 137 140 137 130 127 128 126 127
152 152 152 152 152 151 149 149 149 149 146 144 144 142 145 145 144 146 142 141 143 139 138 142 145 145 146 142 143 141 141 141 140 140 141 142 143 145 145 143 143 144 144 143 145 146 148 146 146 146 145 144 143 145 145 143 144 146 145 144 144 146 144 143 141 141 143 143 141 141 140 140 139 138 137 136 136 135 135 135 135 134 136 134 132 131 134 130 136 128 132 128 128 128
152 152 152 151 151 151 149 149 147 147 147 142 143 142 141 142 141 144 141 141 141 138 140 139 141 142 146 144 142 141 141 141 140 142 143 143 143 143 143 143 146 144 144 144 145 146 148 150 148 147 145 143 144 139 139 138 144 139 140 145 143 143 145 143 143 142 142 144 143 142 142 142 140 141 140 138 137 136 136 135 135 135 135 134 133 132 131 131 141 136 128 128 130 128
152 152 152 151 151 151 149 147 145 145 144 143 143 144 141 142 142 141 139 141 141 142 140 142 142 143 145 144 143 141 144 141 141 140 143 142 142 143 144 144 144 146 146 145 146 146 149 150 148 144 144 144 139 139 142 138 139 143 138 138 141 143 144 145 143 143 141 143 143 142 143 142 140 140 138 138 134 133 130 134 135 135 135 133 132 132 131 130 130 140 129 131 129 127
152 152 151 151 151 150 149 147 145 145 146 146 147 144 143 144 143 143 143 141 141 143 141 141 142 143 145 142 140 142 144 142 141 141 143 143 144 143 143 143 144 145 146 146 147 148 150 149 148 149 146 146 142 143 146 141 144 139 139 142 142 143 141 144 143 143 140 143 143 141 141 141 140 140 137 137 126 129 128 129 132 134 134 132 132 131 130 129 130 139 136 130 130 128
151 151 151 151 151 149 149 149 148 148 146 144 146 147 144 143 144 144 142 140 142 143 141 141 142 143 145 142 142 143 144 143 142 142 144 144 144 143 144 145 146 144 144 146 147 147 150 150 148 148 144 146 146 146 146 146 145 145 140 141 143 143 144 145 143 137 142 141 143 140 143 141 141 135 131 126 126 126 128 127 133 134 134 132 131 131 130 132 141 130 129 130 131 131
151 151 151 151 150 148 146 146 142 143 144 144 143 145 145 146 144 142 141 141 143 143 144 144 143 142 145 143 141 142 140 141 142 142 143 144 143 143 143 145 145 146 144 147 147 148 149 149 145 147 148 147 146 147 144 139 139 139 141 143 143 144 144 145 142 139 139 141 139 141 143 140 140 139 136 136 127 126 129 129 124 132 133 133 132 131 132 131 137 141 132 131 131 130
