Climate/data/grids_germany_multi_annual_precipitation_1981-2010_03.asc
NCOLS 654
NROWS 866
XLLCORNER 3280414.711633467
YLLCORNER 5237500.62890625
CELLSIZE 1000
NODATA_VALUE -999
[rows 459 to 509 of 866, columns 192 to 287 of 654]
69 70 65 64 62 62 59 61 59 56 60 59 59 59 58 63 55 56 56 58 58 57 53 52 55 56 54 56 58 60 59 61 61 58 55 56 58 55 52 50 49 48 51 50 50 53 51 51 52 56 57 56 56 60 62 63 73 70 71 66 71 62 70 65 62 62 61 58 63 68 64 65 65 69 68 61 59 64 64 65 66 61 55 60 64 68 59 61 63 65 65 64 69 69 64 60
67 64 64 66 64 61 59 58 59 58 56 56 55 60 57 60 54 55 57 57 57 59 54 52 57 55 56 60 57 57 57 59 57 58 58 57 55 54 55 49 50 49 50 48 51 51 50 50 53 56 56 57 57 60 65 71 74 74 71 74 69 63 67 64 61 59 57 58 62 60 68 68 67 62 59 58 56 57 62 63 56 57 57 58 60 62 62 66 70 66 71 74 73 75 69 64
70 66 65 63 64 62 60 56 56 55 57 55 53 58 59 59 54 55 56 55 54 56 54 50 53 52 53 52 53 54 57 58 57 58 58 57 55 53 53 51 49 49 49 48 48 49 51 51 54 56 55 54 54 56 63 65 72 74 68 68 69 66 68 63 59 64 59 57 55 56 60 68 65 61 65 66 59 54 61 59 56 59 60 58 60 62 66 63 70 75 71 68 71 71 65 73
70 67 64 64 62 64 60 59 56 58 56 54 60 60 56 58 56 60 55 57 57 55 53 50 53 54 55 57 56 54 57 58 58 57 57 57 55 54 51 50 54 51 49 49 49 49 50 51 54 57 56 56 57 59 59 66 71 70 70 71 68 69 66 64 67 73 62 61 60 55 57 59 64 65 62 61 64 60 55 58 54 58 64 63 63 65 72 70 66 71 70 65 69 72 67 69
75 68 66 65 65 68 63 62 57 55 54 52 58 58 55 53 59 57 57 58 60 57 58 53 52 53 52 55 55 57 59 59 58 56 56 57 56 55 52 51 55 53 52 50 48 48 48 50 52 56 56 54 57 59 61 67 66 69 72 73 72 74 70 73 76 67 64 67 59 59 57 57 55 57 60 58 60 64 62 53 57 60 63 61 62 64 65 69 68 67 67 62 63 67 65 61
71 69 63 67 69 73 66 62 58 59 56 55 61 58 54 53 54 57 58 60 60 56 54 51 51 53 55 54 55 57 58 61 60 58 55 53 56 53 53 54 54 54 51 50 48 48 49 52 53 54 54 55 56 59 56 65 66 70 72 67 69 71 76 78 73 71 72 69 64 65 62 60 57 57 54 58 58 59 51 53 58 58 57 58 58 68 69 67 65 66 64 67 63 62 66 69
73 67 65 73 75 73 64 60 57 58 54 55 58 54 55 53 57 57 59 60 57 53 53 53 57 58 57 54 52 56 55 57 56 57 55 53 52 53 56 55 53 53 51 51 48 47 48 50 51 49 51 55 52 56 63 63 66 69 68 66 61 65 72 65 64 64 65 64 60 64 65 62 61 60 62 57 53 54 51 57 53 52 56 57 68 69 62 67 75 66 64 66 66 66 59 58
63 63 66 71 72 65 60 57 55 54 55 54 53 56 55 54 56 55 58 59 60 52 51 59 59 54 56 54 53 54 54 57 57 56 56 55 54 53 56 56 54 52 50 51 50 49 49 50 54 55 54 52 51 59 58 62 64 67 61 59 59 65 61 59 65 59 63 59 60 62 63 65 62 60 59 57 55 51 51 54 55 55 54 56 59 56 62 65 73 66 62 62 62 60 64 58
63 67 61 65 62 60 57 57 58 60 59 61 54 53 53 55 54 52 54 57 58 55 52 54 57 54 54 55 53 54 57 59 59 58 57 54 54 57 56 55 55 53 52 50 54 54 50 50 52 53 54 55 51 53 56 57 66 64 61 59 57 60 58 57 56 60 56 60 58 59 64 64 58 63 62 54 51 49 51 54 59 60 62 58 54 58 64 63 62 63 61 63 64 65 58 62
74 66 69 57 58 58 59 58 63 61 56 54 53 58 53 52 55 51 51 54 52 54 50 55 56 52 54 56 55 55 58 60 56 57 55 54 55 55 56 57 55 52 50 51 55 57 56 52 51 53 52 54 51 56 57 58 62 63 65 57 58 59 60 61 61 57 56 56 59 65 60 60 61 54 56 52 53 55 51 55 61 65 59 60 60 57 56 62 61 66 73 62 61 58 60 57
77 77 63 62 64 60 60 58 63 62 58 57 58 62 55 54 53 51 50 49 49 48 48 54 54 52 54 56 55 56 58 58 56 55 55 55 55 58 57 57 54 54 55 53 55 55 55 51 52 53 55 56 52 54 58 60 59 63 61 58 60 63 62 63 63 61 60 60 59 64 63 58 56 55 53 50 56 54 51 56 56 62 61 63 62 60 55 60 64 72 74 63 62 60 66 63
70 69 69 64 66 61 62 61 65 62 61 59 62 63 59 57 56 51 49 48 47 45 47 51 53 51 53 54 53 56 58 57 57 55 58 59 57 59 56 53 54 55 56 55 58 56 53 50 54 57 55 55 56 52 56 57 55 64 69 62 65 64 62 61 60 59 57 57 58 63 65 63 58 53 51 50 59 55 49 54 62 60 60 59 57 58 58 60 64 69 67 60 61 63 67 64
72 66 66 61 62 59 58 63 63 63 65 56 66 65 64 59 55 53 50 48 48 46 47 50 51 50 51 53 54 56 57 58 57 56 61 62 60 59 58 54 55 56 56 56 58 55 51 54 52 53 53 54 55 55 55 55 54 57 61 64 60 59 56 60 61 57 62 58 60 64 64 59 59 51 51 55 58 59 52 50 59 60 56 53 55 55 56 57 60 62 62 62 62 63 65 64
67 68 65 60 55 56 59 60 64 61 61 55 61 66 62 56 55 53 50 48 48 48 48 49 50 50 51 54 54 54 55 58 57 57 58 59 60 62 61 55 56 56 57 58 54 56 50 54 54 55 53 54 55 57 55 57 55 57 60 63 63 63 59 60 57 60 60 59 56 60 59 53 51 51 52 51 59 60 54 49 57 52 54 53 55 53 56 57 61 61 68 65 64 64 64 64
66 66 61 60 61 56 60 59 64 60 56 55 56 62 62 55 54 51 51 49 48 48 49 49 50 51 52 53 53 54 55 56 55 56 57 58 59 63 61 55 53 54 57 57 56 51 50 52 52 54 56 54 56 58 54 55 55 56 60 63 69 62 61 62 57 58 59 58 59 53 55 51 51 54 54 54 55 53 50 50 48 59 56 55 55 59 55 61 63 67 69 62 63 66 66 57
67 69 68 67 60 56 57 59 61 58 54 55 58 61 61 55 52 52 51 49 48 52 52 48 51 52 53 53 54 56 56 56 57 59 58 59 59 61 60 58 54 55 56 56 53 55 50 53 51 52 53 53 57 56 53 53 55 57 62 69 72 69 64 62 63 63 58 59 58 55 52 52 55 62 59 54 55 49 50 57 52 57 58 56 55 59 57 59 64 71 70 73 65 66 63 56
68 66 71 61 60 56 59 58 59 61 54 54 57 64 57 54 52 52 51 49 48 49 50 50 52 51 53 56 55 55 58 58 60 60 58 60 60 60 60 61 54 54 54 56 54 53 51 50 54 52 51 53 56 57 57 54 58 58 63 61 65 61 57 62 58 58 63 56 54 50 51 55 60 65 57 56 53 45 52 61 58 50 56 56 54 56 59 61 60 72 68 66 62 63 60 64
73 65 65 62 58 60 56 55 62 57 54 54 57 63 58 53 52 52 51 51 48 48 49 49 51 51 54 58 58 59 58 56 60 56 59 60 58 61 61 60 60 55 53 56 52 50 51 50 52 55 54 52 54 61 56 54 57 59 61 61 58 57 58 56 57 58 54 52 50 49 55 62 62 62 54 50 48 51 59 58 61 56 55 53 60 55 58 60 57 60 62 66 63 60 58 63
67 65 63 61 60 63 62 55 57 57 53 59 58 58 56 53 53 53 52 50 49 48 48 51 52 53 56 58 60 62 63 59 55 57 59 58 59 58 58 59 60 56 53 53 51 50 53 52 52 52 56 56 56 55 52 52 57 58 61 64 67 65 62 57 54 53 55 54 49 50 53 60 58 56 53 51 48 52 61 61 57 59 55 52 56 59 61 64 64 59 58 61 64 61 59 60
72 70 69 67 64 62 58 57 54 53 55 58 60 57 54 52 52 54 54 52 51 50 50 51 53 54 58 60 62 65 63 62 57 60 61 58 58 60 60 59 60 57 56 53 53 52 53 52 52 54 55 58 56 55 56 55 58 59 59 64 65 62 59 55 59 61 61 56 50 51 56 59 55 55 52 49 55 60 62 59 58 55 53 53 54 60 59 64 61 59 58 58 59 62 58 61
67 68 66 66 63 61 59 56 55 52 53 52 53 55 53 52 52 56 59 58 58 55 53 54 55 56 64 66 68 67 64 61 58 59 60 61 59 59 58 59 60 57 58 55 54 55 53 53 54 56 52 51 51 53 56 59 58 59 59 62 62 60 59 63 63 64 59 52 50 55 57 58 58 53 51 49 55 57 57 58 57 56 55 54 60 59 59 63 63 59 64 64 61 60 60 60
63 65 67 64 63 61 59 55 54 60 57 53 53 53 50 51 53 57 62 58 62 62 57 58 55 56 64 68 68 67 65 63 59 61 59 62 60 61 60 60 61 59 59 57 58 56 54 54 55 58 57 54 55 56 57 59 59 58 59 62 61 61 62 66 65 60 59 56 52 54 56 56 58 58 52 55 51 52 59 57 56 59 56 57 60 65 59 60 62 70 63 60 59 65 63 60
65 62 66 66 62 59 57 55 54 57 58 56 57 51 48 51 52 55 62 62 62 63 67 62 60 59 60 66 66 68 66 63 62 61 59 61 62 64 61 61 60 60 59 59 58 57 56 55 56 60 64 60 54 59 61 61 57 60 59 62 62 61 67 66 63 60 59 55 52 58 55 53 56 61 55 58 52 55 59 56 56 58 62 60 61 62 63 61 62 68 64 62 62 67 63 69
67 66 61 61 60 61 57 56 56 58 58 55 54 51 50 52 57 57 59 63 62 62 65 65 66 63 63 63 65 67 67 65 65 63 62 62 64 65 63 65 61 60 60 61 61 57 60 56 62 64 64 61 59 58 60 57 59 59 59 61 61 63 64 64 62 61 55 56 53 55 57 57 57 62 59 60 50 50 57 56 57 58 59 63 62 60 66 66 65 65 66 66 68 66 64 61
66 63 60 64 60 58 56 56 58 56 55 55 55 55 56 56 61 61 61 62 66 64 65 67 64 63 67 67 64 62 66 66 64 63 63 63 63 64 64 64 62 62 61 61 61 59 62 61 57 58 63 62 66 62 61 58 59 61 58 60 64 63 65 63 60 58 56 56 53 53 57 56 56 58 61 58 54 57 52 56 59 58 56 59 58 60 65 64 66 64 65 68 71 63 61 63
62 61 59 63 60 58 56 55 58 56 58 56 56 61 65 64 64 65 64 64 65 66 66 66 66 65 67 66 69 65 63 62 64 62 60 58 63 64 66 64 63 63 62 61 63 63 65 60 57 60 62 63 68 68 64 63 60 61 61 60 64 64 66 61 60 55 55 54 55 53 55 58 55 55 54 57 54 58 53 57 58 57 57 58 57 60 60 66 69 68 67 70 64 63 61 63
63 64 62 59 61 60 56 56 56 58 61 60 62 62 66 62 64 65 64 65 65 66 67 69 66 67 69 66 69 70 65 63 61 62 62 62 60 66 67 66 66 65 63 63 66 67 65 66 63 59 59 61 65 67 68 64 61 60 60 61 65 65 66 65 57 56 57 59 58 53 57 58 56 58 57 58 58 57 53 51 52 55 56 57 56 57 60 62 74 73 71 67 66 64 62 63
61 64 65 58 60 60 56 58 58 61 60 63 62 65 60 58 59 60 64 65 65 66 67 68 70 69 70 69 71 70 64 66 63 65 63 64 64 61 67 67 66 65 68 67 68 67 69 67 63 60 62 64 65 65 66 65 64 62 62 62 63 65 62 59 57 58 57 56 54 52 59 58 55 56 60 59 59 56 56 52 51 55 56 56 56 59 70 63 71 70 69 69 68 68 74 63
67 68 68 62 59 55 55 57 57 59 62 59 64 57 57 56 56 58 62 64 66 66 68 67 70 70 71 71 72 70 67 70 67 66 68 68 67 64 67 70 71 72 71 69 68 70 70 65 65 65 65 64 65 65 64 66 65 64 64 65 64 63 60 58 57 55 56 53 56 52 55 55 58 57 60 61 59 60 58 54 53 51 51 58 59 63 71 68 70 77 74 72 67 70 70 64
68 65 63 63 62 63 59 56 60 60 57 54 56 56 60 59 58 58 58 64 64 65 66 69 68 69 70 71 71 67 70 71 68 69 66 68 69 67 68 71 72 73 74 72 70 70 70 67 69 69 67 65 66 66 62 63 66 66 65 67 65 66 64 59 58 55 53 53 57 57 51 57 57 54 54 57 59 61 58 53 54 52 54 59 58 59 72 70 73 78 74 70 69 71 68 64
65 66 64 61 61 57 54 54 57 55 56 57 56 59 64 60 62 65 63 61 64 65 65 68 68 70 70 71 70 69 70 68 70 69 67 70 70 68 70 75 71 72 75 71 72 74 71 72 70 70 66 68 67 65 63 63 64 65 63 64 71 64 64 60 56 53 54 56 56 53 51 56 55 55 54 54 55 54 56 54 54 52 54 55 57 65 72 68 70 68 71 70 68 72 67 67
61 64 62 59 59 55 53 53 53 56 55 57 58 65 63 61 64 65 64 64 64 65 67 67 70 70 70 70 70 68 69 68 72 71 71 72 73 68 68 69 73 73 75 73 75 71 70 73 73 72 71 69 69 68 65 63 64 66 62 65 67 62 63 57 54 54 61 58 57 52 53 59 57 59 56 59 58 57 56 55 54 55 57 56 58 63 69 66 66 67 76 72 72 68 69 76
62 61 59 61 57 54 54 58 56 53 57 59 58 64 62 61 62 63 64 64 63 63 65 66 68 68 69 71 69 67 69 70 70 74 70 73 76 73 73 74 73 79 78 74 73 73 72 73 77 77 75 72 69 68 68 62 62 62 60 65 61 63 63 54 58 66 64 56 51 54 56 61 62 61 61 62 65 62 60 56 55 55 57 59 56 60 62 64 61 72 71 80 80 68 72 77
61 58 58 61 56 55 54 54 56 55 56 58 58 61 62 59 64 64 64 65 62 64 65 64 66 66 67 69 68 67 68 70 71 71 73 71 76 76 75 78 77 76 78 78 75 77 76 77 80 78 73 74 72 72 68 66 64 65 59 59 58 61 60 54 60 62 59 54 53 53 58 62 61 62 63 65 65 61 61 57 61 61 57 65 61 60 59 60 63 70 71 74 73 79 77 85
58 57 56 58 56 55 56 55 59 57 51 58 58 59 59 60 64 63 65 66 64 65 65 65 66 70 68 68 67 68 68 70 71 72 73 75 78 79 78 78 77 81 78 79 77 75 77 79 80 82 76 76 74 73 70 68 68 69 61 58 60 60 59 55 63 65 58 57 57 52 52 56 58 61 64 64 61 61 60 58 62 66 61 63 64 61 63 62 62 61 67 64 67 73 77 80
60 61 58 56 56 55 56 53 52 52 53 54 54 58 58 59 61 63 66 66 66 67 67 66 68 69 70 69 68 68 68 71 72 72 72 71 74 78 82 82 81 82 78 81 79 75 79 83 81 82 79 78 79 78 77 74 72 71 64 63 58 55 54 56 57 61 64 64 58 53 53 53 58 57 58 64 65 61 60 58 61 64 68 64 62 65 62 68 67 64 70 68 70 70 72 78
59 60 59 57 56 55 54 52 51 50 53 53 54 55 61 60 62 63 64 67 63 65 68 70 69 69 68 69 70 68 68 69 69 72 74 73 79 76 83 87 88 87 85 82 88 81 82 85 82 82 85 84 82 79 79 76 79 74 67 65 61 56 55 57 58 57 60 61 61 59 57 51 51 57 61 66 64 63 60 60 59 61 64 63 60 62 67 62 68 69 73 71 77 72 72 80
59 58 62 57 56 55 53 51 51 53 56 57 58 55 58 58 59 61 63 61 61 62 63 68 67 67 68 72 69 70 71 71 71 72 71 76 81 83 81 92 93 92 94 87 88 88 88 86 83 87 86 88 87 85 81 81 80 75 71 63 63 63 55 57 58 56 55 59 57 54 52 57 51 53 56 64 63 61 62 59 58 63 59 59 60 61 67 64 68 68 73 77 79 73 73 78
59 57 57 56 55 53 51 52 53 54 56 57 57 56 57 58 62 60 60 61 62 64 67 69 65 69 70 72 71 70 69 71 72 72 75 73 79 83 86 87 94 100 97 94 91 91 89 89 87 87 89 87 85 84 84 83 82 75 70 70 63 62 57 58 58 55 56 55 57 54 55 55 56 52 56 60 64 61 61 57 58 59 59 59 60 62 65 68 66 65 68 82 80 82 75 85
55 56 56 54 53 51 50 51 53 53 56 56 56 57 57 57 57 57 59 61 61 62 62 63 64 65 68 69 71 69 69 70 70 72 72 79 78 80 86 88 92 97 98 98 98 96 97 97 95 94 94 92 88 87 86 84 84 81 75 74 69 61 63 61 57 56 54 54 55 57 59 54 54 53 58 56 57 60 59 59 58 58 60 58 59 61 62 69 69 70 70 73 84 81 77 76
55 55 55 55 53 51 50 51 53 54 55 56 57 57 58 57 57 56 57 59 58 59 62 62 62 62 64 70 72 71 69 71 73 75 79 78 80 82 86 91 91 98 101 104 103 102 107 106 106 102 98 97 94 92 91 89 82 80 77 71 69 62 63 65 59 56 57 55 55 55 56 57 52 51 54 54 57 60 61 58 58 57 60 61 62 61 62 64 66 72 76 83 85 81 76 77
54 54 53 54 53 51 50 51 54 54 54 55 56 56 57 57 57 55 57 58 57 57 60 63 62 64 67 69 73 71 69 69 70 72 77 84 87 88 93 91 97 98 102 107 106 107 109 115 109 105 103 99 95 95 91 88 87 79 73 68 65 64 67 62 57 59 60 59 56 57 57 56 54 52 54 56 57 59 61 59 59 59 58 60 61 63 67 71 70 72 80 82 77 76 76 77
54 54 54 54 53 53 50 51 55 53 55 56 55 56 55 56 56 56 56 58 58 57 59 60 61 62 63 70 66 70 70 69 72 74 79 83 86 92 96 95 93 99 103 110 110 110 114 114 111 110 107 104 99 98 94 88 84 80 76 75 71 69 63 59 55 64 63 64 58 58 58 57 56 54 54 55 56 58 61 59 60 58 60 59 59 62 66 68 75 74 83 89 83 81 83 79
54 53 53 53 51 52 50 48 47 52 52 54 54 55 54 54 55 55 55 54 57 58 59 60 60 61 62 63 65 67 69 71 73 76 77 80 90 92 95 100 101 103 109 112 113 115 114 114 115 116 111 106 101 98 93 91 87 82 80 79 69 65 62 59 60 64 64 66 64 59 61 57 56 56 55 53 55 57 60 61 60 59 60 60 60 63 67 69 73 87 81 92 93 87 85 86
55 53 53 53 50 50 50 49 51 51 52 54 56 51 53 53 51 54 53 53 54 55 57 58 60 61 63 64 64 64 68 74 76 79 81 83 90 91 92 97 102 104 108 114 113 113 116 117 120 124 117 108 100 96 92 89 87 83 79 76 72 70 66 66 64 66 68 66 63 62 59 58 57 55 55 54 56 58 60 63 61 62 61 63 64 64 71 72 77 87 88 88 87 87 89 81
55 53 53 53 51 53 54 52 52 53 53 54 54 55 53 51 50 51 53 54 55 56 57 58 57 59 63 65 68 66 69 69 72 77 81 84 89 91 91 93 96 102 108 113 113 113 116 118 117 116 113 102 98 99 94 90 87 86 83 75 77 72 69 70 66 67 67 67 65 70 63 59 58 57 56 55 57 59 61 62 62 61 60 62 67 67 67 71 81 85 88 92 93 88 85 85
53 53 52 53 53 54 56 54 53 53 53 53 51 50 49 49 51 52 53 54 55 54 56 55 57 58 59 60 65 62 64 68 76 77 81 85 84 85 89 89 95 103 109 112 116 113 115 117 117 112 107 104 101 98 93 93 89 85 82 82 81 74 72 70 67 75 69 70 65 62 63 60 59 58 58 55 56 58 60 62 61 63 61 61 66 65 71 74 77 83 87 90 95 88 88 93
53 54 53 52 53 53 55 55 54 52 50 51 51 51 54 50 50 51 53 53 54 52 52 53 56 59 60 61 62 61 66 67 73 77 79 79 79 82 89 93 96 101 104 114 112 113 112 112 111 110 110 105 101 99 95 93 87 85 85 85 82 77 78 75 70 72 72 68 65 69 68 62 61 62 61 57 59 59 61 64 66 63 62 61 61 65 74 75 82 82 85 83 86 92 94 102
54 55 53 51 52 53 54 54 52 50 50 51 51 53 53 52 52 52 54 52 54 52 52 51 54 55 59 63 62 63 65 69 70 75 74 81 81 82 88 94 94 99 105 109 107 111 114 111 104 101 102 103 99 98 94 93 90 85 87 84 80 79 79 76 73 73 74 71 70 72 66 64 67 67 62 57 58 62 62 63 64 66 63 62 61 67 70 76 79 80 81 82 90 99 92 102
54 56 52 52 52 56 55 53 52 52 50 51 51 51 52 54 52 51 52 53 53 52 51 52 55 58 62 62 63 61 64 71 76 72 70 74 80 81 87 90 90 98 103 103 105 105 112 115 104 100 100 101 99 98 97 92 88 89 87 83 82 79 80 78 77 73 76 75 71 73 71 67 70 67 63 59 60 59 62 63 64 68 61 60 59 64 67 76 79 82 86 84 92 95 94 105
56 56 54 52 52 55 50 52 51 51 49 50 51 50 51 53 53 53 53 53 52 52 51 54 56 55 59 60 60 60 65 68 72 65 70 75 78 83 85 87 94 96 96 101 103 102 113 109 103 101 101 104 99 99 98 92 90 90 88 84 83 81 79 79 77 78 72 74 69 74 71 70 66 66 62 63 63 61 61 62 62 61 59 58 59 63 72 81 86 88 86 89 97 102 108 100
