Climate/data/grids_germany_multi_annual_air_temp_mean_1981-2010_11.asc
NCOLS 654
NROWS 866
XLLCORNER 3280414.711633467
YLLCORNER 5237500.62890625
CELLSIZE 1000
NODATA_VALUE -999
[rows 530 to 582 of 866, columns 96 to 191 of 654]
47 52 55 56 55 57 58 58 58 58 58 58 58 63 54 51 51 49 55 53 49 47 52 57 60 63 58 54 51 53 51 46 46 44 43 44 46 49 54 46 47 48 50 47 53 46 46 44 47 47 45 43 42 45 48 50 52 52 49 46 46 44 45 45 45 46 46 51 49 46 51 51 49 48 46 44 43 44 42 35 37 38 35 31 32 40 37 40 43 42 44 45 45 46 42 39
48 51 55 55 57 56 58 58 56 53 53 54 54 63 50 47 48 47 48 47 49 55 55 56 59 63 63 59 54 50 54 50 49 42 44 45 45 51 52 48 46 48 50 50 44 50 45 44 45 45 46 47 44 45 48 50 55 49 52 45 44 43 42 44 44 45 48 50 52 46 50 51 50 47 44 43 41 39 40 34 35 32 35 32 37 40 36 39 41 43 43 44 44 45 45 42
47 49 53 54 55 56 57 54 51 52 52 54 55 58 50 52 47 46 44 44 47 51 54 59 60 59 61 61 51 46 47 45 43 44 46 46 46 48 49 49 47 48 51 51 47 45 48 46 49 47 47 45 44 46 46 49 54 47 48 51 48 46 42 44 44 47 49 48 48 49 49 50 51 49 44 46 45 41 40 40 33 35 38 36 34 32 37 35 41 41 41 40 40 39 42 41
51 49 51 53 55 55 55 51 52 51 51 54 63 57 46 46 49 52 43 44 45 47 53 53 54 54 55 62 56 55 52 45 43 44 46 48 50 43 49 47 47 46 48 47 48 44 43 45 41 45 46 46 45 43 49 50 52 50 47 46 46 46 47 45 43 44 45 47 47 51 48 48 49 50 48 44 44 40 43 41 39 31 32 38 37 32 34 33 39 38 34 34 40 42 41 42
49 53 52 54 54 55 53 51 52 55 52 53 60 59 52 48 44 44 45 50 51 51 62 62 62 64 62 62 48 45 50 46 44 45 47 49 50 51 50 50 48 46 46 46 47 48 46 41 41 45 44 45 47 45 44 48 54 49 47 47 49 45 45 43 42 41 43 45 46 48 50 47 48 48 49 49 45 46 45 46 39 31 38 32 33 32 29 31 33 36 32 36 44 46 47 48
49 50 55 54 55 53 51 51 53 55 52 53 62 45 53 49 48 43 47 48 59 59 62 54 53 56 57 50 50 50 44 42 43 46 50 50 51 50 53 49 47 49 47 43 47 47 42 41 43 42 43 44 46 47 44 46 50 50 51 50 46 44 42 43 45 43 43 44 45 46 50 47 47 46 48 47 41 42 43 39 41 33 34 29 27 27 28 27 29 34 38 42 46 49 50 51
52 52 53 58 55 53 50 50 51 55 62 58 62 53 50 45 46 44 46 55 48 51 61 61 61 50 49 48 45 43 41 44 43 45 48 46 47 49 51 52 50 46 45 45 45 49 44 41 41 42 44 45 43 46 46 48 53 48 47 48 46 46 46 46 44 43 41 43 48 44 48 47 46 44 47 46 42 39 42 42 41 38 30 30 24 21 28 30 35 36 42 45 48 50 51 53
51 55 54 54 55 52 51 51 54 60 52 54 56 51 54 50 46 47 46 50 48 48 53 57 53 58 48 45 45 47 45 49 44 45 45 46 49 50 51 51 52 47 48 45 44 44 46 44 40 42 41 41 43 45 47 52 51 51 47 45 50 48 43 46 42 42 41 42 47 41 47 48 45 43 45 47 45 42 41 42 40 37 31 27 20 24 31 38 41 37 43 46 48 51 52 53
53 53 50 53 59 54 51 51 59 53 52 51 56 52 49 48 50 47 46 45 44 43 48 51 53 61 56 49 45 50 50 50 45 44 44 47 48 50 47 49 52 49 46 44 46 42 44 41 38 39 40 44 45 42 47 46 44 46 46 46 46 46 42 40 40 41 41 45 44 44 46 47 47 46 44 45 45 43 43 41 38 32 31 26 22 27 31 29 32 43 44 48 48 50 52 53
53 57 51 51 58 51 57 62 52 58 56 52 51 59 51 48 47 47 48 44 43 41 45 43 54 59 61 46 46 48 52 54 50 45 47 46 48 48 45 48 49 48 47 48 44 43 43 39 38 38 41 42 41 41 50 44 42 44 47 44 44 47 44 45 45 43 40 40 40 44 45 47 45 43 41 44 45 44 42 38 39 34 30 29 29 29 23 31 39 42 44 47 50 51 52 53
54 53 57 62 52 51 60 57 49 58 60 51 48 50 50 49 50 50 48 45 45 42 39 41 46 53 55 49 48 50 51 54 50 48 47 45 45 46 46 45 49 49 48 45 45 43 45 43 40 37 39 42 39 43 48 48 44 44 47 47 43 43 45 42 43 42 37 43 44 44 44 47 44 43 39 43 43 45 40 42 39 41 37 34 32 38 31 37 41 45 47 47 50 52 53 53
55 51 62 53 62 59 56 48 53 52 52 53 51 52 55 54 52 48 47 44 43 41 41 37 41 49 54 54 49 49 51 50 51 50 46 47 43 45 44 45 47 46 49 47 45 45 45 44 42 38 39 41 41 41 44 42 49 47 46 47 46 43 42 40 42 42 38 38 37 41 42 45 43 42 40 37 43 45 44 42 42 39 34 34 34 41 39 41 45 47 49 49 51 52 53 54
61 62 58 51 50 51 49 53 47 50 50 53 50 50 51 49 46 51 44 46 41 42 40 39 42 52 58 61 54 51 57 49 51 51 50 45 46 47 44 44 46 45 46 48 44 45 42 41 39 37 36 38 39 43 45 43 46 43 43 44 45 42 39 39 38 40 39 40 39 37 38 43 45 43 37 36 38 44 43 43 42 36 39 41 44 42 43 46 48 48 51 51 52 54 55 55
51 60 57 46 47 54 53 48 46 50 51 52 48 48 49 45 45 46 45 44 40 41 40 37 39 49 51 50 60 61 61 49 56 50 49 49 49 49 45 45 42 46 47 46 44 42 42 41 39 41 41 36 38 37 42 43 48 47 41 42 40 39 40 37 40 42 39 42 40 36 41 41 43 45 41 40 42 46 49 39 41 44 44 45 45 45 41 47 51 50 53 52 54 54 55 56
58 49 52 49 48 52 55 51 47 50 48 58 52 47 44 45 44 43 42 42 40 50 39 36 39 41 47 47 50 53 54 58 57 54 54 53 46 45 47 44 41 42 44 45 41 40 39 37 42 42 43 41 36 36 37 38 42 48 43 40 38 38 40 40 41 42 42 41 38 36 36 34 37 45 46 44 46 42 45 42 37 47 47 45 46 47 44 48 51 53 53 54 54 55 55 56
52 49 56 53 51 48 56 47 46 47 48 51 49 48 45 47 44 43 43 42 40 39 39 40 44 45 46 53 50 50 59 58 58 51 49 49 48 45 47 45 41 41 43 45 40 39 39 41 42 43 42 39 37 40 38 43 45 45 42 42 40 39 40 42 43 43 42 40 37 32 33 38 42 46 46 46 46 46 48 46 44 47 48 46 49 47 47 49 52 54 54 56 55 55 56 57
52 51 55 51 49 48 50 51 48 46 46 48 50 47 47 46 45 48 46 43 41 44 41 41 47 47 52 51 51 54 50 51 58 52 51 48 46 54 46 43 40 41 41 46 42 41 42 45 41 46 44 39 38 41 39 40 42 46 44 42 41 42 43 43 44 40 39 40 36 33 36 37 38 40 42 45 47 50 47 49 47 46 49 48 49 48 53 53 54 54 56 56 56 56 58 58
57 53 49 48 56 51 48 47 51 50 47 45 47 46 46 45 46 45 41 43 42 40 39 39 40 43 44 43 44 44 46 51 52 56 49 51 48 46 45 42 41 44 44 41 42 39 47 42 41 49 39 43 43 43 42 38 43 43 43 43 40 45 43 43 40 39 35 38 35 39 41 43 37 44 45 46 44 43 51 47 50 41 47 50 52 52 52 54 55 55 57 56 56 57 58 59
58 54 50 50 47 51 47 48 48 48 45 45 45 45 45 43 44 45 41 41 44 41 41 38 41 41 39 46 46 43 47 49 53 55 50 48 45 44 45 42 41 42 46 41 39 40 47 47 42 47 41 48 43 42 39 38 42 42 42 41 43 42 39 40 38 41 38 41 42 46 45 46 44 43 48 48 45 45 44 42 46 52 45 49 52 53 54 53 54 55 56 57 57 57 59 59
48 48 48 47 48 51 52 47 46 46 46 46 43 41 42 41 41 42 39 40 43 42 41 39 40 40 44 45 44 51 52 52 58 50 48 48 46 43 42 42 41 42 49 46 42 43 45 43 45 52 47 43 40 38 40 37 38 37 40 38 38 37 35 37 44 42 43 47 47 47 49 47 45 43 48 49 47 46 47 42 45 51 49 48 51 54 54 55 56 56 56 57 58 58 59 59
48 47 51 48 48 48 47 53 47 50 47 45 45 43 44 42 40 40 39 41 42 40 38 37 36 37 39 40 44 48 52 53 61 53 46 45 46 46 43 47 42 43 46 51 43 44 47 51 50 49 47 42 44 46 43 38 36 40 43 41 34 30 34 39 43 46 50 50 50 48 49 50 48 48 48 48 50 47 48 44 43 49 53 49 53 55 55 56 56 56 58 58 58 58 59 59
46 51 48 52 51 51 45 48 46 46 45 48 47 45 44 42 41 39 39 40 41 40 37 36 36 37 42 46 52 47 50 56 54 60 51 48 45 44 42 47 41 42 48 51 42 52 52 41 42 45 41 44 40 39 41 39 37 41 39 45 38 34 37 43 46 51 50 50 49 51 51 49 51 49 49 50 51 49 46 44 44 45 54 49 54 55 56 56 57 57 57 58 58 58 58 58
44 47 45 47 47 48 45 44 44 45 43 43 43 44 43 43 42 41 40 41 40 40 37 38 36 38 43 42 43 45 51 47 49 52 59 52 49 44 48 48 42 47 46 45 53 53 43 44 40 40 40 40 42 40 41 41 36 39 44 43 39 42 44 47 48 49 52 54 54 53 54 51 51 52 52 51 51 51 48 44 45 46 54 53 55 56 56 57 57 57 58 59 59 59 58 58
45 44 43 48 46 46 50 44 43 42 45 43 43 42 43 42 41 40 40 42 42 40 38 40 40 40 40 40 40 45 47 44 50 47 52 59 50 42 43 49 45 46 52 51 47 48 48 44 49 42 44 40 38 42 38 37 34 38 40 46 45 46 47 46 48 50 52 54 54 54 55 52 52 52 53 51 52 52 53 47 48 49 52 54 56 56 56 57 57 58 58 58 58 58 58 58
43 43 42 43 43 44 46 46 43 42 41 42 42 39 40 40 39 40 47 42 41 40 40 40 42 41 39 38 40 42 43 44 44 44 50 60 49 45 43 50 44 48 57 44 42 42 53 46 49 41 41 43 39 36 33 39 37 42 47 50 52 47 48 51 49 51 52 53 53 52 54 53 55 55 54 52 52 54 54 52 51 50 52 55 55 56 57 57 57 58 57 58 58 57 58 58
47 45 43 42 43 42 44 46 45 45 41 40 39 39 40 41 41 39 41 42 43 43 41 42 42 40 39 39 39 40 47 47 48 48 48 58 51 51 47 50 45 58 44 50 43 43 44 48 43 44 44 38 34 33 38 41 46 49 49 49 51 49 50 49 51 51 54 56 55 57 55 54 55 55 53 53 53 53 55 53 53 51 52 55 56 56 57 57 58 58 57 57 57 57 57 57
43 43 42 41 40 41 45 45 44 41 41 42 42 41 41 42 43 41 41 41 42 44 43 43 43 42 39 40 40 40 42 50 47 55 49 55 56 47 59 56 51 52 52 46 42 43 40 41 40 43 38 33 32 41 46 44 50 48 51 49 54 49 51 55 56 54 55 56 57 56 57 56 55 55 55 54 55 54 55 54 54 54 55 56 56 57 57 57 58 57 57 57 57 57 57 57
41 42 42 42 40 42 42 42 42 41 42 43 44 43 42 44 41 41 41 44 44 44 45 42 40 40 40 41 40 39 40 41 48 44 44 50 59 60 52 49 50 49 53 50 49 50 41 41 40 39 37 35 37 40 45 47 49 51 52 54 55 56 55 56 57 57 58 58 58 57 58 57 56 56 56 55 55 56 55 54 54 56 56 56 57 58 58 58 57 57 57 57 57 57 57 57
42 42 41 39 40 40 40 40 40 41 43 43 44 45 44 44 41 43 43 43 45 46 42 41 43 41 42 42 40 41 39 43 43 47 50 50 51 53 59 53 49 42 44 43 43 42 43 42 43 40 43 41 43 47 49 51 52 53 55 56 57 55 57 58 59 59 59 59 59 58 58 58 56 56 56 56 55 55 56 55 55 55 56 57 58 58 58 58 57 57 57 57 57 57 57 57
45 41 44 40 39 39 38 38 39 40 40 42 44 44 46 44 42 43 44 43 44 47 43 43 44 42 40 42 42 40 40 41 42 48 49 54 51 53 57 59 48 41 43 39 38 39 40 46 44 43 44 47 49 50 53 56 54 56 55 57 58 58 58 59 58 58 59 59 59 59 59 58 58 57 56 55 56 55 55 56 55 55 56 57 58 58 57 57 57 57 57 57 57 57 57 57
43 42 41 42 41 41 39 37 38 40 42 41 43 44 44 47 44 43 45 44 45 47 47 44 43 41 41 42 44 41 42 42 41 43 50 52 51 45 44 50 60 56 43 41 42 43 46 47 46 48 47 51 54 55 55 57 56 57 58 59 59 59 59 58 57 57 57 58 58 58 59 59 58 58 57 56 56 55 55 56 57 57 57 58 58 57 57 57 57 57 57 57 57 57 57 57
45 42 43 45 41 42 38 39 38 39 41 42 42 44 45 47 47 44 46 45 47 44 44 42 43 41 42 42 43 42 42 40 40 43 45 42 42 36 32 40 51 60 49 44 45 47 49 48 53 51 51 55 56 57 58 59 59 59 59 59 59 59 58 57 55 56 56 57 57 58 59 59 59 58 58 56 56 56 55 56 56 58 58 58 58 58 57 57 57 57 57 57 57 57 57 57
46 42 43 41 41 42 42 40 39 40 42 43 44 43 45 46 45 47 47 45 44 43 45 42 41 41 43 42 44 44 42 38 33 34 37 34 32 33 38 43 45 57 47 48 49 47 48 51 52 53 56 57 58 59 59 59 59 59 59 59 59 58 56 55 54 56 56 57 58 57 58 59 59 59 59 59 59 58 58 56 57 58 58 58 58 58 57 57 57 57 57 57 57 57 57 57
41 42 40 41 41 42 42 39 41 41 43 42 43 44 45 45 48 45 46 45 44 42 44 42 41 42 44 42 41 42 41 33 33 35 36 35 36 41 42 44 47 50 53 50 47 48 50 56 57 57 58 58 59 59 59 59 59 58 58 58 57 56 53 53 55 55 56 57 57 57 58 58 59 59 59 59 59 59 58 57 57 58 58 58 58 57 58 57 57 57 57 57 57 57 57 56
39 39 40 41 43 43 40 40 42 44 44 43 43 44 46 47 47 48 45 45 44 42 41 40 39 41 40 40 35 33 43 43 39 43 37 38 36 42 45 46 43 47 56 45 46 53 57 59 59 59 59 59 59 58 58 58 58 57 55 54 53 52 52 53 53 53 55 56 56 57 57 57 57 59 59 59 59 59 58 58 58 58 58 58 58 58 58 58 58 58 57 57 57 57 57 57
39 39 41 42 43 44 41 40 41 44 44 46 44 46 44 47 48 45 45 43 42 41 42 40 39 40 38 35 32 36 38 42 46 41 41 40 40 38 41 44 44 47 57 59 59 59 59 60 60 60 59 59 58 58 58 58 57 54 52 52 52 52 52 52 52 53 54 56 56 56 56 56 56 57 59 59 59 59 57 57 57 57 58 58 58 58 58 58 58 58 58 57 57 57 57 57
38 38 40 42 43 45 41 41 41 43 44 44 46 44 46 48 45 44 43 42 41 42 40 38 37 33 33 37 40 42 43 46 46 48 47 46 43 42 45 46 44 44 47 53 56 52 55 59 59 59 58 58 58 58 57 58 56 52 51 51 51 51 51 52 52 52 53 55 55 56 56 56 54 55 58 59 59 59 59 57 58 58 58 58 58 58 58 58 58 58 58 57 57 57 57 57
38 39 39 40 42 44 44 43 43 42 44 45 47 45 46 46 44 44 44 41 43 41 38 34 33 34 37 38 38 39 43 45 45 47 49 46 46 46 48 48 48 48 51 50 58 57 57 57 58 58 58 58 57 56 51 56 57 53 52 51 50 51 51 51 51 51 52 53 54 55 55 55 54 54 59 59 59 59 58 58 58 58 58 58 58 58 58 58 58 58 57 57 57 57 57 56
39 41 41 41 43 44 46 44 42 42 44 44 46 45 49 46 44 42 42 44 42 40 35 33 36 37 37 32 35 39 43 43 43 44 47 49 47 48 49 49 48 47 50 54 58 58 58 58 57 57 57 55 56 55 51 51 58 55 51 51 51 51 50 51 51 51 51 52 54 55 55 55 53 55 59 59 59 59 58 58 58 58 58 58 58 58 58 58 58 58 57 57 57 57 57 56
39 40 40 42 43 43 45 44 45 43 44 45 46 49 48 46 43 43 46 43 41 37 31 34 37 39 38 33 38 41 43 43 44 44 44 44 50 46 49 47 49 52 51 52 58 58 58 57 57 55 53 50 54 55 53 51 55 57 54 52 52 51 50 50 52 51 54 55 53 53 54 55 54 57 59 59 59 59 58 58 58 58 58 58 58 58 58 58 58 58 57 57 57 57 56 56
40 38 40 41 44 43 44 46 43 42 43 44 45 46 49 44 42 44 45 41 37 31 33 35 36 34 39 41 39 39 39 38 40 39 41 44 47 52 50 52 51 52 53 53 58 58 58 57 57 53 49 49 53 52 54 53 51 57 56 52 51 51 51 53 55 55 55 56 54 53 54 54 53 57 59 59 59 58 58 58 58 58 58 58 58 58 58 58 58 58 57 57 57 56 56 56
39 39 40 41 43 45 47 44 42 42 43 46 47 46 47 44 47 46 42 39 32 34 34 33 31 36 39 41 39 35 37 39 42 44 49 50 52 50 51 53 51 50 50 53 58 58 58 58 57 54 52 49 51 52 51 53 51 56 57 56 55 53 52 55 57 56 56 55 52 53 54 53 55 57 58 59 59 59 58 58 58 58 58 58 58 58 58 58 58 58 57 56 56 56 56 56
41 39 39 40 42 43 44 43 43 43 44 46 47 48 47 45 46 46 43 35 35 36 33 31 36 37 37 37 42 42 42 43 45 47 45 47 50 51 54 49 49 50 51 55 58 58 58 57 57 55 53 49 49 51 52 50 51 55 56 57 58 58 57 57 57 57 56 51 51 52 53 55 57 57 55 56 57 59 58 58 58 58 58 58 58 58 58 58 58 58 56 56 56 56 56 56
42 40 40 40 41 43 48 43 42 42 43 44 46 48 49 46 43 40 42 39 38 34 32 36 38 40 40 42 45 45 44 50 47 47 47 48 47 51 53 55 50 51 53 54 58 58 58 57 56 55 53 49 50 51 50 50 53 51 52 55 57 55 56 56 54 57 55 51 51 52 55 56 55 54 55 57 59 59 58 58 58 58 58 58 58 58 58 58 58 58 56 56 56 56 56 56
40 44 42 42 42 43 47 43 44 41 44 47 47 50 46 43 35 38 38 39 36 35 35 35 41 43 43 44 45 47 45 49 45 49 50 50 50 50 52 52 56 56 56 57 57 58 58 58 57 56 52 49 49 49 50 50 52 53 56 56 57 54 55 56 56 57 54 51 52 55 56 56 56 55 55 54 58 58 58 58 58 58 58 58 58 58 58 58 57 57 56 56 56 56 56 56
34 39 42 42 42 43 45 45 43 41 44 46 47 47 42 39 41 40 37 35 37 37 40 40 43 44 45 43 45 45 45 45 43 47 50 50 53 52 52 53 53 54 52 55 57 58 58 58 58 57 55 52 49 49 49 50 51 53 55 56 55 53 55 56 55 57 53 51 53 54 55 56 56 54 53 53 58 58 58 58 58 58 58 58 58 58 57 57 57 57 57 56 56 56 56 55
35 41 42 46 46 42 44 46 42 42 40 42 43 50 42 43 46 41 37 40 41 42 42 43 44 44 45 44 43 44 52 42 47 50 50 52 50 53 54 51 52 51 54 57 58 58 57 57 57 58 55 55 53 53 51 49 51 52 53 51 53 55 55 54 55 57 53 53 53 55 54 55 56 55 53 55 58 58 58 58 58 58 58 58 58 58 57 57 57 57 57 56 56 56 56 55
40 41 40 45 45 44 45 46 44 44 40 39 36 40 51 50 42 40 40 42 44 44 43 45 46 45 47 44 46 43 41 45 48 50 52 51 53 54 54 54 50 54 55 56 58 58 54 55 56 57 57 57 55 54 54 51 52 50 51 52 54 55 54 53 56 57 57 56 56 57 56 54 54 56 53 57 57 58 58 58 58 58 57 57 58 57 57 57 57 57 57 56 56 56 56 55
40 39 41 42 42 41 41 43 46 41 38 32 39 43 47 49 43 42 43 42 46 43 44 43 43 43 47 49 44 42 47 49 49 50 51 53 54 53 55 51 52 54 57 57 57 58 53 56 56 56 57 56 55 50 53 54 54 52 53 53 54 52 52 54 55 55 56 56 56 57 56 54 54 54 56 56 53 58 58 58 58 58 58 57 57 57 57 57 57 57 57 56 56 56 55 55
38 38 38 40 40 42 43 47 45 40 35 39 42 45 51 52 49 43 42 44 50 42 45 45 46 47 47 50 45 48 50 51 51 49 51 54 52 54 55 55 56 57 57 57 54 55 57 57 57 57 57 57 52 52 55 55 55 55 54 53 53 51 52 53 54 55 55 55 56 56 54 54 54 53 55 53 54 58 58 58 57 57 57 57 57 57 57 57 57 57 57 57 56 56 56 55
39 39 38 39 41 41 47 46 45 38 40 41 45 46 53 44 42 43 41 42 46 50 47 49 46 44 43 47 51 49 47 50 49 52 55 55 54 54 54 51 52 56 56 55 52 54 56 56 56 57 56 57 57 57 56 56 55 56 54 52 51 50 52 53 53 54 55 56 56 56 54 55 54 54 54 52 56 58 58 57 57 57 57 57 57 57 57 57 57 57 57 57 56 56 56 55
39 41 39 40 40 45 45 43 46 42 43 42 43 48 53 46 45 48 42 45 48 52 47 45 45 43 43 48 47 51 50 46 51 51 51 52 53 54 51 46 54 54 54 53 52 54 55 55 54 57 56 56 55 56 56 57 55 55 53 51 50 51 52 53 54 55 55 56 56 57 54 54 55 54 52 52 56 58 58 57 57 57 57 57 57 57 57 57 57 57 57 57 56 56 56 56
40 43 37 40 39 43 45 40 48 46 45 43 41 43 48 50 51 43 45 48 50 54 44 49 45 45 47 46 49 48 51 52 52 53 52 52 51 52 53 49 52 53 51 51 53 55 55 54 54 57 55 55 53 53 56 57 56 53 52 51 50 52 53 53 54 53 55 55 55 54 53 53 53 53 53 53 57 58 58 57 57 57 57 57 57 57 57 57 57 57 57 57 56 56 56 56
