Climate/data/grids_germany_multi_annual_air_temp_mean_1981-2010_05.asc
NCOLS 654
NROWS 866
XLLCORNER 3280414.711633467
YLLCORNER 5237500.62890625
CELLSIZE 1000
NODATA_VALUE -999
[rows 492 to 532 of 866, columns 376 to 469 of 654]
118 120 121 114 114 111 112 116 117 120 123 125 131 130 126 131 128 126 134 126 132 123 131 127 129 125 127 125 127 130 127 121 121 120 120 121 121 119 119 121 122 120 120 119 120 120 118 118 119 122 121 120 122 122 121 121 118 117 118 119 122 123 124 128 123 126 125 129 124 122 123 121 121 128 124 123 128 125 123 124 124 122 123 125 124 121 121 122 122 123 124 122 120 123
122 118 114 111 112 113 111 112 115 119 123 118 122 122 119 133 122 118 117 125 119 123 119 118 125 125 129 125 120 129 131 125 122 121 121 120 122 120 121 120 121 120 120 121 120 119 120 117 119 119 120 120 121 120 121 119 119 117 117 118 121 122 124 121 124 124 125 124 127 125 124 122 123 123 121 122 124 127 127 124 126 127 127 127 123 122 119 119 118 120 121 122 120 121
116 115 115 110 107 109 108 111 114 122 116 123 123 129 133 129 124 119 115 115 119 122 118 117 114 118 118 120 120 124 120 126 121 121 121 122 122 122 124 122 122 124 124 121 120 123 121 121 119 119 119 116 117 118 120 121 117 119 117 119 119 119 124 123 121 124 122 125 125 122 123 123 122 122 121 121 122 124 125 126 125 122 127 126 126 125 122 119 119 118 119 118 118 120
115 115 110 110 105 109 108 108 118 119 122 127 132 131 122 130 121 125 118 120 116 116 116 120 117 115 117 120 119 120 123 119 126 129 125 127 124 125 125 124 123 120 120 121 118 119 121 120 119 121 118 116 115 115 118 120 120 119 118 118 119 122 120 120 122 121 123 125 125 122 123 123 124 121 119 119 122 120 122 124 122 122 124 126 125 123 123 122 120 118 116 114 114 118
109 105 104 107 104 106 112 113 115 117 118 127 121 116 114 121 125 128 120 128 126 117 115 115 116 115 118 115 120 118 117 118 119 120 128 126 122 121 123 125 120 122 121 119 118 120 119 117 118 120 119 116 117 116 118 119 120 117 115 117 122 117 119 119 121 122 121 125 126 125 126 125 122 123 121 119 120 120 121 120 120 121 121 126 121 124 121 119 118 111 112 112 114 115
109 108 104 102 104 115 121 121 115 117 126 131 125 117 112 117 124 127 125 124 117 116 120 115 115 113 115 115 118 120 117 116 117 121 122 128 121 121 121 120 118 119 119 117 117 119 118 116 119 120 120 119 118 116 116 118 117 119 118 118 117 118 119 121 122 122 123 123 126 125 126 125 123 123 121 121 121 120 122 123 120 120 119 124 125 122 122 121 120 116 115 114 112 112
107 106 105 105 109 106 109 121 125 122 130 117 117 116 114 116 124 117 124 119 116 118 115 112 113 112 113 114 115 119 115 114 117 118 120 125 127 128 125 121 117 115 116 118 118 115 116 117 117 118 119 120 118 115 116 114 116 118 117 116 116 119 120 120 121 122 124 124 127 125 128 125 124 123 120 122 124 122 124 123 120 118 119 118 123 123 121 119 119 114 112 107 105 109
103 106 106 103 104 107 113 110 113 126 129 116 123 118 114 114 112 115 120 117 119 115 112 113 112 110 111 113 116 118 115 114 117 118 120 121 122 124 121 118 118 116 117 120 117 117 116 115 115 117 119 119 119 118 115 115 118 117 119 117 117 119 122 122 120 122 122 124 127 122 123 126 124 122 122 126 126 125 121 121 121 121 120 118 120 122 119 117 114 115 109 103 107 111
100 102 109 106 108 109 109 110 121 122 120 127 129 124 112 113 110 115 118 116 119 111 113 111 111 112 115 116 119 120 118 116 117 117 120 120 121 120 123 120 117 119 121 119 120 119 117 115 115 117 119 118 118 117 118 119 119 121 122 115 115 119 121 122 121 123 124 125 127 122 124 123 124 126 124 123 122 125 121 121 116 119 120 117 121 120 119 118 113 108 104 106 107 106
103 108 105 117 111 118 117 114 118 114 121 123 124 127 118 115 111 113 116 125 115 115 113 112 111 112 111 113 114 117 111 115 117 120 123 124 127 124 118 124 120 121 122 117 118 119 115 113 116 116 118 117 118 117 120 121 119 120 121 117 116 119 121 123 123 123 123 128 128 127 122 122 124 123 120 122 121 125 123 121 117 116 120 117 120 120 116 118 112 107 105 108 107 106
112 111 108 114 114 119 118 123 119 125 124 122 118 123 122 124 118 109 112 118 117 123 116 114 115 116 113 113 114 115 115 113 118 120 120 119 124 122 116 116 116 116 120 113 116 115 116 113 114 116 117 117 115 118 120 120 123 124 124 122 119 122 121 121 123 127 126 128 126 125 124 122 124 121 121 118 122 124 123 120 116 117 120 116 120 118 116 114 106 109 107 110 110 108
103 109 103 105 117 120 119 114 109 114 110 114 119 123 112 114 120 110 114 116 116 114 119 116 115 114 113 111 110 111 113 113 115 117 120 117 124 124 122 118 119 116 115 114 113 114 116 115 115 117 117 115 114 116 117 120 121 121 120 123 122 122 122 124 126 127 127 126 123 125 123 121 123 120 119 119 123 122 122 120 117 115 118 114 120 114 111 109 106 110 108 109 112 114
104 102 108 108 111 120 117 114 106 107 109 114 116 116 114 111 111 113 112 110 116 108 112 116 116 114 112 111 110 113 115 114 116 116 116 117 122 123 123 119 117 119 116 116 114 112 114 116 115 115 116 117 114 114 116 116 119 121 120 125 123 123 126 126 128 125 126 124 121 124 124 121 120 124 120 117 121 121 119 118 116 117 116 117 117 116 110 108 107 107 111 111 109 113
101 99 102 101 107 114 112 107 110 114 112 124 120 113 116 110 110 111 109 116 116 113 111 114 116 115 106 109 111 111 113 116 116 116 118 118 119 123 120 115 115 116 115 116 112 110 114 114 113 115 116 115 113 112 115 119 118 120 124 125 125 125 127 125 123 125 123 120 122 125 121 120 120 120 118 121 121 121 119 115 115 114 114 117 113 112 108 108 108 106 106 112 109 108
105 109 107 105 107 104 104 116 117 116 121 114 115 120 113 116 107 107 113 111 109 110 109 113 115 112 113 109 113 113 113 115 116 117 119 122 123 117 117 117 116 115 116 116 113 112 114 113 112 115 117 116 116 112 115 119 121 120 123 125 124 127 124 122 122 124 123 121 121 122 121 120 118 121 117 119 120 118 115 112 113 112 110 114 108 110 107 108 110 110 110 110 107 104
108 114 111 108 110 104 106 107 108 112 111 116 109 118 110 113 111 108 109 108 109 109 111 111 116 109 109 108 110 115 116 115 116 116 119 122 124 116 116 116 114 114 115 113 115 112 112 110 114 116 115 117 115 115 114 119 121 121 123 124 125 126 123 122 122 122 121 119 119 122 120 118 117 118 117 114 117 117 112 110 110 107 108 108 105 107 109 107 105 110 108 108 107 105
110 113 108 109 106 109 104 106 106 109 109 116 116 108 108 112 109 105 103 109 108 112 112 116 106 106 107 110 111 113 115 115 117 116 123 119 117 118 116 113 114 113 116 115 114 112 112 112 113 115 114 113 115 114 114 116 119 120 122 124 126 126 124 122 121 120 122 122 117 118 117 120 117 117 115 113 112 112 112 113 112 110 106 111 108 106 108 106 105 108 104 103 103 106
110 117 107 106 110 108 107 104 104 107 107 110 111 112 106 107 109 101 105 107 110 111 115 116 111 107 108 109 112 113 114 115 117 119 122 121 116 115 112 115 115 115 117 117 112 115 113 114 112 108 113 113 114 114 117 117 117 118 118 122 126 122 122 121 124 123 122 120 120 120 120 119 121 118 118 118 115 111 112 112 108 108 107 108 108 107 106 103 101 103 104 101 99 105
113 108 113 105 113 107 110 106 104 107 108 110 112 109 109 104 106 101 105 107 112 112 111 111 111 110 106 108 110 110 115 118 118 122 119 123 117 116 114 117 115 117 119 115 115 114 117 114 111 112 112 114 116 116 118 119 119 117 119 122 125 127 125 126 126 125 123 123 122 121 122 121 118 120 119 119 115 108 111 109 104 106 103 104 106 108 105 101 99 98 101 98 97 103
110 117 105 108 112 109 108 107 105 108 109 109 113 110 110 109 106 107 102 109 107 107 109 112 111 107 110 106 108 110 115 116 120 116 123 118 116 113 117 115 118 117 118 117 117 115 117 113 113 112 113 113 114 116 117 118 119 119 120 120 125 122 121 121 121 124 124 124 123 123 123 120 120 121 121 117 116 114 116 111 104 104 101 105 107 107 103 99 96 93 95 97 98 97
109 112 107 105 115 111 113 108 107 110 108 111 112 109 110 109 106 108 107 106 107 105 105 110 108 109 107 108 106 106 113 113 119 119 121 115 114 114 119 120 119 121 120 118 118 117 113 113 116 112 113 114 114 114 117 116 117 122 123 123 121 124 122 123 121 121 121 122 123 123 121 123 122 119 117 119 116 115 111 111 104 102 101 104 105 106 104 104 103 99 95 100 97 94
121 113 108 110 117 117 115 114 114 114 111 111 111 109 112 111 109 111 106 106 109 108 106 107 108 107 106 106 108 110 110 108 115 116 122 116 114 117 124 123 119 117 121 122 117 115 115 116 114 115 115 114 115 115 114 114 116 116 122 120 122 124 120 123 122 118 119 121 119 124 123 122 120 119 117 115 113 112 111 107 105 102 104 105 104 105 107 109 109 105 102 100 95 -999
115 110 112 111 118 110 112 112 113 112 116 116 110 109 114 111 114 107 112 111 107 109 107 107 111 108 107 109 109 111 110 112 114 114 122 119 115 122 117 117 115 114 116 121 121 118 119 116 116 118 115 116 116 116 115 114 117 117 120 121 121 120 118 120 120 120 118 118 120 122 119 120 119 120 117 117 116 115 112 108 107 102 102 103 103 102 101 103 105 112 108 109 -999 -999
111 111 112 110 117 110 113 114 114 109 118 113 110 111 117 112 114 109 112 112 112 114 111 111 109 107 109 111 112 110 114 115 112 115 118 121 121 117 118 115 113 114 115 117 119 116 117 118 118 115 115 117 116 118 115 115 117 117 121 124 121 121 112 117 120 121 119 116 118 119 124 118 117 117 119 119 117 116 113 113 111 103 104 102 102 101 103 107 106 111 111 -999 -999 -999
119 111 113 119 114 112 113 114 115 114 116 111 112 111 112 112 109 110 112 109 114 108 111 111 112 110 109 109 111 114 114 118 118 118 121 116 119 114 114 115 112 113 117 117 119 121 116 117 116 116 117 115 118 119 118 115 119 122 120 120 123 121 118 117 119 121 119 115 117 121 120 120 121 122 120 118 116 119 116 113 105 104 106 106 102 104 111 108 108 113 107 -999 -999 -999
113 114 109 120 112 113 115 112 118 119 118 110 111 116 119 116 111 110 114 110 117 111 116 116 111 109 109 107 111 112 112 111 113 115 120 115 117 114 115 113 111 111 114 115 121 120 119 117 118 117 118 117 119 118 119 118 118 122 119 118 120 118 116 117 117 120 116 116 118 119 117 121 122 116 116 115 116 115 115 112 110 109 108 104 106 104 112 114 115 113 110 109 -999 -999
113 114 111 120 113 113 117 117 118 119 114 110 110 116 115 112 114 110 116 112 114 112 117 111 109 110 108 108 107 109 112 110 113 115 119 118 118 111 113 114 113 113 116 114 115 122 122 118 117 117 118 118 120 120 117 117 122 119 118 118 118 117 116 112 114 117 118 115 115 114 117 121 123 118 120 117 118 118 116 112 113 107 108 110 107 104 108 107 103 103 -999 -999 -999 -999
113 111 113 118 121 114 123 122 119 117 114 122 112 120 120 113 115 112 111 118 120 114 120 113 112 112 112 112 107 112 115 115 116 118 118 116 114 115 120 112 114 112 113 113 114 116 118 120 121 118 119 120 122 119 118 118 117 119 119 115 117 118 116 113 112 114 115 118 112 115 118 118 118 118 123 118 119 118 118 114 113 113 114 106 108 106 109 106 103 -999 -999 -999 -999 -999
125 121 113 121 124 120 118 125 123 118 116 112 114 115 122 118 117 116 112 112 115 116 118 117 114 118 113 109 108 110 113 113 115 116 118 120 119 116 112 114 113 111 111 113 115 116 117 120 120 122 121 122 119 118 118 118 117 116 119 118 114 117 113 115 114 112 112 114 114 111 113 115 114 114 118 122 117 114 113 112 112 113 111 107 103 103 104 110 105 -999 -999 -999 -999 -999
127 127 120 120 116 125 125 117 126 125 118 117 117 123 115 114 117 115 113 116 119 116 120 117 112 111 115 112 109 110 111 113 116 113 113 113 118 113 114 113 113 114 111 113 116 117 117 121 119 118 122 120 121 122 119 116 116 117 117 116 116 114 117 114 115 114 113 112 111 111 115 112 116 116 119 119 118 115 116 116 115 116 111 111 111 111 112 -999 -999 -999 -999 -999 -999 -999
128 127 125 122 119 122 126 123 127 124 121 117 115 119 115 120 118 112 118 113 117 123 121 116 114 113 110 112 112 110 109 114 114 113 110 113 118 118 116 111 115 114 113 116 114 117 119 118 117 119 121 122 120 120 118 115 116 116 116 114 115 114 118 117 116 114 114 113 112 -999 -999 115 118 117 116 119 121 120 115 120 118 115 115 114 117 112 -999 -999 -999 -999 -999 -999 -999 -999
128 126 127 127 121 120 127 127 125 123 120 122 125 113 115 118 113 114 115 115 121 120 123 118 120 120 119 112 109 111 108 108 109 113 114 116 119 119 117 116 117 114 113 115 116 118 116 118 116 118 119 120 121 121 119 118 118 117 117 116 117 118 117 115 113 116 115 112 112 -999 -999 116 116 113 115 120 116 117 120 121 120 119 119 117 117 112 -999 -999 -999 -999 -999 -999 -999 -999
127 128 127 127 126 120 129 127 122 125 118 125 121 116 122 116 115 120 120 118 118 125 118 116 119 111 110 113 107 105 106 112 113 112 113 117 117 114 116 119 116 117 116 114 113 117 116 116 116 117 120 121 121 119 118 119 118 119 118 116 118 118 118 115 112 113 115 116 113 -999 -999 -999 113 116 116 119 115 116 114 117 113 113 115 115 112 112 -999 -999 -999 -999 -999 -999 -999 -999
128 130 128 130 126 123 129 129 119 124 118 125 115 125 120 118 116 123 125 120 125 123 112 113 113 118 119 110 112 111 108 110 110 113 117 118 116 113 116 119 116 116 113 111 115 117 117 117 114 119 118 120 121 121 121 120 119 118 117 116 118 116 117 114 113 112 114 114 -999 -999 -999 -999 113 114 118 117 119 116 114 114 117 115 115 113 110 111 -999 -999 -999 -999 -999 -999 -999 -999
128 131 129 130 129 124 130 128 122 126 116 126 122 115 116 122 114 123 118 127 118 117 115 117 118 118 110 112 112 112 108 110 115 110 114 110 113 116 116 118 113 115 113 113 113 113 114 115 117 119 120 120 121 122 122 119 118 118 118 119 119 119 116 113 112 113 112 113 -999 -999 -999 -999 111 114 120 114 113 118 114 117 118 117 114 111 -999 -999 -999 -999 -999 -999 -999 -999 -999 -999
129 130 131 131 130 127 130 130 128 122 116 120 127 118 122 124 120 120 129 126 124 117 118 121 117 116 116 118 115 111 110 109 112 112 110 111 114 115 118 114 113 114 113 113 111 111 114 115 116 117 119 119 122 121 120 120 121 120 119 118 118 117 115 115 114 114 112 113 -999 -999 -999 -999 112 116 116 117 113 116 118 115 114 113 113 -999 -999 -999 -999 -999 -999 -999 -999 -999 -999 -999
130 131 132 131 128 131 130 132 130 126 116 121 129 119 122 117 123 129 121 126 124 116 121 120 117 123 115 112 111 113 111 108 106 107 110 111 115 115 118 113 114 114 114 111 113 113 116 120 117 118 118 117 121 116 119 118 117 117 117 117 116 116 117 114 116 115 -999 -999 -999 -999 -999 -999 -999 -999 -999 -999 111 113 117 117 117 110 112 -999 -999 -999 -999 -999 -999 -999 -999 -999 -999 -999
131 132 132 131 131 130 131 132 130 129 127 122 130 121 126 127 124 126 126 124 119 117 122 119 124 117 114 113 113 114 109 113 107 107 113 111 113 114 116 118 115 112 112 113 115 116 117 118 118 116 118 119 121 120 119 116 115 117 117 116 115 116 117 116 116 114 -999 -999 -999 -999 -999 -999 -999 -999 -999 -999 112 112 117 114 112 113 115 -999 -999 -999 -999 -999 -999 -999 -999 -999 -999 -999
133 133 131 130 130 124 123 126 132 125 128 126 130 130 127 129 124 118 118 124 127 126 127 126 116 119 121 116 116 114 114 108 109 109 111 114 115 112 119 117 115 113 112 114 115 116 117 116 117 114 115 118 119 117 120 119 118 118 118 118 116 118 117 116 113 114 -999 -999 -999 -999 -999 -999 -999 -999 -999 112 113 112 115 113 112 113 115 -999 -999 -999 -999 -999 -999 -999 -999 -999 -999 -999
133 133 132 132 132 123 131 131 133 128 130 133 130 127 132 123 124 127 114 110 126 118 118 117 117 116 118 121 116 109 114 116 114 109 111 113 115 113 116 116 114 114 112 113 113 116 115 116 113 117 119 120 120 120 117 117 119 119 118 119 118 118 118 116 115 113 -999 -999 -999 -999 -999 -999 -999 -999 -999 -999 108 111 114 112 112 -999 -999 -999 -999 -999 -999 -999 -999 -999 -999 -999 -999 -999
133 133 133 133 131 122 128 125 129 133 133 126 129 131 131 129 115 114 118 109 120 113 114 121 121 114 113 116 111 110 110 110 107 109 113 114 113 114 114 116 114 111 113 112 114 114 115 116 115 117 118 118 120 120 119 117 116 118 118 117 118 117 117 116 115 113 110 109 111 -999 -999 -999 -999 -999 -999 -999 -999 -999 111 112 113 -999 -999 -999 -999 -999 -999 -999 -999 -999 -999 -999 -999 -999
