Climate/data/grids_germany_multi_annual_precipitation_1981-2010_15.asc
NCOLS 654
NROWS 866
XLLCORNER 3280414.711633467
YLLCORNER 5237500.62890625
CELLSIZE 1000
NODATA_VALUE -999
[rows 328 to 368 of 866, columns 470 to 563 of 654]
136 137 135 137 135 135 135 140 139 140 140 139 135 133 131 133 128 127 130 130 129 134 133 133 130 126 125 125 122 122 121 121 122 123 123 124 127 123 123 123 123 122 122 123 122 123 123 123 122 123 123 123 126 127 128 129 128 132 129 127 126 123 123 120 120 123 124 122 122 123 123 123 126 127 127 127 131 134 133 134 132 130 130 130 129 127 127 127 126 127 127 131 131 130
141 140 138 138 135 138 140 138 141 141 138 139 139 134 132 131 131 127 127 129 129 132 133 133 129 130 125 123 123 122 122 122 122 126 126 126 127 126 123 124 124 123 123 124 124 124 128 127 128 126 125 127 129 130 131 136 134 132 132 129 128 125 123 121 120 119 120 120 123 123 123 123 125 126 127 129 130 132 133 134 134 131 130 130 128 127 127 127 128 127 127 131 132 131
148 146 143 141 140 141 139 139 140 140 141 139 138 135 134 131 131 131 128 130 130 131 132 131 132 132 129 123 123 121 121 121 122 125 124 126 128 130 126 125 127 126 126 127 126 127 127 129 132 134 126 133 134 132 136 139 136 136 135 134 129 124 123 119 118 118 119 119 122 123 123 123 125 126 127 130 132 131 133 132 132 130 130 128 127 127 127 127 128 126 127 129 130 129
149 149 145 145 140 143 145 143 141 143 143 143 141 136 132 133 132 131 127 129 129 128 130 130 131 129 126 124 122 121 121 118 120 122 122 124 128 130 127 127 128 128 128 131 132 126 126 129 134 134 134 135 137 137 139 139 139 138 137 135 132 131 122 120 116 116 117 118 121 123 123 123 125 125 126 130 132 134 134 135 133 130 128 129 128 127 127 128 128 126 126 127 130 126
152 148 149 148 145 143 143 142 140 141 141 141 142 137 136 134 133 131 131 130 129 128 128 130 131 128 128 126 124 121 119 119 121 121 122 124 127 128 128 130 131 128 130 131 134 130 133 135 134 133 131 135 136 139 139 139 139 138 137 136 132 125 121 119 118 116 116 116 121 123 123 124 123 125 126 127 131 133 135 135 135 128 128 129 128 127 128 127 126 126 126 126 125 125
147 147 145 146 144 145 142 140 139 140 140 139 137 137 137 133 134 132 133 131 128 128 128 128 130 130 130 127 121 119 118 118 120 122 125 122 125 126 125 127 128 128 128 134 132 130 133 134 134 131 130 133 134 137 138 138 138 138 135 134 132 126 122 119 118 118 116 117 119 122 123 124 123 127 126 128 131 131 132 133 130 129 129 129 129 127 127 127 126 126 126 125 123 126
149 147 146 144 141 141 141 141 140 141 138 137 137 137 135 134 135 133 130 128 126 128 126 127 128 128 125 125 122 121 119 119 123 127 126 125 124 124 126 125 128 128 131 130 130 129 131 133 137 133 132 129 129 132 133 134 134 134 133 132 127 122 122 119 120 119 120 119 119 121 123 123 123 124 126 128 128 131 131 130 129 128 129 131 127 127 124 124 125 125 124 125 126 125
151 147 147 144 141 139 139 138 141 137 135 137 137 137 135 133 130 132 130 128 128 128 128 126 126 126 125 125 123 123 123 122 124 130 126 126 126 125 125 126 128 133 130 130 128 128 130 131 133 133 133 129 127 131 132 129 130 130 130 130 127 121 120 122 120 120 120 121 118 120 121 121 121 124 124 126 128 128 128 128 129 128 127 125 127 128 127 125 124 124 123 124 123 122
151 148 147 147 145 141 138 138 137 136 137 139 138 135 133 133 130 130 132 128 127 128 127 126 127 125 125 125 124 123 121 123 125 130 125 124 124 125 125 125 127 129 128 129 130 128 130 130 129 130 130 127 131 131 131 129 130 130 132 132 130 122 124 121 121 120 120 121 120 123 122 123 122 123 123 125 126 129 127 127 127 126 126 128 129 127 125 125 124 123 123 123 123 122
154 148 147 145 142 141 141 139 138 132 136 138 138 135 134 131 128 128 129 127 127 127 127 127 126 127 126 124 124 124 123 125 124 125 125 124 124 124 124 124 127 128 126 128 128 128 128 128 128 127 127 127 129 131 129 129 130 130 132 130 127 122 125 121 121 119 120 120 122 123 123 123 124 122 126 127 127 130 130 128 124 126 126 126 128 128 127 125 123 124 124 124 122 123
152 148 147 144 142 143 138 137 138 132 134 135 133 131 130 128 127 126 126 126 127 128 127 128 128 124 125 125 125 125 124 124 123 122 125 123 124 123 124 125 127 126 125 125 128 128 129 128 129 129 128 126 129 129 129 127 130 130 132 132 127 126 122 123 121 120 119 120 122 123 123 123 123 123 125 124 128 130 128 128 125 124 125 125 125 124 125 124 125 123 124 124 123 122
154 151 146 143 143 139 140 139 138 132 134 134 132 130 130 129 127 126 126 126 125 129 129 128 130 126 126 128 127 125 124 125 125 124 123 124 124 123 123 125 125 123 123 123 127 128 129 129 129 130 129 128 126 127 127 130 130 131 129 126 125 123 121 121 120 122 120 121 121 121 119 119 121 120 124 125 125 124 124 125 124 122 122 123 124 124 124 124 124 123 123 123 122 122
150 149 148 143 141 138 136 138 134 132 134 134 133 131 130 128 124 126 126 126 126 128 128 128 129 127 127 127 127 125 125 125 126 123 123 126 126 126 125 125 125 125 123 123 127 129 129 129 129 129 128 128 129 127 125 129 130 129 124 122 122 123 125 122 122 122 123 121 122 123 122 121 121 122 123 123 124 125 125 124 125 122 123 123 124 125 125 124 123 123 123 123 123 121
143 143 143 144 139 140 136 132 132 131 131 134 132 130 131 125 123 124 125 126 126 129 128 128 129 128 126 127 126 125 125 125 125 123 124 123 123 120 121 122 122 124 125 123 127 127 129 127 129 127 126 127 127 126 125 124 127 126 123 124 126 124 122 121 121 121 123 121 120 122 122 124 121 121 122 123 124 123 125 124 125 122 123 124 124 127 125 124 124 123 123 123 122 121
141 141 142 145 145 144 139 136 134 132 131 134 133 131 130 127 124 125 124 125 125 128 129 129 129 128 126 127 125 127 127 126 125 124 124 123 122 122 122 121 121 121 123 125 124 124 127 126 127 127 126 126 125 126 128 127 124 123 130 130 127 128 125 122 121 121 119 121 121 122 123 123 122 119 121 121 123 122 122 125 125 124 125 126 126 125 129 124 123 123 122 123 123 121
136 139 139 141 142 141 138 135 137 133 131 132 133 131 131 128 126 125 124 125 124 127 128 128 130 129 128 127 128 127 128 130 127 126 123 122 122 120 121 121 119 122 124 124 123 123 126 126 126 125 125 124 125 127 127 124 125 125 126 130 127 127 126 122 122 119 120 122 121 121 122 122 121 119 119 121 122 122 122 123 125 126 125 126 124 124 126 126 123 123 122 121 122 121
140 141 139 139 139 139 140 136 134 131 132 132 130 131 132 129 125 124 124 124 124 128 128 128 130 129 128 127 128 127 128 128 124 124 123 124 123 120 120 120 121 121 123 124 124 123 124 127 126 126 125 125 126 126 126 125 124 124 126 129 125 123 124 127 120 119 120 122 124 122 122 121 121 120 119 121 120 122 122 123 125 125 125 123 124 126 126 125 123 122 122 122 121 120
135 135 140 138 136 133 134 134 134 131 131 131 131 128 127 128 125 123 123 123 123 127 127 127 128 128 128 127 128 128 127 127 124 123 123 122 123 120 120 121 123 123 122 123 123 122 123 125 126 126 126 126 127 127 126 125 125 125 130 125 123 123 127 128 123 121 121 121 121 122 122 121 121 121 120 120 120 122 123 123 124 126 123 125 126 124 125 123 123 123 122 122 120 120
131 128 134 133 133 132 133 133 131 131 130 130 130 128 125 124 123 123 123 123 122 126 126 126 129 128 128 127 126 127 127 124 124 123 123 123 123 122 123 123 123 122 123 123 123 122 124 124 124 125 126 126 127 126 126 125 125 125 125 124 123 121 126 127 125 122 121 122 122 123 122 122 122 118 120 119 119 120 122 123 125 122 125 125 125 125 125 123 123 123 122 121 123 123
127 128 131 133 130 130 131 131 130 130 130 129 129 127 126 125 122 121 121 120 120 125 125 126 129 128 127 127 127 125 125 124 124 125 124 124 122 121 122 122 121 120 120 122 123 122 123 124 123 125 126 125 126 126 125 125 125 127 126 128 123 125 124 126 128 128 124 123 122 122 121 123 120 119 120 121 119 121 121 122 124 122 124 124 125 126 125 125 125 121 120 120 121 122
129 129 130 130 130 130 130 130 129 128 128 128 127 125 125 125 122 120 120 120 121 125 125 126 127 128 127 127 126 125 124 124 124 124 122 122 123 121 121 121 121 121 121 121 121 124 123 124 123 123 125 125 126 126 126 126 126 129 130 130 127 126 129 131 129 134 133 127 123 123 123 124 122 120 119 118 119 122 122 121 123 124 124 124 126 126 125 125 125 122 120 122 122 121
128 127 130 130 129 130 130 130 128 128 128 128 125 125 125 125 121 119 119 120 120 125 125 125 127 127 127 126 126 126 125 124 124 124 123 123 122 122 121 121 122 122 121 122 122 124 123 124 124 123 123 123 124 126 126 127 127 126 128 132 130 127 131 132 132 133 133 126 125 125 122 121 122 121 120 117 119 120 120 121 123 124 124 124 125 125 125 125 122 122 122 121 122 123
128 128 127 126 127 127 127 126 125 127 125 126 125 125 125 124 121 118 118 118 119 123 123 125 127 126 126 126 126 125 126 126 125 125 124 123 123 123 123 123 124 121 122 123 123 123 124 124 124 124 124 123 126 126 127 127 128 126 130 131 131 131 132 131 134 134 134 132 134 127 121 121 120 120 119 119 120 119 121 121 122 122 122 123 125 124 124 123 122 121 121 122 121 122
128 128 129 128 127 127 126 126 126 125 125 124 125 124 125 125 121 119 119 119 121 123 123 124 125 126 126 124 124 124 125 125 126 126 126 125 124 123 124 124 122 122 122 121 123 123 124 124 124 125 125 127 127 129 128 128 127 128 136 130 130 132 133 133 135 135 136 132 130 125 123 123 123 123 123 123 122 123 124 123 121 121 123 123 123 124 124 124 122 121 121 121 122 123
130 129 129 129 128 127 126 125 125 124 123 124 124 124 124 124 121 120 120 119 123 123 123 124 125 125 124 124 124 124 124 124 125 125 126 125 125 125 125 125 123 123 123 122 124 124 124 124 125 127 127 128 128 127 127 128 128 130 133 128 135 134 133 133 133 133 133 133 132 127 123 123 123 123 121 120 122 122 121 123 124 123 123 123 123 124 124 124 124 121 120 120 121 126
130 130 129 129 128 127 126 124 124 124 123 123 123 122 124 124 122 121 120 120 123 123 123 127 126 125 125 125 124 124 124 125 124 125 126 126 125 125 125 125 123 123 123 123 128 127 124 124 126 128 130 127 128 127 127 127 128 127 130 133 132 132 130 130 130 131 132 132 132 133 123 122 123 122 122 123 123 124 124 124 123 123 123 123 123 124 124 124 124 120 121 124 122 122
131 130 130 129 129 128 127 125 123 125 122 124 124 124 124 124 123 123 124 123 123 124 127 131 133 132 124 125 125 125 125 125 124 125 125 125 125 124 124 124 124 123 125 125 125 125 128 125 127 130 135 131 128 127 130 129 128 134 132 131 130 133 133 131 133 132 133 131 132 132 130 123 124 123 124 124 124 124 124 123 124 124 124 124 124 125 125 126 124 126 127 125 122 122
131 131 131 130 128 128 127 124 124 123 122 123 123 124 124 124 123 123 124 124 123 124 125 128 130 133 127 124 125 125 125 125 127 128 127 127 125 125 124 125 124 125 125 125 125 127 127 128 128 129 133 133 127 130 131 132 133 132 132 131 132 132 134 133 133 133 132 132 132 134 135 125 126 125 126 126 126 127 126 125 124 124 125 125 125 126 126 127 126 127 127 127 123 122
133 132 132 131 130 128 127 127 124 123 123 123 125 124 124 124 123 123 123 124 124 123 124 124 124 124 124 124 125 125 125 125 127 127 127 127 126 126 126 125 126 125 125 125 125 127 127 127 128 128 130 133 136 137 137 136 133 132 132 133 132 130 132 133 131 131 132 132 132 133 134 130 129 127 127 127 129 130 129 125 125 126 126 125 127 126 127 127 130 127 127 127 125 123
133 133 132 133 131 128 127 126 124 124 124 124 123 124 125 124 123 123 123 123 123 124 123 124 126 124 124 125 125 125 125 126 127 127 127 127 127 126 126 126 127 126 125 125 125 127 127 127 129 129 129 129 134 135 134 134 135 133 133 132 130 129 130 132 131 130 132 131 131 133 133 134 132 130 130 129 128 128 126 126 127 129 126 127 127 128 129 129 130 129 129 127 128 123
135 135 133 132 133 129 128 127 125 126 123 123 123 123 126 123 124 122 123 123 123 124 123 126 126 126 126 126 125 125 127 127 127 127 127 127 127 126 127 127 127 127 127 126 126 127 127 127 131 131 131 131 136 135 136 135 135 136 134 130 131 130 131 132 133 131 133 131 132 131 135 134 136 134 132 135 137 130 130 131 132 128 128 126 129 132 132 131 130 131 130 130 128 125
136 137 135 134 132 129 128 128 127 126 126 126 125 123 124 124 124 124 124 124 124 125 124 125 126 126 126 126 127 128 128 128 129 127 127 127 126 127 127 127 127 127 127 127 127 128 130 130 131 130 132 133 136 132 133 133 134 134 133 133 130 129 131 131 130 131 132 131 132 133 135 135 136 136 136 136 136 137 136 135 132 132 128 128 131 133 136 133 133 133 135 132 128 125
140 141 139 134 134 129 128 128 128 127 127 125 124 123 124 124 123 123 123 124 125 126 125 125 127 126 126 126 127 128 128 128 129 127 127 127 126 127 127 127 128 127 127 127 128 132 129 130 132 132 132 132 134 133 134 132 130 128 129 130 130 130 129 129 130 131 131 132 132 132 132 136 135 133 136 136 137 137 138 136 140 140 131 130 132 133 136 136 135 134 134 131 130 128
142 140 139 136 138 130 129 128 128 127 127 127 123 123 123 123 123 123 123 123 124 126 125 126 127 126 126 126 128 128 128 128 129 127 127 127 128 128 127 127 127 127 127 127 128 130 132 131 132 132 132 133 132 131 131 130 130 129 129 131 131 130 129 129 131 130 130 131 131 131 132 132 134 132 134 135 136 137 137 136 136 137 135 132 133 136 136 136 136 136 137 136 140 133
144 144 140 144 140 138 134 130 130 128 127 127 126 123 120 121 121 123 123 123 125 125 125 126 126 126 127 127 128 130 128 129 129 127 127 127 128 127 127 127 127 127 128 128 128 130 133 129 130 130 130 131 133 131 131 131 130 129 129 130 131 132 130 129 131 131 130 131 131 131 131 132 132 131 132 133 134 136 137 136 139 137 134 136 133 138 137 140 138 140 138 138 138 136
141 142 142 147 143 142 141 138 134 131 130 127 123 122 119 121 122 125 125 125 125 125 125 125 125 125 125 126 128 128 128 128 128 125 127 128 128 127 127 127 128 129 129 129 129 131 130 132 130 130 130 129 131 131 131 131 129 130 130 130 132 135 130 130 130 131 131 130 131 131 131 131 133 133 132 132 132 135 136 136 136 137 137 134 138 138 139 140 141 139 139 138 134 130
144 147 147 144 147 142 141 139 138 133 130 130 124 120 119 120 121 125 125 125 126 125 125 125 125 125 125 125 127 127 127 127 126 127 128 128 127 127 127 128 128 129 130 129 129 131 132 132 130 130 129 131 130 130 131 131 129 130 129 131 132 130 130 130 130 131 131 131 130 130 131 131 131 132 132 132 133 135 136 136 135 137 137 137 138 138 138 141 141 138 138 139 134 133
147 143 147 147 149 148 143 143 142 137 131 132 123 120 119 120 122 125 125 125 125 125 125 123 124 123 125 125 125 127 128 127 127 127 128 128 128 127 127 128 128 130 130 129 129 131 130 130 131 130 131 131 130 130 131 131 129 130 131 131 130 130 130 131 131 131 131 130 130 130 131 132 132 132 132 131 131 134 135 134 136 136 135 137 136 138 138 139 137 137 137 134 134 130
152 147 149 153 151 151 145 146 142 139 134 133 130 124 122 122 122 123 125 126 125 125 123 124 123 122 123 123 123 125 126 127 126 127 128 128 128 128 127 128 128 129 129 129 130 131 130 129 134 132 130 131 132 132 134 133 134 130 130 129 130 129 130 129 130 130 131 130 130 130 130 131 132 132 131 130 130 130 132 134 134 133 135 135 135 135 135 135 134 136 135 133 132 134
149 150 150 151 149 147 147 147 145 139 141 136 130 128 126 122 123 125 126 126 125 124 124 122 120 118 119 117 120 124 124 125 126 127 127 127 128 128 128 128 128 129 129 129 129 130 129 131 132 134 133 133 134 132 134 137 137 137 134 132 131 129 130 130 130 130 130 130 130 130 131 131 131 131 131 130 131 131 131 131 134 134 134 133 135 135 135 135 134 133 135 132 132 131
152 151 153 150 153 150 149 148 147 142 141 135 131 128 126 126 125 126 126 126 125 123 123 124 121 118 115 118 121 125 124 124 125 127 127 127 128 128 128 127 128 129 129 129 129 130 129 129 132 135 135 135 135 134 136 135 134 137 137 134 134 130 130 131 130 130 130 130 129 129 131 132 131 131 130 130 130 131 132 131 134 136 134 135 137 137 135 135 134 133 132 135 133 132
