Climate/data/grids_germany_multi_annual_precipitation_1981-2010_11.asc
NCOLS 654
NROWS 866
XLLCORNER 3280414.711633467
YLLCORNER 5237500.62890625
CELLSIZE 1000
NODATA_VALUE -999
[rows 250 to 299 of 866, columns 96 to 191 of 654]
67 67 66 66 67 67 67 69 69 69 71 70 69 70 70 70 71 73 72 72 72 72 72 72 72 73 73 73 73 73 73 74 75 75 73 73 74 74 72 72 72 72 72 70 70 71 71 71 70 70 70 70 71 70 71 72 71 71 72 71 72 72 70 70 71 70 71 72 72 72 71 72 72 72 72 72 72 72 72 71 70 70 69 68 68 66 66 64 64 65 65 66 66 66 66 66
68 68 66 66 66 67 67 68 69 69 70 70 69 70 70 70 71 71 70 73 72 72 73 73 73 73 74 73 72 71 73 73 73 73 72 73 73 73 72 72 72 71 70 70 71 71 71 70 70 71 70 69 70 70 71 71 71 71 71 71 70 70 70 69 69 69 69 69 70 70 71 72 72 72 72 72 71 71 70 70 69 69 69 67 66 66 64 63 65 66 66 65 66 65 66 65
68 68 67 67 66 66 66 67 69 70 69 69 69 69 70 72 72 72 71 72 72 73 73 73 73 74 73 72 71 71 72 72 71 71 72 73 72 72 72 71 70 70 71 71 71 70 69 69 69 70 71 71 71 71 71 71 71 71 70 70 70 70 70 69 69 69 69 68 68 68 70 70 71 71 71 71 70 70 69 68 68 68 68 67 67 66 63 64 65 65 64 65 64 65 65 65
67 68 68 67 66 66 66 66 69 69 69 69 69 69 70 70 71 71 71 72 72 73 72 72 73 74 71 71 72 72 72 73 72 71 72 73 72 71 70 70 70 71 72 70 70 69 70 70 70 70 71 71 71 71 71 72 71 70 70 70 70 70 69 69 69 69 68 68 68 68 68 69 70 70 69 69 69 68 67 68 68 68 67 66 66 65 62 63 65 65 63 64 65 65 64 65
66 66 68 67 65 66 65 68 69 69 69 69 70 69 70 70 70 71 72 72 72 71 72 71 71 71 71 71 72 72 73 73 73 71 72 71 70 71 70 71 71 71 71 69 69 71 72 70 70 70 71 71 71 71 71 71 70 71 71 69 70 69 69 69 69 69 68 68 68 68 68 69 69 68 68 67 67 66 66 67 67 66 67 67 65 65 62 62 64 63 63 63 63 63 64 64
66 66 66 65 64 65 65 68 68 70 69 68 70 69 70 71 70 70 72 71 71 71 71 71 71 72 72 72 72 72 72 72 71 72 71 70 70 70 70 71 72 72 70 69 69 71 69 70 70 70 70 69 71 71 71 71 70 70 70 68 69 69 69 69 69 69 68 68 68 68 69 68 68 68 67 66 66 65 65 65 65 65 65 65 65 65 62 62 62 63 63 62 63 63 63 62
66 66 65 64 64 64 66 67 68 69 70 69 70 70 70 70 70 71 72 71 71 71 71 72 72 73 73 71 71 71 72 71 70 70 70 70 70 71 72 72 72 70 71 70 69 70 70 70 70 70 70 70 70 71 70 69 69 69 69 68 69 69 69 69 69 69 68 68 68 68 67 68 67 67 67 66 64 65 65 65 65 65 65 65 65 65 64 61 62 63 63 62 63 63 64 63
66 66 66 65 64 63 64 66 68 69 69 70 69 69 69 70 70 71 71 71 71 71 71 72 72 73 72 71 71 73 71 70 70 70 71 71 71 70 71 71 71 70 70 70 70 70 70 70 69 70 70 70 70 70 69 69 69 69 69 68 69 69 69 68 69 69 67 68 68 67 67 67 67 67 66 64 65 65 65 65 65 65 65 65 65 64 64 62 62 62 62 62 62 63 63 63
67 67 66 65 64 63 64 67 69 69 70 70 69 69 71 70 70 70 71 71 71 71 71 72 71 72 71 71 71 72 72 69 69 71 71 72 71 69 70 70 70 69 69 70 70 69 70 69 69 69 70 68 69 69 69 69 69 68 69 69 68 68 68 68 68 67 67 68 67 67 68 67 66 66 66 66 65 65 65 65 65 65 65 64 64 64 63 63 61 60 62 62 62 62 62 63
68 67 67 65 66 65 67 68 70 70 70 70 69 69 69 71 71 70 70 72 72 71 71 71 71 71 72 71 71 71 70 70 71 71 71 70 70 70 69 69 69 69 69 69 69 69 69 69 69 70 69 68 69 69 68 70 69 69 69 69 68 68 68 67 67 67 67 66 66 67 67 67 66 66 65 65 66 66 65 65 65 65 64 64 63 63 62 62 60 60 60 61 61 61 61 61
68 68 66 66 66 65 68 69 70 71 69 69 69 70 70 71 71 69 70 72 72 72 72 72 72 72 72 70 70 70 70 71 70 70 70 70 70 70 70 69 69 69 70 69 69 69 69 69 69 69 69 68 68 68 68 68 68 68 68 68 67 67 66 66 66 66 65 66 66 66 66 66 66 66 65 66 66 66 65 65 65 65 64 63 63 62 62 61 61 61 59 61 61 61 60 62
67 67 67 66 67 66 69 70 70 70 71 70 69 69 70 71 70 70 71 72 72 72 72 72 72 72 73 70 70 70 70 70 71 70 70 70 70 70 70 70 70 70 70 69 69 69 69 69 69 69 70 69 68 68 68 68 68 68 68 67 67 67 66 66 66 65 66 66 66 66 66 66 66 66 66 67 67 66 65 65 65 64 64 63 63 63 61 61 61 60 59 61 61 60 60 60
66 67 67 67 68 69 69 69 70 70 69 70 69 69 69 69 70 70 71 71 72 72 72 72 72 72 72 70 70 70 70 71 70 70 71 70 70 70 70 70 70 70 70 70 70 70 70 70 69 69 70 69 69 68 68 67 67 67 67 67 66 66 66 65 65 65 67 66 66 65 66 66 65 66 66 68 66 65 65 65 64 64 64 63 63 63 62 61 60 60 60 59 59 59 58 60
67 67 68 68 68 68 69 69 69 69 69 69 70 69 69 69 69 70 71 71 71 72 72 72 72 72 72 71 70 70 70 70 70 70 70 71 70 70 70 70 70 70 70 70 70 70 70 70 70 71 69 69 68 68 68 67 67 67 67 66 66 66 65 65 64 64 65 66 66 66 65 66 66 66 68 66 65 65 65 64 64 64 64 63 63 63 62 62 61 61 60 59 58 58 57 58
67 67 67 68 68 68 69 69 70 70 69 69 69 69 69 70 69 69 71 71 71 71 72 72 72 72 71 71 71 70 70 70 70 70 71 70 70 70 70 70 70 70 70 70 70 70 70 70 70 70 69 68 68 68 67 66 66 66 67 66 66 66 65 64 64 65 66 66 66 66 66 66 67 67 67 65 65 65 65 64 64 64 63 63 63 63 62 61 61 61 60 57 58 58 58 57
68 68 67 68 68 68 69 70 70 69 69 69 69 69 69 70 70 69 69 71 70 71 71 72 72 72 71 71 72 71 71 70 70 70 70 71 70 70 70 70 70 70 70 70 70 70 70 70 70 70 69 68 68 68 67 66 66 66 66 66 66 65 65 65 65 65 66 66 66 66 66 67 67 69 68 65 65 65 64 64 64 64 63 63 62 63 62 61 61 60 59 58 57 58 57 56
68 68 67 67 67 68 68 70 70 69 69 69 69 69 69 70 70 69 70 69 71 71 70 71 71 71 71 72 72 72 70 70 70 70 71 71 71 70 70 70 70 70 70 70 70 70 70 70 69 69 69 68 68 67 67 66 66 66 65 66 65 65 65 65 66 65 66 65 66 66 66 67 67 70 68 66 66 64 64 64 64 63 63 62 63 62 61 61 60 60 59 59 57 57 56 55
68 68 68 67 67 67 68 70 70 69 69 69 69 69 70 70 70 70 69 69 70 70 71 70 70 71 71 71 71 70 70 70 70 70 70 72 74 72 70 69 69 69 70 70 70 70 70 69 69 69 68 67 66 66 65 65 65 66 65 66 65 65 65 64 64 65 65 66 66 66 66 66 68 68 67 65 65 65 66 64 63 64 63 64 63 64 63 63 61 60 60 59 57 57 56 56
68 68 68 67 67 67 70 70 70 70 69 69 69 69 69 70 69 70 70 70 70 70 70 70 70 70 70 71 71 71 70 70 70 70 72 74 77 73 71 69 69 69 70 70 70 70 70 69 69 69 68 66 66 66 65 65 65 66 65 65 65 65 65 64 65 66 65 66 66 66 66 65 66 70 67 65 65 66 65 65 64 64 64 64 64 64 63 62 62 61 60 59 58 58 57 57
68 68 67 68 67 67 69 70 70 70 69 69 69 69 70 70 70 70 70 70 70 70 70 70 70 70 70 71 71 71 70 70 70 71 73 77 77 75 72 71 70 70 71 70 70 70 70 69 69 69 68 66 66 65 66 66 65 66 65 66 65 65 65 64 64 66 65 66 66 66 66 65 66 69 65 65 65 64 64 64 64 64 64 64 64 64 63 63 63 63 61 59 58 58 57 57
68 68 68 68 68 68 69 69 70 70 69 70 70 70 70 70 70 70 70 70 70 70 70 70 70 70 70 70 70 71 71 71 70 71 72 75 77 75 73 72 71 71 72 72 71 71 71 69 69 68 69 66 66 66 66 65 65 66 65 67 65 66 66 65 66 64 66 66 66 66 66 67 68 70 65 65 65 64 63 64 64 64 64 64 64 64 64 64 64 63 60 59 59 58 59 59
68 68 68 69 68 68 69 69 69 70 70 69 69 70 70 70 70 70 70 69 69 69 70 70 70 70 70 70 70 70 71 71 72 71 72 75 79 77 73 72 72 72 71 72 73 72 72 71 71 70 69 67 67 66 66 66 67 67 66 67 67 66 67 66 66 66 66 66 66 67 67 66 68 70 66 64 64 64 63 62 62 62 64 64 63 64 64 63 62 62 61 59 60 60 59 59
68 68 69 69 68 68 69 69 69 69 69 69 69 69 69 70 70 70 69 69 69 69 70 70 70 70 70 70 70 70 71 71 72 72 72 74 77 75 73 73 73 72 73 73 73 73 72 72 71 71 69 68 68 68 66 67 67 67 67 67 67 67 67 66 66 66 66 66 67 67 66 66 68 70 66 64 64 63 63 62 62 63 64 63 63 64 63 63 62 62 64 61 61 60 59 59
68 68 69 69 69 69 69 69 69 69 69 69 69 69 69 70 70 70 69 69 69 69 69 70 70 70 70 70 70 71 70 72 72 73 73 75 77 78 75 75 74 73 74 74 74 74 74 72 72 71 69 69 68 68 68 67 67 67 67 67 67 67 67 66 67 67 67 67 67 66 66 67 68 69 66 64 63 63 62 62 62 62 63 63 63 64 63 62 62 61 62 63 61 60 59 59
68 68 69 69 69 69 69 70 70 70 70 70 69 69 69 70 70 69 69 69 69 69 69 69 69 71 71 71 71 71 72 73 72 73 74 77 79 76 77 76 76 76 76 77 76 76 75 74 74 73 71 70 69 68 68 68 67 68 68 67 67 66 67 68 67 67 67 66 67 67 68 68 68 70 66 64 64 63 62 62 62 62 63 63 62 63 62 62 62 62 62 62 64 60 59 59
68 68 69 69 70 69 68 69 70 69 69 70 70 70 69 68 69 69 69 68 68 69 70 69 70 70 71 72 72 72 72 74 74 74 75 75 79 78 78 81 82 80 80 80 79 78 76 75 75 74 72 71 71 71 70 69 69 68 68 67 68 69 68 67 67 67 67 68 67 68 69 71 71 67 65 64 64 63 62 62 62 62 64 62 62 62 61 61 62 62 61 61 63 63 61 59
68 67 68 69 69 68 68 69 69 69 69 69 69 69 68 68 68 68 68 69 68 69 71 69 69 69 70 71 72 72 73 74 73 74 77 77 79 79 82 84 84 86 85 82 80 79 77 75 75 74 72 71 70 70 69 69 70 69 68 68 68 68 67 67 67 68 68 66 68 71 73 72 72 66 65 63 63 63 61 61 61 61 61 62 62 62 61 61 61 61 60 60 60 60 60 58
68 69 68 69 68 69 69 69 69 69 69 69 69 69 68 69 68 68 69 69 69 70 71 71 69 70 70 71 72 72 73 73 75 75 78 78 81 80 85 87 87 88 87 85 81 80 79 78 76 74 73 72 71 71 69 71 69 69 69 68 68 68 68 68 68 67 69 69 71 70 74 73 69 65 65 64 64 64 61 61 61 61 62 62 61 61 62 60 61 60 61 60 60 60 60 59
69 68 69 69 69 69 68 69 69 69 68 69 69 69 69 69 69 68 69 70 70 71 72 71 72 71 71 71 74 74 74 73 74 75 76 78 83 83 90 87 85 85 87 85 82 83 79 79 77 75 73 72 70 71 71 71 70 69 69 69 68 67 68 68 70 71 69 72 73 76 75 73 70 66 65 64 64 64 62 61 61 61 61 61 60 61 61 60 60 60 61 60 60 60 60 59
69 68 69 68 69 69 69 68 69 68 69 68 69 68 69 69 69 70 70 71 71 73 73 73 72 72 72 72 73 73 74 76 74 75 76 78 81 83 87 88 84 85 86 84 86 81 79 80 79 76 75 72 71 70 71 71 70 71 69 68 68 68 70 71 70 71 73 72 75 77 75 71 71 68 65 63 64 63 62 62 61 61 61 60 61 61 60 61 60 60 60 60 59 60 60 60
69 68 69 69 69 69 69 69 69 69 69 69 69 69 69 69 70 70 69 71 71 73 75 75 73 72 73 73 73 75 77 77 75 75 76 79 79 82 83 88 86 88 86 82 85 81 80 79 78 78 76 74 72 72 71 71 71 71 69 68 68 70 69 73 73 75 75 77 75 75 71 71 67 67 66 64 64 63 62 61 61 61 61 60 62 61 60 60 59 59 59 58 58 60 60 60
69 69 69 69 69 69 69 69 67 69 69 68 69 69 70 71 71 71 72 71 72 74 77 74 75 74 75 73 74 74 76 74 76 76 76 79 79 80 82 85 87 88 84 84 84 85 80 79 79 78 77 75 72 72 71 71 71 70 70 68 68 70 71 72 73 76 75 70 71 68 69 71 67 67 64 64 64 63 62 61 61 61 62 62 62 62 60 60 59 60 60 59 59 60 59 59
70 69 70 70 72 71 70 68 68 68 69 69 71 71 70 71 71 72 73 72 73 75 76 76 77 74 73 73 73 72 73 72 73 74 76 77 79 79 79 80 85 84 83 87 85 82 83 81 81 80 77 76 73 72 71 71 71 70 69 68 69 70 73 74 75 76 73 71 68 68 68 68 68 64 64 64 64 62 62 62 61 61 61 62 61 61 61 60 61 60 60 60 59 59 59 59
71 71 70 70 70 71 70 69 69 69 70 71 72 71 72 72 75 74 73 72 73 74 75 75 76 74 72 73 72 73 73 73 73 74 76 76 75 77 79 79 81 81 83 85 84 85 83 82 81 79 78 76 73 72 71 70 70 70 69 68 69 72 76 74 75 73 70 69 67 67 67 66 64 64 64 64 64 63 62 61 61 62 63 63 62 63 62 60 61 60 60 60 59 59 58 58
71 71 70 72 70 70 69 69 70 70 71 74 73 74 74 74 73 73 73 72 73 73 73 74 74 73 72 72 73 73 73 73 73 76 75 76 75 75 76 77 78 79 81 83 84 83 81 82 81 80 78 74 71 72 71 71 70 70 69 68 68 69 75 71 72 72 68 68 68 68 65 65 64 64 64 64 63 63 62 61 62 62 63 63 62 62 62 60 60 60 59 59 59 59 57 56
71 71 70 71 70 70 70 69 71 71 72 73 72 73 72 71 72 72 72 72 72 72 72 74 73 73 72 73 73 73 73 73 73 73 75 75 75 75 76 77 77 77 78 81 82 82 79 82 80 78 75 73 73 71 71 71 70 70 69 68 68 67 70 69 69 69 69 67 66 66 66 64 64 64 64 63 63 62 62 62 62 63 63 63 63 64 62 61 61 60 59 60 59 58 57 56
71 71 71 70 71 70 70 69 70 71 71 72 72 73 72 71 72 72 72 72 73 72 72 74 73 73 72 73 73 73 73 73 73 73 74 73 76 74 75 75 76 77 77 79 81 80 79 80 77 76 74 72 71 71 71 71 70 70 69 68 69 67 68 67 68 69 68 67 66 67 65 66 64 64 64 63 62 63 62 61 61 62 62 62 63 62 62 61 61 60 59 59 58 57 58 57
71 71 71 71 71 70 71 70 70 70 72 72 72 72 71 72 72 72 72 72 71 72 72 72 73 73 72 73 73 73 73 73 74 74 75 74 75 75 74 75 75 75 76 77 79 78 77 76 75 75 74 72 72 72 71 71 71 71 69 68 67 67 66 67 67 68 68 68 67 66 65 65 64 64 64 63 63 62 62 61 61 60 62 62 62 62 62 61 60 60 59 58 58 58 57 57
71 71 71 70 71 71 71 71 70 70 70 70 71 72 72 71 72 72 73 72 71 72 72 72 73 73 72 73 73 73 73 74 74 74 73 74 75 74 75 75 75 75 75 77 75 76 76 75 76 74 73 72 72 72 71 71 71 71 70 68 68 67 67 66 66 67 68 68 68 67 65 64 64 64 63 62 63 63 62 61 60 61 61 63 63 64 62 61 60 60 60 58 59 58 57 56
72 71 71 71 72 72 71 70 71 70 71 70 71 71 71 72 72 72 73 71 71 72 73 72 73 73 73 72 73 73 74 74 74 73 75 74 74 74 74 74 75 74 75 76 75 77 78 75 75 74 73 71 71 71 71 71 71 70 70 68 68 68 67 66 67 67 68 68 68 67 65 65 64 64 63 64 63 62 62 61 60 63 64 65 69 68 70 70 61 61 59 59 58 58 58 57
73 71 71 71 72 72 72 72 72 71 71 71 70 71 72 72 71 72 73 72 71 72 73 72 72 73 73 73 73 73 73 73 73 73 74 74 73 74 74 73 75 75 75 76 75 79 79 79 74 76 73 73 73 72 73 71 70 70 70 69 68 68 67 68 69 68 68 68 67 66 67 64 65 64 64 63 63 63 62 62 64 70 73 74 69 75 72 63 61 60 59 58 58 58 58 58
73 73 71 72 71 72 72 72 72 71 71 72 71 72 72 71 71 72 72 72 72 72 73 72 72 72 73 73 73 73 73 73 73 74 75 75 74 73 73 74 74 75 75 76 74 76 77 79 81 80 74 73 72 73 72 71 71 71 70 69 69 70 67 68 68 69 68 68 68 66 66 65 65 63 64 64 64 63 64 66 66 66 70 78 78 72 66 62 61 60 59 58 58 58 58 58
73 74 72 72 74 72 72 72 72 71 71 72 71 72 72 72 73 73 72 73 72 73 73 72 72 72 72 73 73 73 73 73 73 74 74 73 74 74 75 74 74 75 74 75 75 76 77 78 77 80 79 78 76 74 72 71 71 71 70 70 70 70 68 67 68 69 68 67 68 68 65 64 65 65 65 64 64 64 64 65 65 65 67 68 67 65 64 61 60 60 59 58 58 58 58 58
73 73 73 73 74 75 72 73 72 71 71 72 72 71 72 73 73 73 73 73 72 73 72 72 72 72 72 73 73 73 72 73 73 72 73 74 73 74 75 75 75 75 73 74 75 74 74 74 76 77 78 78 80 75 73 72 71 72 70 70 70 70 69 68 68 68 68 67 66 66 65 66 65 65 65 65 64 64 64 64 64 65 63 64 63 62 62 60 60 60 59 59 58 58 58 58
74 74 73 73 74 73 73 72 73 71 71 72 73 73 72 73 73 73 73 73 73 72 72 73 72 72 72 72 72 72 72 72 72 72 73 73 72 73 75 75 75 75 73 74 75 74 74 75 75 76 76 78 80 76 74 72 71 71 73 71 69 70 70 69 69 68 68 68 68 67 65 67 66 65 65 65 65 64 64 63 65 64 64 63 62 62 61 61 60 60 59 59 59 58 58 58
74 74 73 73 73 73 74 73 73 71 71 73 73 73 72 73 73 74 73 72 73 73 72 71 72 72 72 72 72 72 72 71 71 72 73 73 73 73 74 73 73 74 73 74 76 74 74 73 74 74 75 75 75 75 74 73 71 71 72 71 72 72 73 75 73 70 69 68 68 67 66 66 66 65 65 65 65 64 64 63 64 65 63 65 63 62 62 61 62 60 60 59 59 59 57 58
74 74 74 73 74 77 74 73 72 71 71 74 74 73 72 73 73 74 73 72 73 73 72 71 71 72 72 72 72 72 72 71 71 72 73 73 74 74 74 74 74 74 74 74 76 76 73 73 74 75 74 76 76 77 76 74 73 74 73 72 75 76 79 79 81 79 69 68 67 67 67 67 66 66 65 65 65 65 64 63 64 65 64 64 63 63 63 62 62 63 61 60 60 60 59 59
74 74 74 73 74 74 76 73 73 72 71 74 74 74 72 73 73 73 73 72 73 72 72 71 71 72 72 72 72 72 71 72 71 72 73 74 74 74 73 74 74 74 74 74 74 74 74 73 73 73 75 74 76 75 79 79 78 75 73 73 77 83 83 80 79 74 72 68 68 67 68 68 66 66 65 65 66 66 64 65 64 65 65 65 63 64 63 63 62 62 61 61 60 60 60 59
75 74 74 74 75 75 77 74 74 73 71 72 74 74 74 74 73 73 73 72 73 72 72 71 71 72 72 72 72 71 71 71 72 72 73 73 73 73 73 73 73 73 73 72 73 73 74 73 73 73 73 74 73 73 75 78 81 81 78 77 82 81 76 76 75 73 69 69 67 69 67 68 67 66 66 66 66 65 66 66 64 65 65 65 64 64 64 63 63 62 62 61 61 60 60 59
76 75 76 76 76 75 75 74 73 74 72 73 73 74 73 74 73 72 72 73 72 72 72 71 71 72 72 71 71 72 72 71 72 72 73 74 73 73 73 73 73 73 73 72 72 73 73 73 73 73 72 72 72 72 73 75 76 78 78 77 80 81 77 75 74 72 74 71 68 68 68 67 67 66 66 65 66 66 65 65 65 65 65 65 65 64 64 63 63 62 62 61 61 61 59 59
