Climate/data/grids_germany_multi_annual_precipitation_1981-2010_05.asc
NCOLS 654
NROWS 866
XLLCORNER 3280414.711633467
YLLCORNER 5237500.62890625
CELLSIZE 1000
NODATA_VALUE -999
[rows 583 to 635 of 866, columns 192 to 287 of 654]
73 72 72 74 78 78 82 86 88 89 87 84 80 81 78 77 79 78 78 77 81 82 83 81 84 84 81 83 81 77 77 77 78 82 85 83 80 81 75 77 76 78 79 76 73 72 74 79 80 81 82 80 80 84 79 82 79 82 74 74 73 73 70 75 77 75 74 71 69 63 64 66 67 65 67 68 71 70 69 70 71 67 67 69 67 66 68 70 68 67 63 65 69 65 68 68
73 73 74 77 79 81 82 88 86 86 85 82 81 84 79 76 80 80 80 78 80 81 83 82 85 84 80 81 81 79 83 83 79 82 85 84 82 80 75 76 78 78 80 78 76 75 74 76 83 82 79 83 79 82 77 79 77 81 82 70 73 79 77 69 76 75 72 69 71 67 66 63 66 70 70 70 71 70 71 69 69 66 69 68 66 67 68 68 70 68 66 63 65 62 61 62
75 75 76 77 80 84 87 88 86 86 86 84 81 82 79 78 79 81 78 81 82 81 84 87 82 81 82 78 82 84 86 81 83 83 83 84 82 79 75 76 77 78 79 81 79 75 73 73 77 87 82 84 77 81 77 76 75 77 71 69 69 78 74 70 75 74 71 69 69 67 66 64 67 70 69 71 68 70 69 68 67 68 65 65 66 66 66 68 69 68 69 68 63 62 62 62
77 77 78 79 82 86 87 88 88 86 87 85 85 82 80 81 78 79 78 81 85 87 86 86 81 80 80 79 83 87 85 83 82 84 86 84 78 80 76 75 76 77 79 80 79 77 74 76 80 86 76 81 79 77 73 75 74 73 69 69 70 74 67 68 71 73 71 71 69 65 64 62 68 69 68 70 68 70 68 69 68 67 66 68 66 63 65 65 68 70 70 69 66 64 61 62
80 81 80 82 85 88 88 89 86 86 86 84 83 83 82 83 82 80 79 80 83 85 86 84 83 82 82 82 87 86 85 82 83 85 85 81 83 84 78 76 75 72 79 79 80 77 75 76 83 87 81 73 76 76 68 70 70 71 73 68 72 67 69 68 66 68 68 70 68 68 69 69 67 69 67 69 69 70 72 70 69 70 70 65 64 63 63 65 67 67 67 69 67 64 57 60
81 81 83 83 86 89 89 88 85 86 86 85 85 85 82 86 84 83 80 81 82 88 86 85 83 83 79 84 86 86 84 83 86 86 85 83 90 83 78 77 75 74 78 77 77 74 75 75 84 85 77 69 69 69 76 68 69 78 81 73 67 67 76 74 66 67 68 71 67 67 65 65 64 66 67 70 73 73 74 70 70 70 69 64 65 65 63 63 66 67 66 64 65 61 55 62
82 85 89 87 88 92 92 88 86 89 86 84 90 82 85 87 84 82 81 81 83 87 89 83 83 87 83 84 85 84 88 88 87 88 84 84 88 84 83 77 75 73 73 73 77 78 75 77 85 75 77 69 82 82 81 77 71 77 81 76 78 72 76 75 66 66 72 70 69 72 70 65 67 68 67 68 70 69 69 69 69 70 69 65 66 65 67 65 67 67 66 65 65 64 59 58
85 89 90 90 91 95 93 89 91 88 85 89 88 93 92 89 87 86 84 84 87 89 89 86 84 82 82 81 82 84 87 91 91 90 88 90 91 90 83 80 77 73 80 78 78 79 75 81 78 73 80 68 75 83 82 80 72 80 79 77 76 73 74 73 68 70 74 67 66 68 69 70 71 65 70 72 72 73 71 68 69 68 68 67 64 65 64 65 69 68 65 67 66 63 62 59
84 92 92 91 94 96 91 93 91 92 91 84 89 91 89 88 87 86 85 87 89 93 90 88 84 88 84 82 84 85 85 89 91 95 95 93 91 85 81 76 76 73 82 83 80 75 76 85 77 70 69 67 83 83 80 75 70 77 75 75 74 74 73 69 63 64 71 72 68 70 67 65 67 67 68 72 69 70 73 70 70 70 69 69 68 68 66 68 69 68 67 66 66 64 62 62
86 90 92 93 96 98 92 92 91 92 93 95 94 97 94 91 89 88 87 87 90 94 92 87 88 88 87 82 87 86 85 87 89 95 94 93 92 87 84 81 78 77 74 84 77 75 78 83 69 71 76 81 83 82 78 75 74 73 73 72 73 72 70 69 67 66 67 72 73 72 73 71 71 69 69 69 69 72 70 69 67 70 67 69 68 67 68 69 69 70 68 66 65 62 63 62
89 101 92 95 99 95 92 91 93 96 101 103 100 93 93 90 88 90 90 90 91 94 90 88 86 86 85 84 88 90 90 89 92 97 97 94 93 85 91 90 83 82 77 74 73 79 82 76 71 72 83 75 75 78 76 77 75 73 72 72 72 70 69 68 68 64 65 70 72 72 72 72 70 70 70 68 71 70 69 68 66 68 67 68 70 70 70 69 67 69 68 66 63 62 64 63
85 95 88 92 92 89 92 94 94 97 103 104 101 96 93 89 93 90 91 93 91 93 92 89 89 90 86 86 85 85 88 91 94 98 100 97 90 90 88 84 84 85 87 75 74 73 74 69 71 80 75 73 79 79 78 75 74 73 74 71 71 69 67 65 64 59 61 64 66 71 70 71 72 71 71 70 71 70 70 69 66 69 68 69 71 70 70 68 68 67 70 67 64 63 63 65
82 87 86 89 88 89 90 97 97 97 100 100 98 92 90 88 89 89 93 95 101 97 94 90 92 91 89 89 90 89 92 90 95 98 97 92 86 93 93 82 81 78 78 76 74 73 71 70 69 71 70 69 78 78 76 76 74 73 74 71 71 68 66 65 59 64 64 60 68 70 67 67 65 73 67 70 70 70 66 65 69 69 68 68 68 71 70 68 67 69 69 68 66 66 64 64
80 85 84 88 92 91 95 101 98 93 96 101 96 93 89 91 92 90 93 95 99 97 97 94 90 88 88 83 89 93 88 90 91 97 93 89 85 87 93 90 87 88 87 84 74 77 71 72 72 78 80 72 74 77 76 74 74 72 72 72 71 68 64 59 63 64 64 60 66 61 63 65 63 67 69 70 70 66 67 69 69 69 71 67 70 69 68 66 67 69 67 66 67 65 65 64
80 82 86 85 86 87 94 99 97 95 92 95 95 90 90 92 94 90 92 95 97 98 98 100 95 92 87 84 85 91 91 91 92 95 96 95 92 84 85 88 91 89 86 74 82 83 84 84 82 84 76 79 69 75 75 74 73 72 74 73 70 70 65 65 65 68 61 67 70 67 63 70 69 70 67 72 67 67 68 71 69 70 69 66 68 68 67 65 69 66 67 67 66 66 66 65
78 80 83 82 85 91 98 101 102 93 90 95 92 91 92 92 91 89 90 90 100 96 98 99 93 91 87 84 86 88 90 94 95 95 93 93 93 86 82 81 88 83 88 74 86 86 87 87 84 82 76 77 77 67 73 74 71 71 74 73 72 70 67 68 65 64 68 70 71 70 69 70 66 64 69 71 65 69 68 71 72 71 69 65 67 66 67 65 67 66 66 67 66 66 66 66
78 82 80 83 89 93 95 94 95 90 89 91 89 89 94 97 90 91 92 95 98 98 97 99 94 90 87 84 86 88 91 93 93 93 94 87 86 88 86 81 77 75 80 74 86 86 85 83 86 83 76 78 77 76 68 66 72 75 75 74 73 72 70 69 69 69 70 69 70 70 67 70 68 64 64 64 70 69 72 71 71 70 69 64 66 64 67 65 67 67 67 66 67 67 66 66
78 79 83 86 87 91 89 93 87 87 88 89 88 89 94 95 92 92 95 97 97 96 94 97 93 95 87 85 86 91 90 87 93 93 91 92 92 83 82 79 85 89 73 77 78 76 82 83 85 83 78 77 75 74 71 75 73 66 69 75 74 72 71 73 71 69 70 73 69 72 71 72 73 64 63 66 69 69 72 70 70 69 66 65 64 65 68 69 65 66 67 67 67 67 65 64
77 79 82 86 87 90 89 88 87 88 88 88 87 90 97 97 98 99 95 93 97 96 93 96 95 92 88 86 86 85 90 91 94 93 89 89 91 90 86 89 88 80 74 78 85 87 85 83 83 82 78 77 74 69 73 77 76 75 67 72 72 72 72 72 74 72 75 75 70 71 73 73 69 64 63 67 72 71 73 70 70 67 67 64 64 66 68 67 66 66 66 66 67 66 65 64
77 78 81 81 83 84 89 87 87 86 88 88 87 92 95 96 98 96 98 93 99 94 93 94 95 93 87 86 87 91 89 89 93 91 83 79 90 88 85 79 87 79 79 73 76 83 82 82 85 81 79 76 71 76 77 75 75 76 70 72 73 72 73 73 73 74 72 72 71 72 70 72 71 69 63 68 69 71 72 71 70 67 66 67 69 68 69 67 66 66 65 66 67 65 65 65
77 77 81 85 87 86 93 90 94 89 88 88 89 99 100 98 99 97 98 98 96 98 94 94 94 93 91 85 89 91 89 93 93 90 85 83 76 83 86 80 78 79 80 76 79 76 77 79 84 82 78 77 74 78 77 74 75 77 76 66 75 74 72 74 72 73 74 70 71 69 73 69 73 71 65 63 68 71 70 70 71 66 68 71 69 67 68 66 67 63 65 66 66 67 66 65
77 77 84 85 92 92 93 93 91 89 88 89 91 100 99 97 99 96 99 98 95 95 97 93 97 93 90 87 88 89 94 93 93 91 88 86 80 75 78 89 81 86 75 88 88 76 86 78 76 81 77 77 80 78 79 75 76 77 76 71 74 73 73 72 72 73 73 71 71 71 67 70 68 72 69 63 67 69 73 70 69 70 70 70 67 69 67 66 66 65 65 66 65 64 64 63
77 77 79 86 87 93 90 92 92 91 90 89 94 99 99 95 99 98 104 99 98 94 94 92 94 95 90 87 93 94 96 92 88 90 87 85 79 78 82 79 75 75 77 89 86 78 87 85 74 78 76 80 81 79 78 79 78 76 74 73 71 71 69 70 69 71 72 71 67 69 66 69 66 71 68 64 66 68 72 71 71 69 71 72 68 69 67 66 64 65 65 65 65 65 65 64
77 77 77 83 86 91 89 89 89 88 88 89 92 101 99 94 97 97 105 101 99 96 96 99 94 88 91 91 89 98 96 94 86 90 89 82 82 79 74 76 80 80 79 89 86 75 86 87 74 80 78 73 80 80 78 78 76 75 74 72 71 68 68 73 74 73 74 70 72 69 71 70 67 67 66 70 64 69 71 72 67 66 67 70 67 67 65 65 65 64 65 65 65 65 66 66
76 76 77 86 89 90 86 86 84 85 88 89 94 104 99 98 97 98 101 100 100 99 100 100 96 95 91 86 89 95 94 93 85 90 89 89 83 85 78 79 89 79 80 88 86 74 83 84 80 76 79 80 73 78 79 77 75 74 73 71 73 70 71 72 72 72 74 74 70 72 71 71 70 70 68 71 71 66 70 72 67 73 67 64 64 64 66 68 68 67 66 66 68 66 65 65
76 76 77 81 85 85 87 85 87 85 89 94 94 103 101 98 97 97 103 100 99 100 100 96 98 96 91 91 89 91 91 87 90 91 85 88 89 82 79 81 88 85 78 87 87 76 84 82 80 74 80 80 78 77 78 75 77 76 77 76 74 73 69 69 72 74 72 70 69 71 69 71 71 66 69 72 71 66 66 73 72 73 73 68 68 69 68 67 68 68 68 67 69 70 66 65
76 76 77 83 87 84 85 84 85 89 91 95 97 102 97 97 95 102 103 100 100 101 98 94 96 92 90 90 96 94 94 87 87 91 91 89 81 79 82 89 89 85 77 86 87 78 74 79 82 81 76 79 79 79 76 75 75 76 75 76 72 71 69 73 72 72 72 73 69 70 72 71 68 69 70 72 72 69 67 68 67 76 73 72 69 70 69 67 68 69 69 69 68 67 67 66
76 76 77 83 87 84 83 88 86 91 93 94 93 99 98 97 98 101 100 99 98 99 95 91 94 92 91 91 96 93 91 91 91 91 93 88 88 81 83 85 89 88 87 84 85 85 81 78 80 79 80 77 78 77 76 76 75 77 76 76 73 71 70 73 74 75 74 71 72 73 72 70 68 71 69 68 72 73 67 70 75 73 74 74 73 70 70 70 70 68 69 69 69 67 65 66
75 75 77 78 87 85 81 85 88 91 92 97 98 98 101 97 95 103 98 98 94 97 94 91 94 91 91 97 95 92 90 90 85 91 88 86 84 83 89 89 90 89 88 85 86 83 81 71 76 78 80 80 77 77 78 76 76 76 76 73 76 73 72 72 73 73 71 72 73 74 72 71 69 69 69 70 71 70 67 65 71 74 75 74 72 71 72 72 70 70 69 69 68 67 66 66
75 75 76 78 81 84 82 90 94 94 97 100 101 102 100 100 94 100 96 95 95 95 91 93 95 92 93 98 92 93 94 89 93 81 89 90 88 91 89 90 90 89 86 86 85 85 83 74 75 79 79 78 78 77 78 77 76 77 76 74 75 73 72 70 75 74 75 74 74 74 72 69 70 68 72 72 72 73 74 65 66 71 75 69 73 73 73 67 71 72 72 68 70 68 67 67
75 76 76 79 83 85 89 90 94 96 97 103 102 104 102 103 96 96 94 97 90 95 92 96 93 90 95 98 92 89 91 88 93 88 86 85 86 91 89 90 90 89 88 87 84 77 81 77 71 77 77 75 77 77 77 78 77 78 77 75 75 75 74 72 74 75 76 73 74 73 71 70 70 70 71 73 73 73 69 69 64 68 74 67 70 71 67 71 71 72 71 68 70 69 69 69
75 76 76 79 81 83 85 86 89 94 99 102 102 107 97 104 98 88 95 99 93 93 94 97 95 90 94 97 90 93 86 86 88 82 86 87 93 91 91 92 90 87 86 86 84 83 82 77 78 71 74 73 75 75 77 78 77 77 76 74 74 76 76 75 73 74 74 73 73 72 72 72 69 69 70 71 71 73 69 65 66 67 73 68 70 70 73 73 73 71 71 70 70 69 71 71
76 76 75 78 84 88 88 91 88 89 91 99 99 102 97 100 95 88 92 96 93 91 95 98 93 91 97 94 89 89 87 81 82 86 93 84 92 93 92 91 92 88 87 86 84 83 82 76 78 73 72 71 74 75 78 76 77 73 72 71 73 75 75 76 75 73 73 73 72 71 71 71 68 67 67 67 69 72 70 72 68 66 67 72 73 75 73 73 69 73 71 71 68 71 72 71
76 76 76 78 86 85 90 92 88 93 98 100 98 103 98 100 96 87 94 97 94 93 97 94 92 90 95 90 86 88 89 81 89 90 89 89 92 93 92 90 90 89 86 85 85 83 81 79 76 74 69 71 71 72 76 77 74 75 73 70 73 73 75 75 74 73 73 72 72 72 70 72 72 72 72 70 72 69 67 73 68 65 69 73 74 74 73 71 72 72 73 71 69 70 72 70
76 76 77 80 83 84 88 90 91 94 100 99 102 101 97 95 92 89 97 96 87 95 101 96 95 91 95 91 88 91 83 86 87 90 96 94 93 93 91 90 89 90 88 85 84 82 80 77 76 74 72 71 74 75 76 74 75 74 73 72 70 73 74 74 73 72 72 70 72 72 68 71 72 70 72 71 70 67 67 74 74 66 70 70 74 70 73 67 73 71 73 70 69 67 71 70
76 76 76 80 88 88 91 99 98 102 103 101 103 96 102 97 87 100 98 93 87 95 97 92 86 90 98 95 87 87 84 85 90 86 91 95 93 92 91 90 89 89 88 83 85 82 80 79 77 74 74 73 75 76 75 73 73 75 73 73 73 72 73 72 71 70 68 69 71 71 67 69 72 71 68 69 66 73 69 73 73 67 66 70 71 68 66 68 75 69 73 73 66 66 65 66
75 76 77 81 92 94 96 99 95 102 104 98 101 97 98 89 92 97 98 94 86 98 100 94 86 93 97 94 90 89 86 81 90 94 86 89 93 91 91 90 89 87 88 87 84 83 81 80 77 75 75 73 74 75 74 73 72 73 74 71 72 71 70 72 69 70 69 71 73 71 71 69 69 68 68 64 65 72 73 72 75 71 69 66 66 66 65 68 68 74 76 76 67 69 70 70
75 75 78 81 93 90 95 96 99 104 110 102 97 102 92 90 99 101 99 96 86 94 101 97 93 91 93 88 82 90 87 88 86 93 95 93 89 93 91 91 89 90 87 86 85 81 81 79 80 76 76 73 75 75 73 76 72 72 73 73 73 71 72 71 69 69 72 72 71 71 69 70 66 65 66 69 70 72 70 72 72 70 72 69 69 73 67 66 74 74 74 75 68 67 72 71
75 75 77 81 84 85 91 95 97 105 110 102 95 101 100 89 91 95 94 94 91 97 99 94 92 94 83 85 94 97 96 93 96 87 92 96 94 92 91 89 89 87 87 85 80 83 80 78 79 79 76 73 73 75 74 73 73 72 73 74 71 70 72 70 70 72 71 71 71 72 68 66 67 68 69 66 68 70 69 73 72 71 69 67 73 75 72 68 67 66 66 67 67 71 66 71
75 76 76 80 95 95 98 98 99 112 102 107 100 97 104 98 98 88 95 92 89 99 99 89 86 85 81 89 93 97 98 94 96 93 93 93 94 91 91 87 86 84 85 85 80 79 80 80 79 76 77 76 75 76 73 74 74 73 74 74 72 72 70 71 72 72 70 71 73 71 69 68 67 68 65 64 65 69 74 70 72 70 74 69 70 74 73 70 72 71 70 72 73 73 69 72
75 76 78 79 85 92 102 107 108 108 114 110 107 93 97 103 102 93 87 96 95 93 94 90 83 88 85 87 88 91 96 94 94 93 94 93 93 90 89 85 84 82 83 82 80 80 80 80 79 79 78 76 75 75 75 76 74 72 75 73 72 71 72 72 73 73 74 72 72 70 71 67 66 64 63 64 67 69 70 74 71 74 70 73 70 72 75 72 75 73 70 73 75 73 69 68
76 76 77 79 84 96 102 107 99 100 106 107 101 94 100 100 101 98 92 89 87 91 85 89 86 91 96 82 91 94 92 93 93 91 93 92 90 90 85 84 83 83 82 80 79 78 78 80 79 77 75 74 77 75 73 75 74 76 72 72 71 73 74 75 73 74 73 73 72 73 69 66 65 64 60 64 67 68 73 75 73 75 74 74 72 74 75 71 75 69 74 72 75 75 69 71
76 77 77 79 81 91 94 106 97 95 106 98 96 95 94 89 96 100 100 90 90 86 91 97 88 99 101 88 89 94 94 93 92 93 91 91 89 88 85 80 81 81 79 80 78 78 77 78 77 76 76 75 73 72 75 77 73 75 74 71 74 75 75 75 73 72 74 74 71 73 70 66 66 64 62 64 67 69 71 75 76 74 75 75 70 70 73 74 75 73 75 75 76 74 73 75
76 77 77 79 79 85 91 97 96 93 98 96 102 92 94 95 98 95 96 90 92 94 97 94 86 93 100 86 88 96 95 93 91 92 86 89 85 88 84 79 79 79 78 78 78 74 77 78 77 75 77 78 77 78 73 75 74 75 72 77 77 77 76 74 75 74 75 73 74 74 70 69 68 67 67 70 71 71 73 75 76 78 78 75 75 72 75 76 73 74 73 75 74 75 73 76
77 77 77 78 80 84 91 90 89 92 90 89 96 86 98 97 93 94 89 83 95 99 97 92 89 97 99 84 92 83 84 91 90 89 82 83 88 86 83 82 79 80 78 77 75 76 77 75 75 76 77 76 76 75 77 72 74 71 76 77 80 79 76 75 76 74 75 73 75 74 71 70 71 71 71 73 77 78 79 79 81 81 79 78 75 75 74 78 75 78 73 76 78 77 72 78
77 77 78 77 78 79 82 95 93 92 88 87 100 87 84 85 91 88 83 88 98 98 96 94 93 96 97 94 89 92 80 84 88 88 82 86 86 84 81 80 78 78 78 76 75 74 76 76 75 76 77 77 75 75 77 73 72 77 77 79 78 79 77 77 75 76 75 72 75 74 72 72 72 72 75 74 77 80 79 82 79 82 81 80 76 76 76 79 76 77 76 77 79 76 75 77
77 77 78 77 78 85 93 101 109 103 101 83 95 85 90 84 83 82 87 89 94 97 96 96 95 96 96 95 95 93 88 80 82 81 86 88 86 84 83 80 78 75 72 73 74 73 75 76 74 75 76 78 77 75 76 74 75 73 78 77 78 78 77 77 74 78 75 73 74 73 74 76 74 76 77 77 78 80 83 78 80 83 80 79 76 77 75 76 78 77 77 79 78 74 72 78
77 77 78 78 78 86 92 105 103 100 98 83 83 82 82 85 84 86 88 90 93 94 93 94 93 93 94 92 92 92 90 83 79 86 87 88 87 84 81 80 77 76 78 77 76 76 74 76 77 77 77 77 76 73 76 75 74 78 79 76 80 77 79 77 77 77 76 74 73 75 77 77 78 75 72 74 76 83 82 84 81 82 82 79 80 78 77 78 77 77 78 79 80 79 73 79
76 77 78 79 80 86 91 102 99 96 94 91 84 85 93 84 87 86 87 89 90 92 92 93 92 91 91 90 92 89 84 82 86 80 86 89 87 86 80 80 78 75 75 79 78 76 76 76 77 77 78 78 76 76 76 75 77 78 76 78 78 79 78 77 78 77 73 73 76 77 76 76 76 72 75 81 80 79 78 81 83 82 77 80 78 79 78 77 78 80 79 80 78 80 77 73
77 77 79 79 80 83 90 99 95 90 89 91 88 89 88 84 84 85 86 84 87 90 93 94 91 89 88 87 90 88 89 86 81 86 87 89 87 87 81 78 81 81 81 79 78 77 77 77 77 77 77 78 76 76 73 78 78 79 76 77 79 78 78 74 78 76 74 73 77 77 77 77 75 74 78 80 84 81 83 76 82 83 76 80 80 79 77 77 79 80 81 81 82 80 82 78
77 77 78 79 80 83 90 96 94 91 88 88 87 86 86 85 84 84 86 86 88 90 90 90 88 87 87 89 88 88 88 82 81 81 84 89 88 87 80 82 85 83 81 79 77 78 76 77 76 78 78 78 74 73 77 79 78 77 79 78 77 78 75 75 78 77 75 75 77 75 74 72 76 81 80 79 80 84 81 83 78 80 82 74 79 80 78 73 75 80 81 79 80 81 80 79
76 77 77 78 80 83 90 93 91 90 87 84 84 84 84 85 82 85 83 84 87 88 88 87 86 88 85 88 87 90 88 89 88 84 84 88 86 89 82 86 85 83 82 81 80 79 75 78 78 80 79 79 72 77 80 79 77 80 79 78 79 74 78 78 77 75 71 76 76 71 72 76 79 82 83 80 84 81 84 84 79 81 81 78 74 76 80 82 82 82 81 77 81 80 80 81
78 79 78 79 79 82 90 91 91 87 84 82 83 86 86 87 85 83 84 82 85 86 86 85 85 86 84 86 85 88 88 90 89 85 84 86 90 84 85 87 86 86 83 80 81 78 78 78 81 79 79 78 78 73 79 77 79 80 78 78 74 79 79 77 78 75 70 74 71 73 79 79 79 82 82 82 86 84 85 84 80 81 83 82 79 77 80 82 82 82 83 81 79 81 81 81
