Climate/data/grids_germany_multi_annual_precipitation_1981-2010_07.asc
NCOLS 654
NROWS 866
XLLCORNER 3280414.711633467
YLLCORNER 5237500.62890625
CELLSIZE 1000
NODATA_VALUE -999
[rows 714 to 764 of 866, columns 480 to 575 of 654]
116 113 112 112 109 108 101 101 103 105 103 108 106 109 109 105 100 102 107 106 101 101 97 98 98 101 106 102 102 107 113 107 110 106 106 106 112 111 109 108 106 109 110 106 110 112 113 108 110 106 108 109 113 108 109 110 114 109 109 111 107 105 105 106 105 107 104 -999 -999 -999 -999 -999 -999 -999 -999 -999 -999 -999 -999 -999 -999 -999 -999 -999 119 122 126 132 137 135 -999 -999 -999 -999 -999 -999
106 109 110 103 101 101 102 102 105 108 110 109 104 107 107 105 104 107 107 110 100 99 101 102 101 105 103 105 110 110 109 107 108 108 106 108 112 111 112 107 107 108 110 109 113 110 110 110 108 105 104 109 110 108 113 110 112 111 113 109 112 105 104 106 110 104 106 107 101 -999 -999 -999 -999 -999 -999 -999 -999 -999 -999 -999 -999 -999 -999 -999 112 117 119 129 131 131 -999 -999 -999 -999 -999 -999
108 100 101 101 102 102 106 106 111 110 112 108 108 106 105 112 107 107 104 102 101 102 105 108 106 103 102 110 107 106 107 105 104 103 108 115 112 110 112 107 113 109 109 109 111 108 109 106 110 112 104 102 103 107 108 112 113 107 110 111 107 109 109 107 107 108 108 106 103 -999 -999 -999 -999 -999 -999 -999 -999 -999 -999 -999 -999 -999 -999 -999 -999 -999 111 119 130 -999 -999 -999 -999 -999 -999 -999
100 100 101 103 108 110 110 110 112 111 113 110 108 105 112 110 108 108 103 102 100 102 104 107 105 104 103 110 112 110 111 109 107 105 113 116 113 118 117 112 109 109 111 113 110 113 114 109 106 104 103 102 104 103 107 108 112 109 106 109 105 109 108 106 109 111 108 107 100 -999 -999 -999 -999 -999 -999 -999 -999 -999 -999 -999 -999 -999 -999 -999 -999 -999 -999 -999 110 -999 -999 -999 -999 -999 -999 -999
102 102 105 107 112 113 114 112 105 108 110 112 110 105 111 107 101 101 101 102 106 102 104 106 105 107 108 110 109 108 109 103 102 108 111 117 114 119 117 109 113 113 118 116 112 110 106 108 109 107 105 105 103 103 107 108 109 109 107 106 106 107 108 106 106 107 108 109 105 -999 -999 -999 -999 -999 -999 -999 -999 -999 -999 -999 -999 -999 -999 -999 -999 -999 -999 -999 -999 -999 -999 -999 -999 -999 -999 -999
113 116 113 107 115 114 116 113 112 109 108 107 109 111 112 104 102 104 105 107 110 106 106 104 106 107 110 111 110 111 103 101 109 113 113 116 113 114 114 110 110 111 117 112 109 110 109 108 115 112 108 109 108 106 109 111 106 108 107 106 103 105 108 103 103 105 107 107 106 -999 -999 -999 -999 -999 -999 -999 -999 -999 -999 -999 -999 -999 -999 -999 -999 -999 -999 -999 -999 -999 -999 -999 -999 -999 -999 -999
121 116 113 116 116 116 121 114 108 105 107 111 105 108 109 103 109 108 105 104 105 107 108 106 108 109 110 109 106 106 104 108 111 112 112 113 110 110 111 113 112 116 118 114 110 112 106 109 116 113 111 113 107 108 110 114 111 109 108 103 102 104 104 103 104 104 104 104 102 -999 -999 -999 -999 -999 -999 -999 -999 -999 -999 -999 -999 -999 -999 -999 -999 -999 -999 -999 -999 -999 -999 -999 -999 -999 -999 -999
116 116 115 117 121 119 110 111 114 103 101 107 101 102 107 113 110 107 101 107 108 107 105 108 106 107 110 109 107 104 104 109 112 111 113 111 110 117 111 119 113 114 118 114 111 108 107 109 115 119 124 114 110 111 112 112 111 110 109 104 106 104 105 103 102 102 102 102 -999 -999 -999 -999 -999 -999 -999 -999 -999 -999 -999 -999 -999 -999 -999 -999 -999 -999 -999 -999 -999 -999 -999 -999 -999 -999 -999 -999
120 114 117 117 120 113 110 109 106 102 104 106 105 106 107 104 109 106 105 106 108 107 106 105 105 105 104 108 111 108 108 110 113 114 111 115 110 117 112 112 116 115 117 119 110 110 108 111 116 120 120 112 108 109 111 112 110 108 108 107 104 104 104 104 103 99 100 100 -999 -999 -999 -999 -999 -999 -999 -999 -999 -999 -999 -999 -999 -999 -999 -999 -999 -999 -999 -999 -999 -999 -999 -999 -999 -999 -999 -999
120 117 120 115 119 116 113 111 109 106 107 108 109 109 109 100 107 102 105 105 105 104 107 107 105 108 109 111 111 110 110 109 111 113 116 113 112 115 115 115 119 116 117 122 111 113 112 111 112 115 120 115 108 105 107 111 109 107 109 107 106 102 103 102 101 101 101 -999 -999 -999 -999 -999 -999 -999 -999 -999 -999 -999 -999 -999 -999 -999 -999 -999 -999 -999 -999 -999 -999 -999 -999 -999 -999 -999 -999 -999
119 117 124 118 123 120 114 113 107 113 112 109 106 104 105 103 101 105 106 107 106 106 105 108 109 109 111 113 113 111 108 112 114 117 115 119 113 116 119 114 117 115 113 120 118 122 111 114 115 117 117 111 107 108 108 107 109 106 108 109 107 105 101 101 102 100 101 -999 -999 -999 -999 -999 -999 -999 -999 -999 -999 -999 -999 -999 -999 -999 -999 -999 -999 -999 -999 -999 -999 -999 -999 -999 -999 -999 -999 -999
122 123 126 118 123 115 113 112 110 114 110 110 111 106 107 104 106 107 106 106 106 108 109 110 109 110 110 111 111 113 113 111 112 115 117 113 113 116 119 116 115 115 112 114 117 115 111 111 114 111 118 110 109 107 105 107 111 108 106 106 105 105 105 101 99 99 100 -999 -999 -999 -999 -999 -999 -999 -999 -999 -999 -999 -999 -999 -999 -999 -999 -999 -999 -999 -999 -999 -999 -999 -999 -999 -999 -999 -999 -999
123 120 120 121 120 114 117 111 114 114 113 108 107 104 106 103 105 103 106 105 107 106 106 111 108 111 112 110 114 115 113 110 115 115 113 115 113 114 115 114 113 112 109 111 119 108 107 107 112 108 110 109 105 104 105 106 107 107 105 106 106 106 102 101 100 100 99 98 -999 -999 -999 -999 -999 -999 -999 -999 -999 -999 -999 -999 -999 -999 -999 -999 -999 -999 -999 -999 -999 -999 -999 -999 -999 -999 -999 -999
119 119 123 122 123 121 119 121 117 114 109 107 108 105 108 105 106 102 105 109 104 103 108 112 111 113 112 114 115 115 114 116 109 113 116 116 112 114 111 112 110 115 108 111 113 112 107 105 111 105 102 108 110 106 107 106 107 109 108 104 106 102 102 101 102 101 99 98 -999 -999 -999 -999 -999 -999 -999 -999 -999 -999 -999 -999 -999 -999 -999 -999 -999 -999 -999 -999 -999 -999 -999 -999 -999 -999 -999 -999
118 116 120 121 117 118 119 118 120 115 113 111 112 112 111 109 107 105 103 106 109 103 106 110 112 113 115 107 116 114 116 118 111 108 115 119 110 109 108 108 109 111 107 106 109 111 107 104 105 109 102 105 109 105 107 110 106 110 108 107 103 102 103 103 102 102 100 100 -999 -999 -999 -999 -999 -999 -999 -999 -999 -999 -999 -999 -999 -999 -999 -999 -999 -999 -999 -999 -999 -999 -999 -999 -999 -999 -999 -999
112 112 117 117 114 117 115 117 115 112 110 113 112 109 106 109 105 109 108 104 106 108 103 110 110 110 113 109 114 110 117 116 113 109 110 110 109 111 110 109 107 108 107 107 105 105 106 104 104 109 105 103 106 109 108 109 110 107 105 107 104 104 103 103 103 102 103 -999 -999 -999 -999 -999 -999 -999 -999 -999 -999 -999 -999 -999 -999 -999 -999 -999 -999 -999 -999 -999 -999 -999 -999 -999 -999 -999 -999 -999
113 111 109 110 111 115 112 116 114 111 111 107 109 112 107 109 109 107 108 108 102 108 106 109 107 111 113 108 109 109 108 110 109 109 112 113 115 116 117 124 120 111 117 110 109 105 105 104 103 103 102 101 103 106 107 110 108 107 106 106 106 105 105 104 104 104 103 -999 -999 -999 -999 -999 -999 -999 -999 -999 -999 -999 -999 -999 -999 -999 -999 -999 -999 -999 -999 -999 -999 -999 -999 -999 -999 -999 -999 -999
117 114 112 111 108 109 111 118 117 114 116 115 109 109 112 109 110 109 108 106 105 103 103 103 104 104 106 108 108 108 110 113 113 115 119 123 125 118 126 122 115 119 120 112 110 109 107 104 106 104 105 104 105 106 107 110 111 109 108 107 107 107 105 106 105 105 103 -999 -999 -999 -999 -999 -999 -999 -999 -999 -999 -999 -999 -999 -999 -999 -999 -999 -999 -999 -999 -999 -999 -999 -999 -999 -999 -999 -999 -999
119 115 118 116 108 107 111 112 116 114 116 114 112 115 111 107 106 107 105 105 101 101 102 104 108 111 116 114 118 117 116 114 117 119 128 132 130 121 120 125 117 117 122 119 113 109 112 110 106 109 107 107 108 109 110 112 113 110 109 108 108 108 107 106 106 105 105 -999 -999 -999 -999 -999 -999 -999 -999 -999 -999 -999 -999 -999 -999 -999 -999 -999 -999 -999 -999 -999 -999 -999 -999 -999 -999 -999 -999 -999
115 116 114 114 113 111 108 112 116 112 115 112 114 111 113 113 105 104 102 101 107 108 109 109 112 114 116 118 115 120 114 119 123 124 131 134 124 123 125 126 122 119 124 123 116 110 110 108 107 111 111 112 110 112 112 111 111 110 109 108 108 108 108 108 106 104 -999 -999 -999 -999 -999 -999 -999 -999 -999 -999 -999 -999 -999 -999 -999 -999 -999 -999 -999 -999 -999 -999 -999 -999 -999 -999 -999 -999 -999 -999
119 116 114 110 113 111 112 106 113 113 113 115 115 116 112 110 107 106 103 106 111 110 108 108 111 113 115 114 113 117 117 122 124 127 126 125 125 125 129 129 125 123 125 122 115 115 117 114 109 115 112 110 111 111 112 111 110 112 110 110 109 109 109 108 108 106 -999 -999 -999 -999 -999 -999 -999 -999 -999 -999 -999 -999 -999 -999 -999 -999 -999 -999 -999 -999 -999 -999 -999 -999 -999 -999 -999 -999 -999 -999
117 116 112 110 109 109 106 108 107 107 108 109 108 108 108 108 110 108 110 108 111 108 112 112 115 114 117 118 118 116 123 121 122 124 125 126 122 121 127 126 127 123 125 120 119 115 112 112 110 109 111 109 109 111 111 110 109 111 110 110 110 110 110 109 109 -999 -999 -999 -999 -999 -999 -999 -999 -999 -999 -999 -999 -999 -999 -999 -999 -999 -999 -999 -999 -999 -999 -999 -999 -999 -999 -999 -999 -999 -999 -999
110 111 108 108 108 109 110 110 110 106 110 110 111 109 109 111 112 107 110 111 112 110 115 116 115 114 118 118 115 120 124 125 123 124 121 125 122 125 123 124 126 126 124 119 118 116 117 115 112 111 105 109 109 110 110 110 109 110 110 112 111 112 112 111 -999 -999 -999 -999 -999 -999 -999 -999 -999 -999 -999 -999 -999 -999 -999 -999 -999 -999 -999 -999 -999 -999 -999 -999 -999 -999 -999 -999 -999 -999 -999 -999
108 108 108 114 113 111 109 110 108 111 115 115 113 110 109 112 108 105 106 111 112 113 111 115 115 116 116 117 122 124 126 126 124 123 119 126 126 127 127 126 126 125 124 122 125 116 116 113 110 110 109 107 108 108 107 109 111 111 110 112 113 114 114 -999 -999 -999 -999 -999 -999 -999 -999 -999 -999 -999 -999 -999 -999 -999 -999 -999 -999 -999 -999 -999 -999 -999 -999 -999 -999 -999 -999 -999 -999 -999 -999 -999
105 111 111 112 114 109 111 112 111 110 110 112 112 115 113 108 106 105 110 110 114 111 113 114 114 116 121 117 121 125 126 127 126 125 123 122 120 125 126 126 126 126 120 126 125 116 116 118 118 113 111 110 110 106 107 109 110 111 110 112 113 115 -999 -999 -999 -999 -999 -999 -999 -999 -999 -999 -999 -999 -999 -999 -999 -999 -999 -999 -999 -999 -999 -999 -999 -999 -999 -999 -999 -999 -999 -999 -999 -999 -999 -999
108 111 111 113 109 114 115 109 113 113 112 116 117 116 112 110 107 109 105 112 113 115 116 115 121 123 121 122 125 123 127 126 127 125 120 124 124 122 126 125 123 121 115 118 118 114 115 119 112 116 111 111 107 106 108 109 109 110 109 111 112 -999 -999 -999 -999 -999 -999 -999 -999 -999 -999 -999 -999 -999 -999 -999 -999 -999 -999 -999 -999 -999 -999 -999 -999 -999 -999 -999 -999 -999 -999 -999 -999 -999 -999 -999
111 106 112 115 112 113 111 107 109 110 112 112 111 109 108 107 109 111 115 116 113 112 119 120 121 123 124 127 126 126 127 127 129 124 121 123 122 124 124 126 124 121 117 116 111 113 116 120 118 111 113 107 107 106 106 109 108 109 108 110 -999 -999 -999 -999 -999 -999 -999 -999 -999 -999 -999 -999 -999 -999 -999 -999 -999 -999 -999 -999 -999 -999 -999 -999 -999 -999 -999 -999 -999 -999 -999 -999 -999 -999 -999 -999
106 106 105 112 115 112 109 107 107 106 106 111 108 109 108 114 115 113 114 109 114 113 113 119 124 125 123 125 127 124 124 126 127 125 126 122 125 123 125 125 122 122 126 122 118 111 116 120 118 114 108 107 106 106 107 108 108 109 110 -999 -999 -999 -999 -999 -999 -999 -999 -999 -999 -999 -999 -999 -999 -999 -999 -999 -999 -999 -999 -999 -999 -999 -999 -999 -999 -999 -999 -999 -999 -999 -999 -999 -999 -999 -999 -999
110 107 107 114 107 109 112 105 106 104 107 113 113 112 113 111 117 115 117 113 113 114 116 124 124 130 126 125 129 127 126 129 127 127 125 124 125 126 125 126 115 120 120 122 122 116 114 110 109 109 109 107 106 106 107 107 107 107 -999 -999 -999 -999 -999 -999 -999 -999 -999 -999 -999 -999 -999 -999 -999 -999 -999 -999 -999 -999 -999 -999 -999 -999 -999 -999 -999 -999 -999 -999 -999 -999 -999 -999 -999 -999 -999 -999
107 113 108 112 110 110 105 107 109 110 110 111 116 115 116 119 119 121 120 122 120 120 123 123 126 131 133 131 128 130 126 126 126 124 124 121 123 123 126 121 117 112 113 117 117 115 110 109 109 108 108 106 108 107 107 107 -999 -999 -999 -999 -999 -999 -999 -999 -999 -999 -999 -999 -999 -999 -999 -999 -999 -999 -999 -999 -999 -999 -999 -999 -999 -999 -999 -999 -999 -999 -999 -999 -999 -999 -999 -999 -999 -999 -999 -999
113 111 111 110 107 110 107 109 106 109 113 119 116 116 120 121 116 116 121 120 121 121 122 129 122 128 133 136 129 127 128 129 128 128 122 125 118 118 126 129 125 115 112 110 110 109 109 108 109 108 107 107 107 -999 -999 -999 -999 -999 -999 -999 -999 -999 -999 -999 -999 -999 -999 -999 -999 -999 -999 -999 -999 -999 -999 -999 -999 -999 -999 -999 -999 -999 -999 -999 -999 -999 -999 -999 -999 -999 -999 -999 -999 -999 -999 -999
112 115 110 111 106 109 107 109 108 107 113 115 117 113 116 118 117 119 117 119 121 123 127 126 125 125 133 132 128 124 123 128 128 129 126 118 122 117 122 128 117 111 110 110 109 110 109 -999 -999 -999 -999 -999 -999 -999 -999 -999 -999 -999 -999 -999 -999 -999 -999 -999 -999 -999 -999 -999 -999 -999 -999 -999 -999 -999 -999 -999 -999 -999 -999 -999 -999 -999 -999 -999 -999 -999 -999 -999 -999 -999 -999 -999 -999 -999 -999 -999
113 112 113 112 106 114 108 108 114 115 112 117 113 117 115 117 114 120 120 114 120 129 131 126 134 131 127 132 130 126 129 126 129 130 130 124 121 116 120 113 115 109 109 -999 -999 -999 -999 -999 -999 -999 -999 -999 -999 -999 -999 -999 -999 -999 -999 -999 -999 -999 -999 -999 -999 -999 -999 -999 -999 -999 -999 -999 -999 -999 -999 -999 -999 -999 -999 -999 -999 -999 -999 -999 -999 -999 -999 -999 -999 -999 -999 -999 -999 -999 -999 -999
119 112 113 113 113 113 117 115 113 114 120 118 122 118 113 116 117 119 120 119 124 127 126 131 128 132 129 124 129 124 127 126 129 132 122 128 121 117 114 111 111 110 -999 -999 -999 -999 -999 -999 -999 -999 -999 -999 -999 -999 -999 -999 -999 -999 -999 -999 -999 -999 -999 -999 -999 -999 -999 -999 -999 -999 -999 -999 -999 -999 -999 -999 -999 -999 -999 -999 -999 -999 -999 -999 -999 -999 -999 -999 -999 -999 -999 -999 -999 -999 -999 -999
109 110 109 108 108 108 111 113 114 123 118 115 119 122 115 113 120 107 110 112 112 122 113 116 122 134 128 127 121 122 128 128 122 129 123 117 120 112 112 110 109 -999 -999 -999 -999 -999 -999 -999 -999 -999 -999 -999 -999 -999 -999 -999 -999 -999 -999 -999 -999 -999 -999 -999 -999 -999 -999 -999 -999 -999 -999 -999 -999 -999 -999 -999 -999 -999 -999 -999 -999 -999 -999 -999 -999 -999 -999 -999 -999 -999 -999 -999 -999 -999 -999 -999
110 110 110 109 110 109 111 114 114 115 113 110 118 119 114 111 109 107 109 110 108 110 113 115 118 120 119 130 130 119 123 121 118 116 115 114 114 113 -999 -999 -999 -999 -999 -999 -999 -999 -999 -999 -999 -999 -999 -999 -999 -999 -999 -999 -999 -999 -999 -999 -999 -999 -999 -999 -999 -999 -999 -999 -999 -999 -999 -999 -999 -999 -999 -999 -999 -999 -999 -999 -999 -999 -999 -999 -999 -999 -999 -999 -999 -999 -999 -999 -999 -999 -999 -999
112 112 111 110 110 111 113 112 113 112 112 110 109 108 108 111 109 108 109 109 110 111 115 117 119 118 118 117 119 119 119 118 117 115 114 114 112 -999 -999 -999 -999 -999 -999 -999 -999 -999 -999 -999 -999 -999 -999 -999 -999 -999 -999 -999 -999 -999 -999 -999 -999 -999 -999 -999 -999 -999 -999 -999 -999 -999 -999 -999 -999 -999 -999 -999 -999 -999 -999 -999 -999 -999 -999 -999 -999 -999 -999 -999 -999 -999 -999 -999 -999 -999 -999 -999
111 111 109 111 111 110 110 111 110 111 112 110 109 109 109 111 110 112 112 116 115 117 115 116 120 121 119 117 117 117 118 118 115 114 111 110 112 -999 -999 -999 -999 -999 -999 -999 -999 -999 -999 -999 -999 -999 -999 -999 -999 -999 -999 -999 -999 -999 -999 -999 -999 -999 -999 -999 -999 -999 -999 -999 -999 -999 -999 -999 -999 -999 -999 -999 -999 -999 -999 -999 -999 -999 -999 -999 -999 -999 -999 -999 -999 -999 -999 -999 -999 -999 -999 -999
108 108 109 110 109 109 110 112 111 112 112 113 112 112 112 112 112 116 117 117 117 117 115 117 120 120 120 118 117 115 114 115 114 111 111 110 -999 -999 -999 -999 -999 -999 -999 -999 -999 -999 -999 -999 -999 -999 -999 -999 -999 -999 -999 -999 -999 -999 -999 -999 -999 -999 -999 -999 -999 -999 -999 -999 -999 -999 -999 -999 -999 -999 -999 -999 -999 -999 -999 -999 -999 -999 -999 -999 -999 -999 -999 -999 -999 -999 -999 -999 -999 -999 -999 -999
110 109 108 108 108 110 113 115 115 115 115 115 111 115 115 116 116 116 118 117 117 114 115 120 121 121 122 119 118 116 114 115 114 112 109 -999 -999 -999 -999 -999 -999 -999 -999 -999 -999 -999 -999 -999 -999 -999 -999 -999 -999 -999 -999 -999 -999 -999 -999 -999 -999 -999 -999 -999 -999 -999 -999 -999 -999 -999 -999 -999 -999 -999 -999 -999 -999 -999 -999 -999 -999 -999 -999 -999 -999 -999 -999 -999 -999 -999 -999 -999 -999 -999 -999 -999
111 108 109 110 110 113 115 116 116 117 116 116 115 116 117 117 117 118 118 117 115 116 120 120 122 121 118 118 117 116 115 114 112 112 -999 -999 -999 -999 -999 -999 -999 -999 -999 -999 -999 -999 -999 -999 -999 -999 -999 -999 -999 -999 -999 -999 -999 -999 -999 -999 -999 -999 -999 -999 -999 -999 -999 -999 -999 -999 -999 -999 -999 -999 -999 -999 -999 -999 -999 -999 -999 -999 -999 -999 -999 -999 -999 -999 -999 -999 -999 -999 -999 -999 -999 -999
112 111 112 114 115 116 116 117 118 118 117 116 116 117 117 117 118 119 118 116 116 116 119 121 123 119 117 116 -999 -999 -999 -999 -999 -999 -999 -999 -999 -999 -999 -999 -999 -999 -999 -999 -999 -999 -999 -999 -999 -999 -999 -999 -999 -999 -999 -999 -999 -999 -999 -999 -999 -999 -999 -999 -999 -999 -999 -999 -999 -999 -999 -999 -999 -999 -999 -999 -999 -999 -999 -999 -999 -999 -999 -999 -999 -999 -999 -999 -999 -999 -999 -999 -999 -999 -999 -999
113 120 117 120 120 117 120 123 124 121 123 121 122 118 120 121 119 119 118 116 120 120 121 121 123 121 117 -999 -999 -999 -999 -999 -999 -999 -999 -999 -999 -999 -999 -999 -999 -999 -999 -999 -999 -999 -999 -999 -999 -999 -999 -999 -999 -999 -999 -999 -999 -999 -999 -999 -999 -999 -999 -999 -999 -999 -999 -999 -999 -999 -999 -999 -999 -999 -999 -999 -999 -999 -999 -999 -999 -999 -999 -999 -999 -999 -999 -999 -999 -999 -999 -999 -999 -999 -999 -999
121 120 118 121 120 121 122 124 121 123 125 124 122 123 121 121 120 120 116 117 120 120 122 125 125 125 117 -999 -999 -999 -999 -999 -999 -999 -999 -999 -999 -999 -999 -999 -999 -999 -999 -999 -999 -999 -999 -999 -999 -999 -999 -999 -999 -999 -999 -999 -999 -999 -999 -999 -999 -999 -999 -999 -999 -999 -999 -999 -999 -999 -999 -999 -999 -999 -999 -999 -999 -999 -999 -999 -999 -999 -999 -999 -999 -999 -999 -999 -999 -999 -999 -999 -999 -999 -999 -999
123 122 120 121 121 122 120 123 122 125 125 123 124 121 123 121 121 115 116 123 124 123 125 131 127 129 -999 -999 -999 -999 -999 -999 -999 -999 -999 -999 -999 -999 -999 -999 -999 -999 -999 -999 -999 -999 -999 -999 -999 -999 -999 -999 -999 -999 -999 -999 -999 -999 -999 -999 -999 -999 -999 -999 -999 -999 -999 -999 -999 -999 -999 -999 -999 -999 -999 -999 -999 -999 -999 -999 -999 -999 -999 -999 -999 -999 -999 -999 -999 -999 -999 -999 -999 -999 -999 -999
123 118 122 122 123 124 122 124 124 124 125 125 124 123 124 120 120 121 127 130 131 121 124 125 125 119 -999 -999 -999 -999 -999 -999 -999 -999 -999 -999 -999 -999 -999 -999 -999 -999 -999 -999 -999 -999 -999 -999 -999 -999 -999 -999 -999 -999 -999 -999 -999 -999 -999 -999 -999 -999 -999 -999 -999 -999 -999 -999 -999 -999 -999 -999 -999 -999 -999 -999 -999 -999 -999 -999 -999 -999 -999 -999 -999 -999 -999 -999 -999 -999 -999 -999 -999 -999 -999 -999
123 123 121 124 123 120 123 124 124 124 124 124 124 124 120 118 118 120 123 125 122 122 124 122 117 -999 -999 -999 -999 -999 -999 -999 -999 -999 -999 -999 -999 -999 -999 -999 -999 -999 -999 -999 -999 -999 -999 -999 -999 -999 -999 -999 -999 -999 -999 -999 -999 -999 -999 -999 -999 -999 -999 -999 -999 -999 -999 -999 -999 -999 -999 -999 -999 -999 -999 -999 -999 -999 -999 -999 -999 -999 -999 -999 -999 -999 -999 -999 -999 -999 -999 -999 -999 -999 -999 -999
122 124 123 122 122 123 123 125 125 125 126 129 123 120 119 117 122 124 124 123 124 123 116 -999 -999 -999 -999 -999 -999 -999 -999 -999 -999 -999 -999 -999 -999 -999 -999 -999 -999 -999 -999 -999 -999 -999 -999 -999 -999 -999 -999 -999 -999 -999 -999 -999 -999 -999 -999 -999 -999 -999 -999 -999 -999 -999 -999 -999 -999 -999 -999 -999 -999 -999 -999 -999 -999 -999 -999 -999 -999 -999 -999 -999 -999 -999 -999 -999 -999 -999 -999 -999 -999 -999 -999 -999
126 126 125 124 124 121 122 124 123 129 130 122 121 122 122 123 123 124 124 123 122 116 -999 -999 -999 -999 -999 -999 -999 -999 -999 -999 -999 -999 -999 -999 -999 -999 -999 -999 -999 -999 -999 -999 -999 -999 -999 -999 -999 -999 -999 -999 -999 -999 -999 -999 -999 -999 -999 -999 -999 -999 -999 -999 -999 -999 -999 -999 -999 -999 -999 -999 -999 -999 -999 -999 -999 -999 -999 -999 -999 -999 -999 -999 -999 -999 -999 -999 -999 -999 -999 -999 -999 -999 -999 -999
129 128 125 121 123 121 122 123 122 121 121 132 132 133 129 122 126 125 125 121 121 114 -999 -999 -999 -999 -999 -999 -999 -999 -999 -999 -999 -999 -999 -999 -999 -999 -999 -999 -999 -999 -999 -999 -999 -999 -999 -999 -999 -999 -999 -999 -999 -999 -999 -999 -999 -999 -999 -999 -999 -999 -999 -999 -999 -999 -999 -999 -999 -999 -999 -999 -999 -999 -999 -999 -999 -999 -999 -999 -999 -999 -999 -999 -999 -999 -999 -999 -999 -999 -999 -999 -999 -999 -999 -999
130 126 124 124 123 121 122 120 122 125 135 138 134 131 125 124 125 125 120 -999 -999 -999 -999 -999 -999 -999 -999 -999 -999 -999 -999 -999 -999 -999 -999 -999 -999 -999 -999 -999 -999 -999 -999 -999 -999 -999 -999 -999 -999 -999 -999 -999 -999 -999 -999 -999 -999 -999 -999 -999 -999 -999 -999 -999 -999 -999 -999 -999 -999 -999 -999 -999 -999 -999 -999 -999 -999 -999 -999 -999 -999 -999 -999 -999 -999 -999 -999 -999 -999 -999 -999 -999 -999 -999 -999 -999
