Climate/data/grids_germany_multi_annual_air_temp_mean_1981-2010_11.asc
NCOLS 654
NROWS 866
XLLCORNER 3280414.711633467
YLLCORNER 5237500.62890625
CELLSIZE 1000
NODATA_VALUE -999
[rows 318 to 370 of 866, columns 288 to 383 of 654]
55 55 56 56 55 55 54 55 54 53 53 53 53 53 53 53 53 53 52 53 54 54 53 54 54 54 53 53 54 53 54 53 54 53 54 53 52 51 51 52 52 52 52 52 51 50 50 49 49 47 44 41 41 41 40 42 44 45 47 48 49 49 50 49 50 49 49 49 49 51 51 48 49 47 46 46 46 46 48 48 49 47 48 49 49 48 48 47 47 47 48 48 49 49 49 48
55 55 55 55 55 55 54 54 54 54 53 53 52 52 52 52 51 52 52 53 53 54 54 53 53 53 53 53 54 53 53 53 53 53 53 53 53 51 50 51 52 51 52 52 52 51 50 50 50 48 47 46 44 43 42 43 44 45 46 46 47 48 49 49 49 49 49 49 49 50 50 49 49 49 47 45 45 46 46 47 49 47 46 47 49 49 48 47 47 46 47 48 48 48 48 48
55 55 55 55 55 55 54 54 54 54 54 52 52 51 50 51 52 53 53 53 53 54 54 53 53 53 53 53 53 53 53 53 53 53 54 53 53 52 51 51 51 51 52 52 52 52 51 51 50 49 49 48 48 46 46 45 45 45 46 44 45 46 47 48 49 50 50 49 49 50 50 50 50 48 48 47 46 46 45 47 47 48 47 47 47 49 49 48 47 47 47 48 48 48 47 47
55 55 55 55 55 55 54 54 54 54 54 52 52 51 52 52 53 53 53 53 54 54 53 54 53 53 53 53 53 53 53 53 53 53 54 53 53 53 51 51 52 53 53 53 52 52 52 51 50 50 49 50 50 49 48 48 47 46 46 44 43 43 44 46 48 50 50 49 49 49 50 49 51 49 48 47 48 48 47 46 47 48 47 47 47 47 49 48 47 47 48 48 49 49 47 47
55 55 55 55 54 54 54 54 53 54 53 53 52 53 54 53 53 53 54 54 54 54 54 54 53 53 53 53 53 53 53 53 53 53 53 53 54 54 53 53 53 52 51 51 52 52 52 52 51 51 52 51 51 50 49 50 47 47 46 44 43 41 42 43 47 50 50 50 50 49 50 50 50 50 49 49 48 48 48 48 48 48 49 47 47 47 47 48 47 47 48 48 48 48 48 48
55 54 54 54 54 53 52 53 53 53 52 51 52 53 53 53 54 54 55 55 54 55 54 54 54 54 53 53 53 53 53 53 53 53 52 52 54 54 54 54 54 53 51 47 49 52 52 52 52 52 52 52 52 51 51 49 48 47 47 46 43 42 41 42 45 48 49 50 50 50 51 50 50 50 49 48 48 46 47 47 47 49 49 48 47 47 46 47 47 48 48 48 48 48 48 47
52 53 53 54 54 53 50 51 51 52 50 49 51 51 52 53 54 54 54 54 54 54 55 54 54 54 52 53 53 53 53 53 51 52 52 51 53 54 54 53 53 53 52 48 48 45 51 51 52 52 52 51 52 52 51 48 48 49 48 48 47 45 45 44 45 48 50 50 51 51 51 51 50 50 50 48 48 47 46 46 46 47 47 48 48 47 46 46 48 48 49 48 48 49 48 47
52 49 51 51 52 52 51 50 50 51 51 52 53 53 53 54 54 53 51 52 53 52 53 54 54 54 54 53 53 53 53 52 52 50 50 49 53 54 54 54 52 53 53 51 49 47 48 50 49 50 51 51 51 51 51 50 48 49 48 49 49 49 48 47 48 50 50 51 51 50 51 51 51 50 48 48 49 49 48 46 45 46 47 47 48 47 48 46 46 47 48 48 49 49 48 48
54 52 52 52 52 50 52 52 51 51 49 53 54 54 54 54 53 51 51 47 49 51 52 52 54 54 54 54 54 54 54 54 52 51 49 51 51 54 54 53 52 53 52 51 50 49 49 48 47 49 49 50 51 52 51 51 49 50 50 49 50 51 50 50 50 50 51 51 51 51 51 51 50 50 49 49 49 49 48 47 46 46 46 47 46 47 47 47 47 47 48 49 48 49 49 48
54 53 54 54 53 54 53 52 52 53 52 54 53 53 49 49 50 48 51 51 49 49 48 50 53 54 54 54 54 54 54 53 53 52 48 48 51 53 54 54 54 53 53 51 50 51 49 49 49 49 49 51 51 52 52 51 50 51 50 51 51 51 51 50 52 52 52 51 51 51 51 50 50 50 50 50 50 50 48 49 48 47 46 45 45 46 45 46 47 48 48 49 48 50 48 49
55 55 55 54 54 54 54 54 54 53 53 54 54 54 53 51 53 51 48 50 52 51 49 52 52 53 53 54 54 54 54 54 53 52 50 48 50 52 54 54 54 54 53 52 53 52 52 51 50 50 51 51 51 52 52 52 51 51 51 52 52 52 51 52 52 52 51 50 49 49 49 50 50 50 50 50 50 50 49 49 48 47 45 45 45 45 45 46 47 48 48 49 49 50 48 47
55 56 55 55 55 55 54 53 53 54 54 53 52 53 53 53 50 51 51 53 53 52 49 49 49 52 53 54 53 53 53 54 53 52 50 48 51 53 54 54 53 53 53 52 51 51 52 51 51 50 49 50 51 52 52 52 50 50 51 49 51 52 52 52 52 52 52 51 51 51 51 51 51 50 51 51 51 51 50 50 48 47 47 46 45 45 45 46 47 48 49 48 49 50 49 48
53 52 55 53 51 51 50 50 51 49 54 53 53 51 53 53 53 53 53 53 53 52 51 49 48 49 51 53 53 53 53 53 53 52 51 49 49 53 54 53 52 52 53 53 53 53 52 52 52 52 53 51 50 51 52 52 52 51 48 49 50 51 52 52 52 53 52 53 52 51 51 52 51 51 51 51 51 51 50 50 50 49 50 47 45 46 45 46 46 47 49 50 50 49 49 48
53 51 55 53 46 48 50 52 52 53 54 52 53 51 48 51 53 53 52 53 53 52 51 50 48 50 50 53 53 53 53 53 53 53 52 50 51 52 54 53 53 53 53 52 52 52 53 52 52 52 52 52 52 51 51 52 51 52 51 51 50 52 52 52 52 53 52 52 52 53 52 52 52 51 51 51 51 50 50 50 50 50 49 49 48 47 46 47 48 49 49 49 50 50 49 48
51 54 52 53 53 48 50 50 49 54 53 52 52 52 49 50 53 53 52 52 51 51 51 49 46 50 51 52 53 53 53 53 52 52 52 51 51 53 54 53 53 53 53 53 52 53 52 53 52 52 52 52 52 51 51 52 52 52 53 53 52 51 52 53 53 53 53 53 53 53 52 52 51 51 51 51 51 51 51 50 51 51 51 48 48 49 49 49 49 50 50 50 49 49 49 48
54 51 46 48 50 52 51 46 52 54 50 52 52 51 49 49 51 53 54 52 51 51 52 50 50 51 52 53 53 53 54 53 52 52 53 53 54 54 54 54 53 53 52 52 53 53 54 54 53 53 52 52 52 52 52 53 53 53 53 53 53 53 53 52 53 53 53 53 53 53 53 52 52 52 52 52 52 52 52 52 52 51 50 49 50 50 50 50 50 50 50 50 49 49 49 49
54 50 51 51 50 51 49 50 53 53 51 49 51 51 50 47 50 53 54 54 53 52 52 52 52 52 52 51 53 53 53 54 52 51 53 54 54 54 54 54 54 54 53 53 53 53 53 53 53 52 53 53 53 52 52 52 53 53 52 52 52 52 51 52 52 53 53 53 53 53 53 53 52 52 52 52 52 52 52 52 52 52 51 51 51 51 50 50 50 50 51 50 50 50 50 50
54 53 53 51 46 50 51 52 53 52 52 50 50 51 48 46 49 52 53 54 53 53 53 53 52 52 51 51 52 53 53 52 54 54 54 53 54 54 54 54 54 53 53 53 53 53 53 49 50 49 50 52 53 53 52 53 53 53 52 52 52 52 51 51 51 52 51 52 52 53 53 53 53 53 52 52 52 52 52 52 52 52 52 52 52 52 52 52 51 52 51 51 51 50 50 50
54 52 50 53 52 53 53 53 54 53 53 51 50 50 49 45 48 50 53 53 54 53 53 53 52 49 49 47 51 52 53 52 53 53 52 52 53 54 54 54 53 54 52 53 53 51 51 46 45 46 47 49 51 53 52 52 53 53 52 52 52 52 51 50 51 50 50 50 51 52 52 52 53 52 51 51 51 51 51 52 52 52 52 52 52 52 52 52 52 52 51 50 50 50 50 51
53 52 52 51 52 53 53 53 53 53 53 52 50 48 49 49 47 49 52 53 53 53 53 53 52 52 50 43 50 52 52 52 53 51 51 52 54 54 54 54 53 53 52 50 53 51 48 48 46 44 45 47 50 52 53 52 52 53 51 51 50 51 50 50 50 50 51 51 51 51 52 52 52 52 52 51 51 51 51 52 52 52 52 52 52 52 52 52 52 52 51 51 51 51 51 51
51 49 52 51 51 51 52 53 53 53 53 52 50 50 50 49 47 50 52 52 51 50 51 52 52 52 51 51 50 49 51 51 52 52 51 52 54 54 54 54 53 53 54 53 52 53 51 50 47 45 45 46 49 51 53 52 51 51 50 50 50 51 50 50 51 50 50 51 51 51 51 52 52 52 52 52 51 50 51 51 52 52 52 52 52 52 52 52 52 52 52 52 51 51 51 51
51 48 49 50 50 50 51 52 53 53 53 52 50 50 50 51 48 51 53 49 49 46 46 50 51 52 52 50 49 48 51 51 52 51 51 53 54 53 54 55 55 53 52 54 54 52 52 50 50 48 46 45 49 51 52 51 51 48 48 48 50 51 49 50 51 51 51 51 51 52 52 51 51 51 51 51 51 51 51 51 52 52 52 52 52 52 52 52 52 52 52 51 52 52 51 51
48 49 49 45 47 48 49 51 53 52 52 52 51 50 50 50 49 51 52 50 49 45 48 50 51 52 50 50 48 47 49 51 50 50 51 53 53 54 53 53 53 53 54 54 54 54 53 53 52 50 49 49 50 52 52 51 50 47 46 46 49 50 49 49 50 50 51 51 51 51 51 49 49 49 49 49 49 50 50 51 52 52 52 51 52 52 51 51 51 51 52 51 50 51 51 51
45 49 50 45 44 45 49 51 52 52 51 51 50 47 48 49 50 51 50 50 50 48 50 51 50 50 50 50 48 45 45 49 51 51 53 52 52 53 53 53 54 54 53 52 53 54 54 53 53 52 51 51 51 53 51 51 51 50 47 46 47 49 49 48 49 49 50 50 49 50 49 46 47 47 48 48 50 51 51 52 52 51 51 51 51 51 51 51 51 51 52 51 51 51 51 51
44 49 50 50 48 46 46 50 52 53 52 51 51 47 48 48 50 50 50 49 49 48 48 49 49 50 50 50 48 48 45 45 48 52 52 51 48 51 52 52 54 54 52 52 51 51 53 52 53 53 52 51 51 52 50 50 50 50 48 47 45 47 48 49 47 46 46 46 46 46 45 46 47 47 48 50 50 51 52 51 52 52 52 51 51 51 51 51 51 51 52 51 51 51 52 51
46 49 48 48 47 48 49 51 52 53 50 48 49 49 49 45 50 50 50 49 48 46 48 49 50 49 49 49 49 47 45 45 45 48 51 52 51 49 49 51 53 54 52 51 51 51 50 51 53 51 53 52 52 51 50 52 52 49 49 47 45 45 44 46 48 46 44 45 45 43 45 46 47 47 48 48 49 51 52 51 51 52 51 51 51 51 51 51 51 51 51 51 51 51 51 51
49 48 48 43 48 46 48 50 50 53 51 48 45 44 44 49 49 49 49 48 50 47 48 49 50 49 49 48 47 47 47 48 49 49 51 51 52 52 53 53 53 52 51 51 51 50 50 51 52 53 52 52 52 52 50 50 51 51 50 48 47 45 44 45 42 46 45 43 40 46 46 49 49 49 48 49 50 51 52 51 51 51 51 51 51 51 51 51 51 51 51 51 51 51 51 50
48 46 47 47 47 48 50 51 51 52 49 49 47 47 46 48 48 48 47 48 48 47 48 49 49 49 49 49 48 48 48 49 49 49 50 51 52 52 52 51 52 51 51 50 50 50 50 50 51 52 51 52 52 51 50 49 51 50 49 49 48 48 47 48 47 46 46 46 47 48 48 50 50 50 50 50 51 52 52 52 51 52 51 51 51 51 50 49 48 49 50 51 51 51 51 51
49 49 45 46 46 47 50 51 52 52 51 47 45 43 43 47 44 43 40 38 41 46 48 49 48 47 48 48 48 47 47 47 47 49 50 51 52 51 52 51 51 52 50 50 51 50 50 49 49 50 51 51 51 50 50 49 49 50 50 50 48 47 48 49 49 49 48 49 49 49 50 50 51 51 51 52 52 52 52 52 52 52 52 50 51 51 50 49 49 49 48 49 51 51 52 51
50 49 48 45 48 49 49 50 52 52 51 49 46 48 48 44 42 38 40 30 35 40 48 47 48 47 48 47 47 46 46 47 47 48 50 51 51 51 51 52 52 52 51 51 51 50 49 49 49 51 50 51 51 51 50 49 49 49 50 50 49 48 48 49 50 50 50 50 51 51 50 50 51 51 51 52 52 52 52 52 52 52 52 51 50 50 50 48 48 48 49 49 48 50 51 51
50 50 50 47 46 46 50 50 51 52 50 51 50 49 48 43 37 39 35 39 43 47 42 47 46 46 46 47 47 46 46 44 44 45 50 51 51 51 51 51 52 52 51 50 50 49 49 48 48 50 50 50 50 50 50 49 48 49 48 50 50 49 49 49 50 49 49 50 50 51 50 51 51 51 51 51 51 52 52 52 52 52 52 51 50 48 49 49 46 46 47 48 49 48 51 50
50 50 50 49 48 44 44 49 50 51 51 52 50 50 49 43 34 31 41 44 44 42 45 42 39 40 42 35 42 44 45 45 48 49 49 50 50 50 50 51 51 50 50 49 49 49 48 48 47 50 51 50 50 49 49 49 48 48 50 48 49 49 49 49 49 50 50 51 51 51 50 51 51 51 51 51 51 51 52 52 52 52 52 52 51 50 48 47 47 46 45 45 47 48 50 49
51 52 51 51 49 47 44 43 49 50 50 49 48 50 47 42 37 32 38 43 39 43 44 40 41 41 42 36 40 43 44 43 45 50 49 46 47 51 51 52 51 49 47 46 47 49 48 46 49 50 50 50 49 49 49 49 49 49 49 49 48 49 48 49 49 50 50 51 51 51 51 52 50 50 51 51 51 51 53 52 52 52 52 51 51 50 48 48 48 47 47 46 45 47 49 50
50 51 52 51 50 50 47 45 47 51 50 49 49 47 44 38 35 34 42 42 38 40 39 39 40 39 42 37 42 39 33 37 36 47 38 45 47 48 50 49 50 47 44 43 46 47 47 47 48 48 49 50 49 49 48 48 48 48 48 48 48 48 48 49 50 50 50 51 50 50 51 51 52 52 52 52 52 52 53 53 53 53 52 52 52 51 49 47 48 47 47 46 45 46 47 49
49 51 50 50 49 49 47 45 48 51 49 50 49 49 46 43 34 30 34 40 41 35 30 35 35 34 34 36 28 39 33 34 39 43 34 36 42 47 49 47 46 43 31 32 46 47 44 46 48 48 49 49 49 49 49 48 48 48 49 48 48 49 49 50 50 50 50 50 50 51 51 51 50 51 52 52 52 52 53 53 52 52 53 51 52 52 50 48 47 48 47 47 47 46 46 47
49 48 50 47 47 47 47 44 45 51 50 50 48 47 42 39 40 36 32 41 37 32 31 28 30 33 33 37 30 35 28 28 37 36 29 31 34 39 41 40 42 32 35 43 40 40 44 45 46 46 48 48 48 48 48 49 48 48 49 49 49 49 49 50 49 49 50 50 50 50 51 51 50 50 50 51 52 52 52 52 52 52 52 51 51 51 52 51 48 48 48 48 48 48 46 46
51 51 51 51 49 47 47 46 44 50 49 49 49 46 41 35 31 31 29 35 38 30 26 26 32 25 25 27 27 30 26 25 33 34 30 28 32 32 39 38 37 30 41 36 30 33 44 43 44 46 47 47 47 46 47 49 48 49 49 49 49 49 50 49 48 48 50 49 50 50 51 50 50 51 51 51 50 50 50 51 52 52 52 51 51 52 53 51 51 49 48 49 49 49 47 47
52 49 49 50 51 51 50 47 46 49 48 48 47 46 43 37 35 30 30 40 28 31 29 28 26 23 31 21 25 29 28 32 38 29 30 27 29 31 39 31 32 35 38 30 30 35 40 35 38 42 44 46 47 49 48 49 48 48 48 47 48 48 50 50 49 48 48 50 51 50 50 48 50 50 51 51 52 50 48 50 52 52 52 51 52 53 53 53 52 52 50 50 50 50 49 47
50 49 45 47 50 50 49 48 48 47 47 48 48 47 42 39 30 26 35 36 30 31 30 29 26 23 18 24 26 24 31 32 29 27 26 25 27 33 35 29 30 31 31 31 28 34 42 29 36 41 44 45 46 48 48 47 47 46 47 47 47 48 48 50 49 48 48 50 50 49 49 50 50 51 51 52 52 52 50 50 51 52 52 51 53 53 52 53 52 52 51 51 51 51 51 49
47 50 45 44 45 48 48 49 49 46 47 45 47 46 43 39 38 29 37 27 34 29 28 27 29 22 22 28 30 30 34 36 33 30 29 26 28 27 31 26 29 26 26 31 35 39 28 33 31 34 32 42 42 44 48 47 45 42 45 44 47 47 48 50 49 50 50 50 49 49 47 46 50 49 50 50 52 53 52 52 51 52 52 52 52 52 52 52 52 52 52 51 51 51 51 50
52 49 44 42 44 42 46 46 47 47 44 45 43 44 43 41 33 33 29 35 37 33 31 28 28 28 28 32 31 30 35 32 34 35 32 24 26 27 29 25 27 27 26 27 30 29 28 28 30 35 39 40 46 42 41 42 47 35 45 41 44 43 44 46 48 49 50 49 49 50 50 49 50 51 52 52 52 52 53 53 53 53 53 52 52 52 52 52 52 52 52 52 51 51 51 50
52 52 48 44 45 46 46 44 45 43 41 42 39 45 44 40 38 28 34 35 27 26 27 25 26 25 29 28 31 31 31 34 34 29 26 29 23 25 27 24 25 24 20 24 29 26 23 26 27 37 39 43 42 40 36 34 39 38 36 40 39 39 44 45 46 47 49 50 50 50 48 50 50 50 52 52 52 52 53 52 52 53 52 51 51 51 51 51 51 51 52 52 52 51 51 50
51 52 51 50 44 42 44 46 47 44 42 40 45 45 43 40 34 39 28 32 27 28 31 29 27 27 28 28 29 29 31 28 27 27 27 29 21 18 22 20 24 19 10 19 23 25 21 26 28 29 33 33 32 35 34 37 36 38 35 35 36 39 39 45 46 47 47 48 50 50 50 50 51 50 51 51 52 52 51 51 52 53 53 51 51 51 51 51 51 51 52 52 51 51 51 50
46 50 52 48 45 45 46 48 47 47 41 39 46 46 40 39 41 39 36 28 31 31 28 28 27 27 26 27 28 31 30 31 28 26 24 23 24 16 16 18 18 13 4 6 16 15 21 23 25 26 28 37 31 32 33 33 34 33 33 35 34 37 42 41 43 46 47 50 50 50 50 50 49 49 49 49 51 52 52 52 52 53 52 52 52 52 51 51 51 51 52 52 51 51 50 49
47 47 46 51 50 48 48 49 49 48 46 45 43 47 45 42 38 40 33 32 29 31 26 25 26 25 26 26 28 28 29 28 24 25 18 12 15 16 15 15 12 11 5 3 12 12 22 12 15 24 27 31 30 32 31 31 31 32 33 33 36 38 35 41 40 42 48 48 50 50 51 50 50 51 51 51 51 49 52 52 52 52 52 52 51 51 51 51 51 51 51 52 51 50 50 50
46 47 48 50 50 50 50 49 48 49 46 43 43 47 45 43 42 38 31 27 29 28 27 26 28 27 25 24 25 29 28 24 25 17 12 10 15 17 16 13 11 9 7 10 6 11 12 15 12 20 26 31 31 30 30 31 31 33 33 33 32 34 34 37 37 42 43 45 46 50 50 50 51 51 51 51 52 52 52 52 52 52 50 49 51 52 51 51 50 50 51 51 51 50 50 49
49 49 50 50 48 49 47 47 49 48 45 45 44 48 46 45 44 40 34 28 27 29 27 28 28 26 29 26 32 29 25 23 16 13 10 12 15 19 16 14 14 14 15 10 17 16 12 18 21 22 28 30 30 30 31 33 33 33 32 31 31 32 34 35 41 40 45 45 46 47 48 49 50 51 51 52 52 52 53 52 51 52 52 52 51 51 50 49 49 50 50 50 51 51 50 49
50 50 48 49 48 45 44 44 47 49 45 43 48 48 47 46 43 38 34 31 32 29 28 26 25 26 31 30 31 31 29 16 14 16 17 16 17 19 16 12 15 16 17 19 20 20 18 23 24 26 30 31 31 32 32 32 32 33 32 33 36 32 33 34 37 41 44 45 47 48 48 51 51 51 52 52 53 52 53 52 51 51 51 51 51 51 50 50 50 50 50 50 50 49 50 49
49 49 48 47 46 42 41 44 49 47 46 42 47 48 42 46 42 41 38 37 36 32 33 33 29 33 33 36 33 25 21 18 14 24 19 16 15 20 20 14 13 16 11 7 15 18 23 25 27 29 31 30 33 32 32 30 32 33 34 34 34 37 36 35 36 37 43 41 43 44 47 50 49 50 52 52 51 52 53 51 51 51 51 51 51 51 50 49 49 50 50 50 49 49 50 50
46 47 47 47 47 44 46 47 48 47 42 41 49 48 44 46 44 43 41 37 38 31 31 34 34 36 37 33 25 26 16 12 18 22 21 17 14 15 23 18 17 17 21 16 17 19 21 27 30 31 32 31 32 33 32 31 34 33 34 31 33 34 40 35 38 37 36 40 41 37 41 42 39 44 48 51 50 51 51 52 51 51 51 50 49 48 48 49 49 49 49 48 49 49 49 48
45 47 49 49 49 48 46 47 45 44 43 45 49 48 45 46 46 45 42 40 38 38 39 38 37 38 35 32 21 17 14 19 27 26 27 20 17 11 20 16 18 20 23 23 23 23 25 29 30 29 30 31 32 32 32 34 34 31 33 33 36 37 32 36 42 38 36 37 36 41 46 35 36 38 46 46 47 50 52 50 49 48 47 47 47 48 47 48 48 48 47 48 49 49 49 47
49 49 50 46 47 44 41 44 45 43 43 45 49 48 44 42 42 44 42 40 42 42 36 37 30 33 29 20 18 16 21 27 27 31 26 24 19 20 18 27 21 21 24 25 26 26 27 27 26 27 28 30 32 34 31 31 32 35 34 33 37 35 32 35 38 42 38 43 44 37 34 34 35 37 37 40 43 45 48 45 48 45 43 43 46 46 47 48 49 49 48 48 48 48 47 47
47 49 50 48 47 46 44 47 45 45 47 48 49 47 45 44 43 42 45 43 40 39 33 31 27 26 24 19 17 28 26 33 26 24 32 21 21 19 26 27 23 24 26 28 27 27 26 27 28 30 30 30 32 31 31 32 33 32 32 31 33 33 34 35 35 34 40 41 40 35 33 33 33 34 37 39 40 40 41 44 41 42 42 42 42 44 46 46 47 47 47 45 45 46 46 44
