Climate/data/grids_germany_multi_annual_drought_index_1981-2010_01.asc
NCOLS 654
NROWS 866
XLLCORNER 3280414.711633467
YLLCORNER 5237500.62890625
CELLSIZE 1000
NODATA_VALUE -999
[rows 781 to 851 of 866, columns 384 to 479 of 654]
6 6 6 6 6 6 6 7 7 7 7 6 6 6 7 7 7 7 7 7 7 7 7 7 7 7 7 6 6 6 6 6 6 6 7 6 6 6 6 6 6 6 6 6 6 6 7 7 7 6 6 6 7 6 6 7 7 7 7 6 7 6 6 6 6 6 6 6 6 6 6 6 6 6 6 6 6 6 6 6 6 6 7 8 8 8 8 8 8 8 8 8 8 8 8 8
6 6 6 6 6 6 6 7 7 7 7 6 6 7 7 7 7 7 7 7 7 6 7 7 7 7 7 7 7 7 7 7 7 7 7 7 7 6 6 6 6 6 6 6 7 7 7 7 7 6 6 7 7 6 6 6 7 7 6 6 6 6 6 6 6 6 6 6 6 6 6 6 6 6 6 6 6 6 6 6 6 6 7 8 8 8 8 8 8 8 8 8 8 8 8 8
6 5 6 6 6 6 6 7 6 6 6 6 6 6 7 7 7 7 7 7 6 6 7 7 7 7 7 7 7 7 7 7 7 7 7 7 7 7 6 6 7 7 6 7 7 7 7 7 6 6 6 7 6 6 6 6 7 6 6 6 6 6 6 6 6 6 6 6 6 6 6 6 6 6 6 6 6 6 6 6 6 7 7 8 8 8 7 7 7 7 7 7 7 8 8 8
6 6 6 6 6 6 6 6 6 6 6 6 7 7 7 7 7 7 7 7 6 7 7 7 7 7 7 7 7 7 7 7 7 7 7 7 7 7 7 7 7 7 7 7 7 7 7 7 6 6 6 6 7 6 6 7 7 6 6 6 6 6 6 6 6 6 6 6 6 6 5 5 5 5 5 6 6 6 6 6 6 7 7 8 8 8 7 7 7 7 7 7 7 8 8 8
6 6 6 6 6 6 6 6 6 7 6 6 7 7 7 7 7 7 7 6 6 7 7 7 7 7 7 7 7 7 7 7 7 7 7 7 7 7 7 7 7 7 7 7 7 7 7 7 6 6 6 6 7 7 6 6 7 7 6 6 6 6 6 6 6 6 6 6 6 5 5 5 6 5 5 6 6 6 6 6 6 7 7 8 7 7 7 7 7 7 7 7 7 8 8 8
6 6 6 6 6 6 6 6 6 6 6 6 6 6 7 7 7 7 7 6 6 7 7 7 7 7 7 7 7 7 7 7 7 7 7 7 7 7 7 7 7 7 7 7 7 7 7 7 6 7 6 6 7 7 7 6 6 7 6 6 6 6 6 6 6 6 6 6 6 5 5 5 5 5 5 6 6 6 6 6 6 7 7 7 7 7 7 7 7 7 7 7 7 8 8 8
6 6 6 6 6 6 6 6 6 6 6 6 6 6 7 7 7 7 6 6 7 7 7 7 7 7 7 8 7 7 7 7 7 7 7 7 7 7 7 7 7 7 7 7 7 7 7 7 7 7 7 6 7 7 7 7 6 6 6 6 6 6 6 6 6 6 6 6 6 5 5 5 5 6 6 6 6 6 6 6 6 7 7 7 7 7 7 7 7 7 7 8 8 8 7 7
6 6 6 6 6 6 6 6 6 6 6 7 6 6 7 7 7 6 6 6 7 7 7 7 7 8 8 8 8 8 7 8 7 7 7 7 7 7 8 8 8 8 7 7 8 7 7 7 7 7 7 7 7 7 7 7 6 6 6 6 6 6 6 6 6 6 6 6 6 5 5 6 6 6 6 6 6 6 6 6 7 7 7 7 7 7 7 7 8 7 7 8 8 7 7 7
6 6 6 6 6 6 6 5 6 6 6 6 6 6 6 7 7 6 6 7 7 7 7 7 7 8 8 8 8 8 8 8 8 7 8 8 8 8 8 8 8 8 8 7 8 8 7 7 7 7 8 8 7 7 7 7 6 6 6 6 6 6 6 6 6 6 6 6 6 5 5 6 6 6 6 6 6 6 6 6 7 7 7 7 7 7 7 7 7 8 8 8 7 7 7 7
6 6 6 6 6 6 6 5 5 5 6 6 6 6 6 7 7 6 6 7 7 7 7 7 8 8 8 8 8 8 8 8 8 8 8 8 8 8 8 8 8 8 8 7 8 7 7 7 8 8 8 7 8 7 7 7 7 6 6 6 6 6 6 6 6 6 6 5 5 5 6 6 6 6 6 6 6 7 7 7 7 7 7 7 7 7 7 8 8 8 8 8 7 7 7 7
6 6 6 6 6 6 5 5 5 5 6 6 6 6 6 7 6 6 6 7 7 8 7 7 8 8 8 8 8 8 8 8 8 8 8 8 8 8 8 8 8 8 8 8 8 8 8 7 8 8 8 7 7 7 7 7 7 6 6 6 6 6 6 6 6 6 6 5 5 5 6 6 6 6 6 6 7 6 7 6 6 6 7 7 7 7 7 7 8 8 8 8 7 7 7 7
6 6 6 6 6 6 5 5 5 5 6 6 6 6 7 7 6 6 6 7 7 7 7 7 7 8 8 8 9 9 9 8 8 8 8 8 8 8 8 8 8 8 8 8 8 8 7 7 7 7 7 7 7 7 7 7 6 6 6 6 6 6 6 6 6 6 6 5 5 5 6 6 6 6 6 6 7 7 6 6 6 6 6 7 7 7 7 7 8 7 8 7 7 7 7 7
6 6 6 6 6 5 5 5 5 5 6 5 6 6 6 6 6 6 6 7 7 7 7 7 7 8 8 9 8 8 9 8 9 8 9 9 8 8 9 9 8 9 8 8 9 7 8 7 7 7 9 7 7 7 7 7 6 6 6 6 6 6 6 6 6 6 6 6 5 5 6 6 6 6 6 6 7 7 6 6 6 7 8 8 8 7 7 7 7 7 7 8 7 7 7 8
6 6 6 6 6 5 5 5 5 5 5 6 6 6 6 6 6 6 6 7 7 7 7 7 7 8 8 9 9 9 9 9 9 9 9 9 9 9 9 9 9 9 9 8 9 9 8 8 7 7 7 7 7 7 7 7 6 6 6 6 6 6 6 6 6 6 6 6 6 5 6 6 6 6 6 6 7 6 7 7 7 9 9 8 8 7 7 8 7 7 7 7 7 7 8 8
5 5 5 5 5 5 6 5 5 5 5 6 6 6 6 5 6 6 7 7 7 7 7 7 8 8 8 9 9 9 9 9 9 9 9 9 9 9 9 9 9 9 9 9 9 9 8 8 8 7 7 7 7 7 7 7 6 6 6 6 6 6 6 6 6 6 6 6 6 6 6 6 6 6 6 6 6 7 7 8 8 8 8 8 8 8 8 7 8 7 8 8 8 7 8 8
5 5 6 6 5 5 5 5 5 5 6 6 6 6 7 6 6 6 7 7 7 7 7 8 8 8 8 9 9 9 9 9 9 9 9 9 9 9 9 9 9 9 9 9 9 9 9 9 8 8 8 8 7 7 7 7 7 6 6 6 6 6 6 6 6 6 6 6 6 6 6 6 6 6 6 6 6 6 7 7 7 8 8 8 8 8 8 8 8 8 8 8 8 8 8 8
5 5 6 5 5 6 5 5 5 5 6 6 6 6 7 6 6 6 7 7 7 7 7 7 8 8 8 9 9 9 10 10 9 9 10 9 9 9 9 9 9 8 9 9 9 9 9 9 9 8 8 8 8 8 7 7 7 6 6 6 5 5 6 6 6 6 6 6 6 6 6 6 6 6 6 6 6 7 7 8 8 8 8 8 8 9 8 8 8 8 8 8 8 8 8 8
6 5 6 6 6 6 6 5 5 5 6 6 6 6 7 6 6 6 7 7 7 7 7 7 7 8 8 9 9 9 10 9 10 9 10 10 10 10 9 9 9 8 8 9 10 8 9 10 9 9 8 8 8 8 8 8 7 6 6 6 6 5 6 6 6 6 6 6 6 6 6 6 6 6 6 6 7 7 7 8 8 8 9 9 9 9 9 8 8 8 9 9 9 9 8 8
6 5 5 6 6 6 6 6 5 5 5 6 6 6 7 6 6 7 7 7 7 7 7 8 7 8 8 8 8 9 9 10 10 10 10 10 10 10 9 9 9 9 9 9 9 10 9 10 9 10 9 8 8 9 8 8 7 7 6 6 6 6 6 6 6 6 6 6 6 6 6 6 6 6 6 6 6 7 8 9 9 9 9 9 9 9 10 9 9 9 9 9 9 9 9 8
6 6 6 6 6 6 6 6 5 6 6 6 6 7 7 6 6 6 7 7 7 7 7 8 7 8 8 8 9 9 10 10 10 10 10 10 10 10 10 9 10 11 11 11 10 10 9 10 10 10 9 8 8 8 9 9 7 7 7 6 6 6 6 6 6 6 6 6 6 6 6 6 6 6 6 7 6 7 8 8 8 8 10 10 9 9 10 10 9 9 9 9 9 9 9 10
5 5 5 5 6 6 6 6 6 6 6 6 6 7 7 7 7 6 7 7 7 7 7 8 8 8 8 9 9 9 10 11 10 10 10 10 10 10 10 10 10 9 10 9 10 10 9 10 10 10 10 8 8 8 8 8 8 7 6 6 6 6 6 6 6 6 6 6 6 6 6 6 6 6 6 6 7 7 8 8 8 9 9 9 10 10 11 10 10 10 9 10 10 10 10 9
5 5 6 6 6 6 6 6 6 6 6 6 6 7 7 7 6 7 7 7 7 7 7 8 8 8 8 8 9 9 10 10 10 10 10 10 10 10 10 10 10 10 10 10 9 9 9 10 10 10 9 9 9 8 8 8 8 7 7 7 6 6 6 6 6 6 6 6 6 6 6 6 6 6 6 6 7 7 8 9 8 8 9 10 10 11 11 11 11 10 11 10 10 10 10 10
5 5 5 6 6 6 6 6 6 6 6 6 6 7 7 6 6 6 7 7 7 7 7 8 8 8 8 8 9 9 9 9 10 10 10 10 11 11 10 10 10 10 10 10 10 9 10 10 10 10 9 9 9 9 8 8 8 7 7 7 7 7 6 6 6 6 6 5 5 6 6 6 6 6 6 6 7 7 8 9 9 10 11 11 11 11 12 14 14 12 12 14 12 10 10 11
5 5 5 6 6 6 6 6 6 6 6 6 6 6 6 6 6 6 7 7 7 8 8 8 8 8 8 8 9 9 9 10 10 10 10 10 11 11 11 10 10 10 10 10 10 10 10 10 10 10 11 10 9 9 9 9 8 8 7 7 7 7 7 6 6 6 6 6 6 6 6 6 7 7 7 8 8 8 9 10 11 12 16 13 12 12 14 15 16 15 15 17 17 11 11 11
5 5 5 6 6 6 6 6 6 6 6 6 6 6 6 6 7 7 7 7 8 8 8 8 8 8 8 9 9 9 9 10 10 10 10 10 11 11 11 10 11 10 10 10 10 10 11 10 10 11 10 9 9 10 10 10 10 9 9 8 7 7 7 6 6 6 6 6 6 6 6 6 7 8 10 9 8 8 10 11 13 15 15 14 13 13 15 17 16 16 18 20 15 11 11 11
5 5 6 6 6 6 6 6 6 6 6 6 6 6 6 6 7 7 7 7 8 8 8 8 8 8 8 8 9 9 9 10 10 10 10 11 11 11 11 11 10 10 10 10 11 11 11 11 11 12 11 11 9 9 10 10 10 10 10 10 7 7 7 7 6 6 6 6 6 6 6 6 7 10 9 8 9 10 11 13 15 20 17 17 14 14 19 20 24 27 22 22 20 12 12 11
5 5 6 6 6 7 7 6 6 6 6 6 6 6 6 6 7 7 7 7 8 8 8 8 9 9 8 8 9 9 9 10 10 10 10 10 10 11 11 10 11 11 10 11 11 12 11 11 12 13 11 11 11 9 9 9 10 11 10 9 8 8 7 7 7 6 6 6 6 6 6 7 8 8 9 8 10 11 14 15 23 20 21 16 14 21 23 30 28 23 24 15 14 12 12 12
5 6 6 6 6 7 6 6 6 6 6 6 6 6 6 6 6 7 7 7 8 8 8 9 9 9 8 9 9 10 10 10 10 10 10 10 10 11 11 11 11 10 10 11 12 12 11 11 12 12 13 11 11 10 10 10 10 11 11 10 11 9 8 8 9 9 7 6 7 7 7 7 7 9 8 9 10 14 17 23 18 27 19 14 15 24 30 25 20 22 19 12 13 12 12 12
6 6 6 6 7 6 7 6 6 6 6 6 6 6 6 6 6 7 7 7 8 8 8 10 10 9 9 9 10 10 10 10 10 10 10 10 11 11 11 12 10 11 11 11 12 11 11 11 11 11 13 13 13 12 9 10 10 12 12 15 13 9 10 13 11 10 8 7 7 7 7 7 7 8 11 11 12 17 -999 16 26 22 21 14 19 23 23 20 18 17 13 13 14 12 12 12
6 6 6 7 7 7 7 7 6 6 6 6 6 6 6 6 6 7 7 8 8 8 9 9 10 9 10 9 9 10 10 10 10 10 11 11 11 11 11 10 10 11 11 12 13 12 13 13 13 12 13 15 17 13 11 10 10 10 11 12 13 10 14 14 10 12 9 7 7 7 7 7 7 9 15 14 13 20 -999 20 28 19 17 14 20 22 23 22 19 16 13 16 16 19 14 13
6 6 6 7 7 7 7 7 6 6 6 6 6 6 6 7 7 7 7 8 9 12 12 12 11 9 10 10 10 10 10 12 13 13 12 13 13 12 11 10 10 11 13 15 15 14 17 15 12 12 12 13 15 14 11 10 10 11 13 12 12 10 10 12 14 12 8 7 6 7 7 6 7 8 14 13 -999 -999 -999 22 21 17 13 18 29 37 28 23 18 14 14 18 23 21 16 13
6 6 6 7 7 7 7 7 7 7 7 6 6 6 6 7 7 7 8 10 12 14 14 13 11 10 10 10 10 10 13 16 17 13 12 15 16 16 12 11 10 10 12 13 13 16 14 14 15 14 12 15 14 16 12 10 10 11 15 20 15 11 12 16 10 10 7 8 12 9 10 7 7 8 9 -999 -999 -999 -999 26 18 13 17 18 24 37 34 21 18 13 13 18 21 22 20 18
6 6 7 7 7 7 7 7 6 6 6 6 6 6 6 7 7 7 9 10 13 11 13 12 11 10 10 10 11 11 15 15 18 17 15 16 17 15 15 12 11 10 10 10 12 13 18 14 16 15 11 15 16 15 13 10 10 11 12 17 12 15 13 14 14 13 7 10 15 12 9 7 6 8 16 -999 -999 -999 -999 -999 18 13 22 28 30 34 26 20 14 14 16 26 23 23 22 20
6 7 7 7 8 8 7 7 7 7 6 6 6 6 7 7 7 7 9 9 10 12 13 12 11 10 10 11 11 11 11 12 12 16 16 19 16 16 14 13 12 11 11 12 15 16 19 18 15 17 12 12 12 11 11 10 10 10 10 14 16 21 16 17 13 12 11 7 13 12 9 7 6 8 -999 -999 -999 -999 -999 -999 -999 -999 17 20 27 25 26 15 23 15 15 20 19 19 20 20
6 7 7 7 7 7 7 7 8 7 6 6 7 7 7 7 7 7 10 11 11 11 14 14 11 10 11 11 11 11 13 14 15 14 15 20 21 15 16 14 13 12 12 12 14 14 16 17 16 16 18 12 12 15 13 14 11 10 9 10 13 14 16 13 11 11 9 9 13 11 12 12 6 7 -999 -999 -999 -999 -999 -999 -999 -999 -999 -999 -999 -999 -999 -999 -999 22 14 15 15 16 16 15
7 7 6 7 7 7 7 8 8 7 7 7 7 7 7 7 7 8 10 12 14 12 12 12 11 11 11 11 11 12 15 14 17 15 16 18 19 19 15 19 19 14 13 13 13 12 12 16 20 17 19 15 16 23 14 21 14 10 10 9 10 10 13 11 10 9 9 10 12 11 13 12 7 7 -999 -999 -999 -999 -999 -999 -999 -999 -999 -999 -999 -999 -999 -999 -999 -999 -999 -999 -999 15 15 16
7 7 6 7 7 7 8 7 7 6 7 7 7 7 7 7 8 10 10 10 11 14 14 12 12 13 11 11 11 11 13 18 20 20 25 18 17 16 21 24 20 16 13 13 15 16 13 17 22 19 24 18 19 23 20 19 14 11 10 10 9 9 10 12 12 9 9 8 7 8 10 9 10 7 -999 -999 -999 -999 -999 -999 -999 -999 -999 -999 -999 -999 -999 -999 -999 -999 -999 -999 -999 -999 17 18
7 7 6 6 7 7 7 6 6 7 7 7 7 7 7 7 9 12 11 12 13 13 16 13 14 17 12 11 11 11 13 16 17 19 20 19 16 18 28 20 17 15 14 17 17 30 18 19 25 20 18 16 17 23 23 20 16 12 11 18 16 10 10 16 14 12 13 11 8 7 8 8 8 8 8 -999 -999 -999 -999 -999 -999 -999 -999 -999 -999 -999 -999 -999 -999 -999 -999 -999 -999 -999 19 21
7 7 6 6 6 6 7 7 7 7 7 7 7 7 7 9 10 12 11 13 14 16 14 16 16 18 15 12 11 11 12 13 15 16 20 23 16 22 27 22 18 15 17 23 25 25 21 15 17 21 21 16 18 19 26 24 28 19 11 12 16 11 13 18 21 17 17 16 12 8 8 10 9 8 8 8 8 -999 -999 -999 -999 -999 -999 -999 -999 -999 -999 -999 -999 -999 -999 -999 -999 -999 -999 -999
6 6 6 6 6 6 7 7 7 7 7 7 7 7 8 11 15 14 14 17 17 22 23 20 17 17 15 11 11 11 12 14 19 20 25 20 16 22 21 23 17 15 21 24 29 25 23 17 16 18 25 18 14 17 26 26 25 21 20 18 15 11 18 25 19 17 14 12 13 10 12 13 10 9 8 8 8 -999 -999 -999 -999 -999 -999 -999 -999 -999 -999 -999 -999 -999 -999 -999 -999 -999 -999 -999
6 6 6 6 6 7 8 8 7 7 7 7 7 8 10 14 17 13 14 15 19 17 19 15 13 12 12 11 11 11 12 13 18 25 22 20 17 20 17 21 17 15 19 24 29 28 26 21 18 16 18 19 16 16 18 21 24 21 19 14 14 10 17 22 20 17 16 9 10 9 9 8 10 9 8 8 8 -999 -999 -999 -999 -999 -999 -999 -999 -999 -999 -999 -999 -999 -999 -999 -999 -999 -999 -999
7 6 6 6 6 8 9 8 7 7 7 7 8 11 11 14 13 13 12 16 15 16 12 12 14 12 14 13 12 11 11 13 17 25 24 26 20 18 16 21 21 15 17 20 23 30 24 17 19 15 14 16 13 17 17 18 21 14 14 14 13 10 13 16 16 15 16 12 12 9 10 10 10 10 9 8 8 -999 -999 -999 -999 -999 -999 -999 -999 -999 -999 -999 -999 -999 -999 -999 -999 -999 -999 -999
7 7 6 6 7 10 11 9 8 7 7 7 10 14 14 17 15 12 11 14 18 15 12 11 10 10 10 10 11 12 12 13 16 18 18 21 25 22 17 15 15 16 17 19 16 20 20 19 17 16 18 16 14 12 14 15 17 17 16 12 13 13 -999 -999 13 21 16 17 14 15 13 8 8 8 9 -999 -999 -999 -999 -999 -999 -999 -999 -999 -999 -999 -999 -999 -999 -999 -999 -999 -999 -999 -999 -999
7 7 7 8 9 11 14 11 9 9 8 9 11 15 12 14 12 12 12 11 11 10 11 10 10 11 13 13 15 16 12 12 14 16 21 22 17 18 17 19 19 19 17 19 22 16 20 19 22 16 24 15 17 12 15 15 24 16 15 16 -999 -999 -999 -999 -999 -999 -999 -999 -999 -999 -999 -999 -999 -999 -999 -999 -999 -999 -999 -999 -999 -999 -999 -999 -999 -999 -999 -999 -999 -999 -999 -999 -999 -999 -999 -999
7 7 7 8 10 11 14 18 14 13 11 12 11 10 11 13 13 10 10 11 11 12 13 10 10 13 13 14 17 13 12 17 22 18 17 14 14 15 14 18 20 23 16 18 21 20 15 19 15 24 27 25 19 14 15 22 -999 -999 -999 -999 -999 -999 -999 -999 -999 -999 -999 -999 -999 -999 -999 -999 -999 -999 -999 -999 -999 -999 -999 -999 -999 -999 -999 -999 -999 -999 -999 -999 -999 -999 -999 -999 -999 -999 -999 -999
7 8 9 13 16 16 18 23 15 20 17 11 9 9 10 11 10 10 10 10 9 9 9 9 10 12 14 17 13 11 15 22 19 18 17 16 17 20 15 24 26 23 23 21 27 22 20 19 20 18 22 -999 -999 -999 -999 -999 -999 -999 -999 -999 -999 -999 -999 -999 -999 -999 -999 -999 -999 -999 -999 -999 -999 -999 -999 -999 -999 -999 -999 -999 -999 -999 -999 -999 -999 -999 -999 -999 -999 -999 -999 -999 -999 -999 -999 -999
8 9 15 12 20 13 14 17 12 13 13 9 9 9 9 12 10 11 10 10 11 10 11 12 12 13 13 12 11 16 16 15 17 14 16 17 16 21 20 23 22 23 25 24 23 24 26 26 22 16 14 -999 -999 -999 -999 -999 -999 -999 -999 -999 -999 -999 -999 -999 -999 -999 -999 -999 -999 -999 -999 -999 -999 -999 -999 -999 -999 -999 -999 -999 -999 -999 -999 -999 -999 -999 -999 -999 -999 -999 -999 -999 -999 -999 -999 -999
8 8 9 9 11 13 12 15 13 10 9 9 9 9 9 9 9 13 16 15 14 20 15 12 13 11 15 12 11 11 13 13 16 16 -999 -999 21 23 24 -999 -999 -999 -999 -999 -999 -999 -999 -999 -999 -999 -999 -999 -999 -999 -999 -999 -999 -999 -999 -999 -999 -999 -999 -999 -999 -999 -999 -999 -999 -999 -999 -999 -999 -999 -999 -999 -999 -999 -999 -999 -999 -999 -999 -999 -999 -999 -999 -999 -999 -999 -999 -999 -999 -999 -999 -999
8 11 10 10 11 10 11 14 13 10 10 9 9 9 10 11 11 12 15 14 14 12 13 13 16 15 11 11 13 12 14 15 15 -999 -999 -999 -999 -999 -999 -999 -999 -999 -999 -999 -999 -999 -999 -999 -999 -999 -999 -999 -999 -999 -999 -999 -999 -999 -999 -999 -999 -999 -999 -999 -999 -999 -999 -999 -999 -999 -999 -999 -999 -999 -999 -999 -999 -999 -999 -999 -999 -999 -999 -999 -999 -999 -999 -999 -999 -999 -999 -999 -999 -999 -999 -999
11 11 19 12 13 14 14 11 12 10 10 10 9 12 15 12 15 14 14 15 13 12 11 10 10 11 11 11 12 17 20 13 -999 -999 -999 -999 -999 -999 -999 -999 -999 -999 -999 -999 -999 -999 -999 -999 -999 -999 -999 -999 -999 -999 -999 -999 -999 -999 -999 -999 -999 -999 -999 -999 -999 -999 -999 -999 -999 -999 -999 -999 -999 -999 -999 -999 -999 -999 -999 -999 -999 -999 -999 -999 -999 -999 -999 -999 -999 -999 -999 -999 -999 -999 -999 -999
16 16 18 17 14 27 18 13 10 12 11 10 13 15 11 13 14 13 11 10 10 10 10 10 12 13 12 11 16 24 14 -999 -999 -999 -999 -999 -999 -999 -999 -999 -999 -999 -999 -999 -999 -999 -999 -999 -999 -999 -999 -999 -999 -999 -999 -999 -999 -999 -999 -999 -999 -999 -999 -999 -999 -999 -999 -999 -999 -999 -999 -999 -999 -999 -999 -999 -999 -999 -999 -999 -999 -999 -999 -999 -999 -999 -999 -999 -999 -999 -999 -999 -999 -999 -999 -999
24 26 23 25 21 19 17 13 11 12 13 12 13 11 10 9 9 10 10 10 10 12 17 19 14 13 11 14 25 26 26 -999 -999 -999 -999 -999 -999 -999 -999 -999 -999 -999 -999 -999 -999 -999 -999 -999 -999 -999 -999 -999 -999 -999 -999 -999 -999 -999 -999 -999 -999 -999 -999 -999 -999 -999 -999 -999 -999 -999 -999 -999 -999 -999 -999 -999 -999 -999 -999 -999 -999 -999 -999 -999 -999 -999 -999 -999 -999 -999 -999 -999 -999 -999 -999 -999
32 24 25 21 19 16 14 11 11 13 14 14 14 9 10 13 16 17 12 10 12 20 19 12 12 16 14 12 15 20 17 -999 -999 -999 -999 -999 -999 -999 -999 -999 -999 -999 -999 -999 -999 -999 -999 -999 -999 -999 -999 -999 -999 -999 -999 -999 -999 -999 -999 -999 -999 -999 -999 -999 -999 -999 -999 -999 -999 -999 -999 -999 -999 -999 -999 -999 -999 -999 -999 -999 -999 -999 -999 -999 -999 -999 -999 -999 -999 -999 -999 -999 -999 -999 -999 -999
22 21 18 17 18 14 12 10 11 12 12 10 9 14 15 17 13 10 12 10 14 18 16 16 15 24 15 15 11 13 -999 -999 -999 -999 -999 -999 -999 -999 -999 -999 -999 -999 -999 -999 -999 -999 -999 -999 -999 -999 -999 -999 -999 -999 -999 -999 -999 -999 -999 -999 -999 -999 -999 -999 -999 -999 -999 -999 -999 -999 -999 -999 -999 -999 -999 -999 -999 -999 -999 -999 -999 -999 -999 -999 -999 -999 -999 -999 -999 -999 -999 -999 -999 -999 -999 -999
17 18 14 14 14 12 13 10 10 9 9 11 11 22 14 12 13 17 12 10 14 20 18 21 14 22 14 17 19 15 -999 -999 -999 -999 -999 -999 -999 -999 -999 -999 -999 -999 -999 -999 -999 -999 -999 -999 -999 -999 -999 -999 -999 -999 -999 -999 -999 -999 -999 -999 -999 -999 -999 -999 -999 -999 -999 -999 -999 -999 -999 -999 -999 -999 -999 -999 -999 -999 -999 -999 -999 -999 -999 -999 -999 -999 -999 -999 -999 -999 -999 -999 -999 -999 -999 -999
15 13 12 12 12 11 10 9 8 9 10 13 16 14 13 16 22 16 11 -999 -999 19 26 29 14 22 21 22 25 -999 -999 -999 -999 -999 -999 -999 -999 -999 -999 -999 -999 -999 -999 -999 -999 -999 -999 -999 -999 -999 -999 -999 -999 -999 -999 -999 -999 -999 -999 -999 -999 -999 -999 -999 -999 -999 -999 -999 -999 -999 -999 -999 -999 -999 -999 -999 -999 -999 -999 -999 -999 -999 -999 -999 -999 -999 -999 -999 -999 -999 -999 -999 -999 -999 -999 -999
20 16 13 13 11 9 8 8 8 10 10 19 17 17 17 24 20 12 -999 -999 -999 -999 -999 -999 -999 -999 -999 -999 -999 -999 -999 -999 -999 -999 -999 -999 -999 -999 -999 -999 -999 -999 -999 -999 -999 -999 -999 -999 -999 -999 -999 -999 -999 -999 -999 -999 -999 -999 -999 -999 -999 -999 -999 -999 -999 -999 -999 -999 -999 -999 -999 -999 -999 -999 -999 -999 -999 -999 -999 -999 -999 -999 -999 -999 -999 -999 -999 -999 -999 -999 -999 -999 -999 -999 -999 -999
15 13 16 12 9 8 8 7 10 13 14 23 15 25 25 23 15 -999 -999 -999 -999 -999 -999 -999 -999 -999 -999 -999 -999 -999 -999 -999 -999 -999 -999 -999 -999 -999 -999 -999 -999 -999 -999 -999 -999 -999 -999 -999 -999 -999 -999 -999 -999 -999 -999 -999 -999 -999 -999 -999 -999 -999 -999 -999 -999 -999 -999 -999 -999 -999 -999 -999 -999 -999 -999 -999 -999 -999 -999 -999 -999 -999 -999 -999 -999 -999 -999 -999 -999 -999 -999 -999 -999 -999 -999 -999
12 12 10 10 9 8 8 8 10 16 16 24 18 26 18 13 -999 -999 -999 -999 -999 -999 -999 -999 -999 -999 -999 -999 -999 -999 -999 -999 -999 -999 -999 -999 -999 -999 -999 -999 -999 -999 -999 -999 -999 -999 -999 -999 -999 -999 -999 -999 -999 -999 -999 -999 -999 -999 -999 -999 -999 -999 -999 -999 -999 -999 -999 -999 -999 -999 -999 -999 -999 -999 -999 -999 -999 -999 -999 -999 -999 -999 -999 -999 -999 -999 -999 -999 -999 -999 -999 -999 -999 -999 -999 -999
11 11 11 9 10 9 9 8 10 22 17 28 26 25 16 14 -999 -999 -999 -999 -999 -999 -999 -999 -999 -999 -999 -999 -999 -999 -999 -999 -999 -999 -999 -999 -999 -999 -999 -999 -999 -999 -999 -999 -999 -999 -999 -999 -999 -999 -999 -999 -999 -999 -999 -999 -999 -999 -999 -999 -999 -999 -999 -999 -999 -999 -999 -999 -999 -999 -999 -999 -999 -999 -999 -999 -999 -999 -999 -999 -999 -999 -999 -999 -999 -999 -999 -999 -999 -999 -999 -999 -999 -999 -999 -999
14 13 12 10 9 9 9 8 10 12 15 21 25 15 12 12 -999 -999 -999 -999 -999 -999 -999 -999 -999 -999 -999 -999 -999 -999 -999 -999 -999 -999 -999 -999 -999 -999 -999 -999 -999 -999 -999 -999 -999 -999 -999 -999 -999 -999 -999 -999 -999 -999 -999 -999 -999 -999 -999 -999 -999 -999 -999 -999 -999 -999 -999 -999 -999 -999 -999 -999 -999 -999 -999 -999 -999 -999 -999 -999 -999 -999 -999 -999 -999 -999 -999 -999 -999 -999 -999 -999 -999 -999 -999 -999
11 12 11 11 11 9 9 8 11 15 14 14 16 19 14 17 16 -999 -999 -999 -999 -999 -999 -999 -999 -999 -999 -999 -999 -999 -999 -999 -999 -999 -999 -999 -999 -999 -999 -999 -999 -999 -999 -999 -999 -999 -999 -999 -999 -999 -999 -999 -999 -999 -999 -999 -999 -999 -999 -999 -999 -999 -999 -999 -999 -999 -999 -999 -999 -999 -999 -999 -999 -999 -999 -999 -999 -999 -999 -999 -999 -999 -999 -999 -999 -999 -999 -999 -999 -999 -999 -999 -999 -999 -999 -999
11 14 13 13 11 10 9 8 15 15 21 20 20 24 17 22 27 25 -999 -999 -999 -999 -999 -999 -999 -999 -999 -999 -999 -999 -999 -999 -999 -999 -999 -999 -999 -999 -999 -999 -999 -999 -999 -999 -999 -999 -999 -999 -999 -999 -999 -999 -999 -999 -999 -999 -999 -999 -999 -999 -999 -999 -999 -999 -999 -999 -999 -999 -999 -999 -999 -999 -999 -999 -999 -999 -999 -999 -999 -999 -999 -999 -999 -999 -999 -999 -999 -999 -999 -999 -999 -999 -999 -999 -999 -999
13 12 14 14 11 10 8 11 12 13 19 42 45 -999 -999 -999 -999 -999 -999 -999 -999 -999 -999 -999 -999 -999 -999 -999 -999 -999 -999 -999 -999 -999 -999 -999 -999 -999 -999 -999 -999 -999 -999 -999 -999 -999 -999 -999 -999 -999 -999 -999 -999 -999 -999 -999 -999 -999 -999 -999 -999 -999 -999 -999 -999 -999 -999 -999 -999 -999 -999 -999 -999 -999 -999 -999 -999 -999 -999 -999 -999 -999 -999 -999 -999 -999 -999 -999 -999 -999 -999 -999 -999 -999 -999 -999
13 12 11 10 10 8 8 11 21 16 28 -999 -999 -999 -999 -999 -999 -999 -999 -999 -999 -999 -999 -999 -999 -999 -999 -999 -999 -999 -999 -999 -999 -999 -999 -999 -999 -999 -999 -999 -999 -999 -999 -999 -999 -999 -999 -999 -999 -999 -999 -999 -999 -999 -999 -999 -999 -999 -999 -999 -999 -999 -999 -999 -999 -999 -999 -999 -999 -999 -999 -999 -999 -999 -999 -999 -999 -999 -999 -999 -999 -999 -999 -999 -999 -999 -999 -999 -999 -999 -999 -999 -999 -999 -999 -999
26 -999 -999 -999 -999 8 9 19 28 27 -999 -999 -999 -999 -999 -999 -999 -999 -999 -999 -999 -999 -999 -999 -999 -999 -999 -999 -999 -999 -999 -999 -999 -999 -999 -999 -999 -999 -999 -999 -999 -999 -999 -999 -999 -999 -999 -999 -999 -999 -999 -999 -999 -999 -999 -999 -999 -999 -999 -999 -999 -999 -999 -999 -999 -999 -999 -999 -999 -999 -999 -999 -999 -999 -999 -999 -999 -999 -999 -999 -999 -999 -999 -999 -999 -999 -999 -999 -999 -999 -999 -999 -999 -999 -999 -999
-999 -999 -999 -999 -999 8 11 20 -999 -999 -999 -999 -999 -999 -999 -999 -999 -999 -999 -999 -999 -999 -999 -999 -999 -999 -999 -999 -999 -999 -999 -999 -999 -999 -999 -999 -999 -999 -999 -999 -999 -999 -999 -999 -999 -999 -999 -999 -999 -999 -999 -999 -999 -999 -999 -999 -999 -999 -999 -999 -999 -999 -999 -999 -999 -999 -999 -999 -999 -999 -999 -999 -999 -999 -999 -999 -999 -999 -999 -999 -999 -999 -999 -999 -999 -999 -999 -999 -999 -999 -999 -999 -999 -999 -999 -999
-999 -999 -999 -999 11 8 10 21 -999 -999 -999 -999 -999 -999 -999 -999 -999 -999 -999 -999 -999 -999 -999 -999 -999 -999 -999 -999 -999 -999 -999 -999 -999 -999 -999 -999 -999 -999 -999 -999 -999 -999 -999 -999 -999 -999 -999 -999 -999 -999 -999 -999 -999 -999 -999 -999 -999 -999 -999 -999 -999 -999 -999 -999 -999 -999 -999 -999 -999 -999 -999 -999 -999 -999 -999 -999 -999 -999 -999 -999 -999 -999 -999 -999 -999 -999 -999 -999 -999 -999 -999 -999 -999 -999 -999 -999
-999 -999 -999 18 10 9 12 24 -999 -999 -999 -999 -999 -999 -999 -999 -999 -999 -999 -999 -999 -999 -999 -999 -999 -999 -999 -999 -999 -999 -999 -999 -999 -999 -999 -999 -999 -999 -999 -999 -999 -999 -999 -999 -999 -999 -999 -999 -999 -999 -999 -999 -999 -999 -999 -999 -999 -999 -999 -999 -999 -999 -999 -999 -999 -999 -999 -999 -999 -999 -999 -999 -999 -999 -999 -999 -999 -999 -999 -999 -999 -999 -999 -999 -999 -999 -999 -999 -999 -999 -999 -999 -999 -999 -999 -999
-999 -999 -999 -999 -999 -999 -999 -999 -999 -999 -999 -999 -999 -999 -999 -999 -999 -999 -999 -999 -999 -999 -999 -999 -999 -999 -999 -999 -999 -999 -999 -999 -999 -999 -999 -999 -999 -999 -999 -999 -999 -999 -999 -999 -999 -999 -999 -999 -999 -999 -999 -999 -999 -999 -999 -999 -999 -999 -999 -999 -999 -999 -999 -999 -999 -999 -999 -999 -999 -999 -999 -999 -999 -999 -999 -999 -999 -999 -999 -999 -999 -999 -999 -999 -999 -999 -999 -999 -999 -999 -999 -999 -999 -999 -999 -999
-999 -999 -999 -999 -999 -999 -999 -999 -999 -999 -999 -999 -999 -999 -999 -999 -999 -999 -999 -999 -999 -999 -999 -999 -999 -999 -999 -999 -999 -999 -999 -999 -999 -999 -999 -999 -999 -999 -999 -999 -999 -999 -999 -999 -999 -999 -999 -999 -999 -999 -999 -999 -999 -999 -999 -999 -999 -999 -999 -999 -999 -999 -999 -999 -999 -999 -999 -999 -999 -999 -999 -999 -999 -999 -999 -999 -999 -999 -999 -999 -999 -999 -999 -999 -999 -999 -999 -999 -999 -999 -999 -999 -999 -999 -999 -999
