Climate/data/grids_germany_multi_annual_precipitation_1981-2010_16.asc
NCOLS 654
NROWS 866
XLLCORNER 3280414.711633467
YLLCORNER 5237500.62890625
CELLSIZE 1000
NODATA_VALUE -999
[rows 84 to 125 of 866, columns 376 to 469 of 654]
-999 -999 -999 -999 -999 -999 -999 -999 -999 -999 -999 -999 -999 -999 -999 -999 -999 -999 -999 -999 -999 -999 -999 -999 -999 -999 -999 -999 -999 -999 -999 -999 -999 -999 -999 -999 -999 -999 -999 -999 -999 -999 -999 -999 -999 -999 -999 -999 -999 -999 -999 -999 -999 -999 145 145 145 146 145 145 144 146 146 148 148 -999 -999 -999 -999 150 149 148 152 151 149 147 147 147 147 145 146 145 145 145 145 144 145 145 146 145 145 147 147 147
-999 -999 -999 -999 -999 -999 -999 -999 -999 -999 -999 -999 -999 -999 -999 -999 -999 -999 -999 -999 -999 -999 -999 -999 -999 -999 -999 -999 -999 -999 -999 -999 -999 -999 -999 -999 -999 -999 -999 -999 -999 -999 -999 -999 -999 -999 -999 -999 -999 -999 -999 -999 -999 145 145 145 145 145 144 144 144 144 145 147 148 149 149 -999 -999 150 149 148 148 150 149 147 147 147 146 145 149 148 145 145 145 145 145 145 146 144 145 147 146 146
-999 -999 -999 -999 -999 -999 -999 -999 -999 -999 -999 -999 -999 -999 -999 -999 -999 -999 -999 -999 -999 -999 -999 -999 -999 -999 -999 -999 -999 -999 -999 -999 -999 -999 -999 -999 -999 -999 -999 -999 -999 -999 -999 -999 -999 -999 -999 -999 -999 -999 -999 -999 143 142 144 145 144 144 142 143 144 144 144 146 147 152 152 149 152 153 151 150 150 146 145 146 147 147 147 145 145 149 147 145 145 145 148 148 145 146 145 146 146 147
-999 -999 -999 -999 -999 -999 -999 -999 -999 -999 -999 -999 -999 -999 -999 -999 -999 -999 -999 -999 -999 -999 -999 -999 -999 -999 -999 -999 -999 -999 -999 -999 -999 -999 -999 -999 -999 -999 -999 -999 -999 -999 -999 -999 -999 -999 -999 -999 -999 -999 -999 144 144 143 147 146 142 142 142 143 144 144 144 150 150 150 152 152 152 152 150 150 149 153 144 143 146 151 147 145 149 149 146 146 146 146 148 149 149 144 144 146 147 147
-999 -999 -999 -999 -999 -999 -999 -999 -999 -999 -999 -999 -999 -999 -999 -999 -999 -999 -999 -999 -999 -999 -999 -999 -999 -999 -999 -999 -999 -999 -999 -999 -999 -999 -999 -999 -999 -999 -999 -999 -999 -999 -999 -999 -999 -999 -999 -999 -999 -999 142 144 144 147 143 142 142 142 142 143 143 143 148 149 149 146 150 148 152 152 150 149 148 148 146 143 146 146 151 145 145 149 148 146 146 146 149 149 149 144 148 150 147 147
-999 -999 -999 -999 -999 -999 -999 -999 -999 -999 -999 -999 -999 -999 -999 -999 -999 -999 -999 -999 -999 -999 -999 -999 -999 -999 -999 -999 -999 -999 -999 -999 -999 -999 -999 -999 -999 -999 -999 -999 -999 -999 -999 -999 -999 -999 -999 -999 -999 -999 141 142 144 147 142 142 142 142 142 141 143 146 148 149 149 146 150 150 152 152 148 148 148 148 146 143 143 146 150 149 149 149 149 146 146 148 149 149 149 148 148 150 150 148
-999 -999 -999 -999 -999 -999 -999 -999 -999 -999 -999 -999 -999 -999 -999 -999 -999 -999 -999 -999 -999 -999 -999 -999 -999 -999 -999 -999 -999 -999 -999 -999 -999 -999 -999 -999 -999 -999 -999 -999 -999 -999 -999 -999 -999 -999 -999 -999 -999 138 139 141 141 146 143 141 145 144 144 145 145 146 146 146 147 147 150 149 150 147 148 152 152 146 146 150 144 147 146 150 150 151 149 149 149 150 149 148 148 148 148 149 147 147
-999 -999 -999 -999 -999 -999 -999 -999 -999 -999 -999 -999 -999 -999 -999 -999 -999 -999 -999 -999 -999 -999 -999 -999 -999 -999 -999 -999 -999 -999 -999 -999 -999 -999 -999 -999 -999 -999 -999 -999 -999 -999 -999 -999 -999 -999 -999 -999 -999 137 139 139 139 145 146 146 145 145 144 144 147 146 146 146 146 147 149 147 147 147 147 152 152 152 147 148 145 144 148 152 153 150 151 151 151 151 149 149 149 148 148 150 150 151
-999 -999 -999 -999 -999 -999 -999 -999 -999 -999 -999 -999 -999 -999 -999 -999 -999 -999 -999 -999 -999 -999 -999 -999 -999 -999 -999 -999 -999 -999 -999 -999 -999 -999 -999 -999 -999 -999 -999 -999 -999 -999 -999 -999 -999 -999 -999 -999 135 136 139 139 143 143 144 146 145 146 145 147 145 146 146 149 146 146 147 147 147 151 151 153 152 152 152 153 148 145 153 152 152 152 151 151 151 150 150 146 146 146 149 150 150 150
-999 -999 -999 -999 -999 -999 -999 -999 -999 -999 -999 -999 -999 -999 -999 -999 -999 -999 -999 -999 -999 -999 -999 -999 -999 -999 -999 -999 -999 -999 -999 -999 -999 -999 -999 -999 -999 -999 -999 -999 -999 -999 -999 -999 -999 -999 -999 -999 -999 136 137 140 143 143 144 143 146 146 144 147 149 147 148 149 150 150 150 150 150 150 151 153 154 155 152 151 151 145 145 152 152 152 153 152 150 150 149 146 146 146 149 150 147 147
-999 -999 -999 -999 -999 -999 -999 -999 -999 -999 -999 -999 -999 -999 -999 -999 -999 -999 -999 -999 -999 -999 -999 -999 -999 -999 -999 -999 -999 -999 -999 -999 -999 -999 -999 -999 -999 -999 -999 -999 144 142 139 134 134 134 136 -999 -999 137 138 141 143 143 143 145 144 144 145 145 148 149 151 153 152 150 149 151 151 152 152 155 155 155 157 158 155 148 147 147 153 153 153 154 153 151 147 146 146 147 146 146 147 147
-999 -999 -999 -999 -999 -999 -999 -999 -999 -999 -999 -999 -999 -999 -999 -999 -999 -999 -999 -999 -999 -999 -999 -999 -999 -999 -999 -999 -999 -999 -999 -999 -999 -999 -999 -999 -999 144 144 144 144 143 136 136 136 136 -999 -999 137 137 138 140 140 141 141 142 142 145 147 145 146 151 151 152 152 153 153 149 153 153 154 155 155 156 158 155 155 155 148 147 147 151 154 154 155 154 148 149 149 148 147 146 146 148
-999 -999 -999 -999 -999 -999 -999 -999 -999 -999 -999 -999 -999 -999 -999 -999 -999 -999 -999 -999 -999 -999 -999 -999 -999 -999 -999 -999 -999 -999 -999 -999 -999 -999 140 144 144 144 144 145 144 144 139 136 136 136 -999 137 137 137 139 137 140 140 142 141 142 144 146 150 150 150 151 152 153 153 153 154 154 154 155 155 155 155 157 156 155 153 151 147 147 147 148 151 152 152 150 152 149 149 147 146 147 147
-999 -999 -999 -999 -999 -999 -999 -999 -999 -999 -999 -999 -999 -999 -999 -999 -999 -999 -999 -999 -999 -999 -999 -999 131 133 -999 -999 -999 -999 -999 141 142 142 142 145 144 144 144 144 144 142 142 137 137 -999 138 138 137 138 142 142 141 141 140 140 142 144 147 148 150 150 151 150 153 152 150 154 154 155 154 157 155 155 155 155 154 156 152 150 147 149 150 150 148 152 153 150 149 149 147 146 143 147
-999 -999 -999 -999 -999 -999 -999 -999 -999 -999 -999 -999 -999 -999 -999 -999 -999 -999 133 132 135 135 129 132 135 133 139 139 140 142 141 140 141 143 144 145 143 144 145 145 145 146 142 140 140 -999 140 140 139 142 142 141 142 141 141 142 143 144 145 145 147 148 149 149 151 155 151 152 154 154 155 157 155 156 156 156 155 156 156 156 150 151 151 151 151 150 154 152 149 145 147 146 142 144
-999 -999 -999 -999 -999 -999 -999 -999 -999 -999 -999 -999 -999 -999 -999 -999 -999 136 138 139 136 138 134 133 135 136 135 139 142 141 142 142 143 143 145 144 144 144 143 145 142 143 143 141 142 -999 140 139 139 143 142 140 141 141 140 142 143 144 144 144 143 146 146 148 148 152 151 152 152 154 154 157 156 156 156 156 156 156 157 160 154 151 152 153 155 152 149 150 149 148 145 144 139 143
-999 -999 -999 -999 -999 -999 -999 -999 -999 -999 -999 -999 -999 -999 -999 -999 136 140 147 149 140 141 140 138 143 138 140 140 138 139 143 145 145 143 146 144 144 145 144 145 146 146 143 142 142 -999 140 141 141 144 142 143 142 140 143 140 143 143 143 143 143 143 146 150 146 146 149 153 153 152 156 157 157 155 157 156 156 157 157 155 158 154 155 154 156 154 150 145 145 144 141 139 139 139
-999 -999 -999 -999 -999 -999 -999 -999 -999 -999 -999 -999 -999 -999 -999 137 141 142 143 145 152 151 153 150 154 144 143 138 143 140 142 146 145 149 149 146 145 148 147 145 147 147 147 146 145 -999 141 142 141 145 145 143 143 144 142 141 143 142 141 142 146 144 144 145 147 147 147 150 153 156 159 159 157 157 157 157 157 157 157 157 158 154 152 157 159 152 148 145 145 142 139 143 143 143
-999 -999 -999 -999 -999 -999 -999 -999 -999 -999 -999 -999 -999 -999 -999 140 139 138 144 148 152 153 153 152 157 155 143 145 145 147 153 147 147 147 152 149 143 143 144 142 145 147 147 146 147 146 -999 145 144 143 141 141 144 142 143 141 143 141 141 142 143 141 141 144 146 145 147 150 153 156 159 158 158 158 158 157 154 158 155 152 150 154 156 157 154 151 147 144 145 143 142 139 141 140
-999 -999 -999 -999 -999 -999 -999 -999 -999 -999 -999 -999 -999 132 132 135 136 141 143 145 147 152 151 150 142 147 152 147 151 149 150 150 145 147 150 151 145 145 146 146 147 148 148 150 149 148 146 147 146 145 139 143 145 145 141 140 140 138 140 139 139 138 138 141 139 141 146 151 152 156 159 161 162 161 158 157 157 148 148 147 154 156 156 155 154 150 147 141 139 141 142 142 139 142
-999 -999 -999 -999 -999 -999 -999 -999 -999 -999 137 136 134 -999 -999 133 136 139 143 142 145 145 144 144 141 145 150 149 148 152 150 156 158 153 154 149 149 146 146 146 147 150 148 150 150 149 147 148 147 146 145 145 146 147 145 141 141 140 140 139 139 138 134 138 139 141 147 153 155 156 158 163 162 161 159 149 149 152 155 151 151 150 154 150 149 148 145 140 138 141 142 141 138 139
-999 -999 -999 -999 -999 -999 -999 -999 -999 -999 137 134 -999 -999 -999 134 136 138 142 142 143 144 140 140 140 142 151 153 155 156 157 158 159 156 157 158 152 149 149 148 150 152 152 152 153 153 150 150 147 144 145 145 146 147 145 145 145 144 140 137 136 131 129 133 138 141 148 151 156 158 161 162 164 160 149 152 155 155 155 154 154 154 152 153 148 147 141 139 138 138 138 138 138 138
-999 -999 -999 -999 -999 -999 -999 -999 -999 134 134 -999 -999 -999 -999 135 138 142 143 145 143 143 142 139 141 140 145 149 155 156 156 159 162 159 158 158 157 153 149 152 154 154 153 153 155 153 150 151 148 144 142 138 137 140 142 146 144 140 135 135 134 133 130 134 139 141 148 155 156 159 161 159 162 150 152 157 156 156 155 155 154 150 151 150 146 145 140 140 138 141 141 141 138 138
-999 -999 -999 -999 -999 -999 -999 -999 -999 135 -999 -999 -999 132 135 136 145 146 145 146 148 142 139 141 141 140 143 152 155 155 159 164 160 160 161 162 159 155 149 149 151 155 152 154 155 155 152 149 145 146 142 137 144 144 142 137 142 141 135 134 134 134 134 136 142 143 148 154 156 159 164 159 155 149 149 155 155 157 155 151 149 149 145 145 146 146 143 137 138 138 141 140 140 140
-999 -999 -999 -999 -999 -999 -999 -999 -999 135 -999 -999 134 134 137 142 145 145 146 141 141 141 143 142 141 141 141 155 151 151 155 163 158 159 160 161 159 156 153 150 150 155 157 154 154 155 154 150 149 148 140 137 144 148 146 142 142 142 138 139 134 134 135 140 142 143 146 151 154 159 165 159 151 155 157 158 156 157 154 151 150 149 147 143 142 144 141 141 138 138 137 140 140 140
-999 -999 -999 -999 -999 -999 -999 -999 -999 -999 -999 -999 -999 -999 139 142 144 148 153 148 144 141 143 141 140 139 140 143 143 152 157 156 155 156 157 159 159 159 160 154 150 150 152 155 154 154 153 150 146 140 144 143 143 147 146 142 142 142 139 136 139 135 136 140 142 147 149 151 154 158 155 155 155 156 155 154 155 154 153 151 151 146 145 142 143 141 141 141 141 137 137 137 140 140
-999 -999 -999 -999 -999 -999 -999 -999 -999 -999 -999 -999 -999 136 144 147 150 155 156 148 150 147 144 143 143 145 144 147 145 145 150 155 153 150 154 157 160 158 158 155 149 153 156 154 157 153 154 153 147 140 147 147 145 147 146 146 142 143 140 139 138 140 139 142 147 145 151 153 152 155 155 152 156 155 152 154 152 150 151 147 148 144 145 140 139 144 143 143 140 139 137 135 135 134
-999 -999 -999 -999 -999 -999 -999 129 -999 138 -999 -999 137 143 149 152 154 154 156 150 150 151 148 145 148 146 147 150 151 147 148 155 153 150 150 155 153 154 155 156 151 153 155 155 153 152 151 149 143 142 144 145 149 149 146 146 146 141 142 142 141 141 141 143 145 145 148 151 145 152 148 148 152 156 153 150 149 149 148 145 144 144 142 142 143 139 143 141 137 137 137 134 134 134
-999 -999 -999 -999 134 130 129 -999 -999 -999 137 141 147 150 152 154 155 155 155 148 151 151 149 146 149 152 148 151 151 148 150 153 153 149 151 153 152 152 153 153 150 154 152 151 151 150 153 149 142 146 145 146 146 149 149 146 146 146 141 140 140 140 139 142 145 144 149 145 145 145 145 148 148 151 152 151 150 148 143 145 145 144 144 143 139 139 143 137 137 137 134 137 134 134
-999 -999 131 134 134 136 134 -999 -999 139 137 144 149 146 151 155 156 155 154 150 152 154 153 148 150 157 159 152 150 149 155 152 153 149 151 149 149 152 154 154 151 151 153 153 151 149 155 149 142 146 145 143 146 148 148 143 143 142 142 138 140 139 141 142 144 144 146 146 145 145 147 147 148 145 145 145 144 141 140 143 142 141 139 140 141 139 137 134 137 138 132 138 138 138
-999 134 135 133 130 134 131 -999 134 140 142 145 147 147 153 154 152 154 154 153 156 154 154 159 156 157 158 158 157 157 154 154 153 146 150 149 150 152 153 154 155 150 152 153 153 151 152 149 145 149 148 148 148 147 145 145 145 144 144 144 143 141 142 143 145 146 140 142 145 146 149 145 142 146 143 139 139 141 141 140 140 140 140 138 137 137 136 138 136 135 132 136 135 135
-999 131 133 130 130 135 -999 133 134 134 144 145 146 146 149 152 152 154 154 151 154 154 159 158 160 159 158 162 158 161 157 154 154 146 144 147 147 151 154 151 153 146 150 150 152 153 153 149 146 146 147 149 147 147 147 147 146 144 146 146 145 145 144 145 145 141 139 139 144 144 142 139 142 145 146 143 141 143 138 139 138 138 139 138 138 138 138 135 135 136 136 133 133 133
130 134 130 -999 133 133 -999 -999 135 138 140 145 146 146 147 153 153 153 152 155 155 158 159 161 160 166 162 162 161 162 154 154 153 153 144 147 150 150 153 151 150 147 149 149 152 150 154 153 150 146 148 150 147 150 144 146 146 146 149 148 145 145 141 142 138 138 138 143 146 147 146 143 146 145 143 143 142 139 138 138 138 138 138 138 138 138 138 135 136 136 133 134 133 133
133 130 133 -999 130 134 -999 138 135 139 139 145 142 146 147 151 160 161 154 156 155 160 160 164 163 166 166 163 161 161 158 153 151 147 146 147 147 146 148 149 150 145 148 144 152 154 155 152 146 149 151 150 150 150 149 146 146 150 144 144 149 144 145 145 138 138 141 146 148 146 147 144 145 146 144 144 143 141 138 137 138 138 141 141 141 141 138 139 139 139 137 137 135 137
130 130 129 -999 130 -999 -999 135 136 137 141 140 142 146 148 149 152 158 159 158 157 159 164 161 163 166 168 166 162 157 155 153 153 146 144 144 145 145 146 149 147 148 148 147 146 152 157 157 153 156 153 151 149 146 147 146 145 144 147 149 146 146 142 146 138 138 142 144 146 146 145 144 142 145 145 146 143 138 138 137 139 139 141 140 139 139 138 141 139 141 140 139 138 135
130 -999 -999 -999 131 -999 135 138 139 143 142 142 141 146 150 150 150 154 159 160 160 160 160 164 166 167 165 163 157 153 157 151 146 145 143 144 144 144 146 142 142 146 146 146 147 148 157 153 160 157 156 151 148 147 146 147 143 144 146 148 146 145 142 139 139 141 143 145 145 146 146 144 144 145 146 145 145 142 141 139 139 139 139 139 139 139 138 139 139 141 141 141 141 135
-999 -999 -999 -999 -999 -999 -999 139 139 143 147 144 144 145 147 149 149 149 159 161 160 163 164 167 166 166 163 157 156 156 151 152 145 143 142 144 144 144 144 141 146 146 148 147 148 146 151 151 157 158 154 148 146 146 148 144 146 145 145 145 143 142 139 138 142 143 142 142 143 145 145 143 144 145 146 147 145 143 142 143 141 140 139 141 139 139 138 139 139 139 139 141 139 138
-999 -999 -999 -999 -999 -999 142 139 143 143 151 147 144 145 144 149 150 162 161 163 161 163 166 164 166 164 162 152 153 153 146 143 145 142 141 142 144 144 144 144 145 150 149 150 149 150 151 149 155 161 156 147 146 145 143 144 147 145 145 146 143 142 139 139 143 142 144 144 145 145 145 145 145 146 146 146 144 142 141 143 141 141 141 142 141 138 137 141 139 141 141 141 139 138
-999 -999 -999 -999 -999 -999 142 146 144 144 151 150 148 147 147 148 152 162 165 163 165 162 165 164 164 164 162 153 152 151 147 144 142 140 140 141 142 143 144 145 148 149 150 150 149 148 148 145 157 156 153 147 143 141 139 143 143 145 143 145 142 141 138 139 138 141 145 145 143 144 144 145 146 146 147 144 142 143 139 140 140 139 138 138 139 137 140 138 139 142 142 141 141 140
142 -999 -999 -999 -999 145 146 146 146 152 151 151 151 151 150 153 158 155 159 165 165 162 161 159 165 156 154 149 152 150 143 139 143 138 142 142 142 142 146 148 151 152 148 147 147 146 144 143 153 149 146 143 137 136 137 144 143 141 142 141 141 138 137 137 140 144 144 143 143 144 144 144 145 145 147 139 140 141 140 137 137 137 139 138 136 137 141 140 141 140 140 137 137 138
142 144 146 -999 146 145 146 143 147 152 153 154 152 151 149 153 156 161 160 162 162 158 161 163 159 156 154 151 151 151 149 143 141 141 142 145 142 143 146 148 147 147 145 147 144 142 141 143 152 149 143 137 135 136 138 143 141 141 141 142 138 137 137 140 144 144 144 143 146 147 142 144 148 148 145 140 141 137 138 137 137 138 138 138 138 133 137 140 140 141 140 140 137 138
146 151 153 146 146 147 147 150 149 155 157 154 154 154 155 153 156 160 163 156 155 156 163 163 159 158 157 151 151 147 146 145 145 145 141 143 145 142 147 147 145 143 140 140 140 138 139 143 150 147 139 134 132 132 135 137 141 141 142 142 137 138 135 136 140 142 142 142 145 140 143 146 146 146 142 140 139 139 138 137 138 139 139 139 138 133 136 140 139 140 139 139 137 137
