Climate/data/grids_germany_multi_annual_air_temp_mean_1981-2010_06.asc
NCOLS 654
NROWS 866
XLLCORNER 3280414.711633467
YLLCORNER 5237500.62890625
CELLSIZE 1000
NODATA_VALUE -999
[rows 451 to 491 of 866, columns 0 to 93 of 654]
-999 -999 -999 -999 -999 -999 -999 -999 -999 167 165 165 164 164 164 163 164 165 164 163 164 164 164 164 164 164 165 164 166 166 164 163 164 164 164 164 164 164 164 165 165 165 165 166 167 167 167 167 167 168 168 168 166 167 167 167 167 167 167 166 168 169 168 171 171 171 172 173 174 174 175 176 176 176 176 176 176 176 176 176 176 176 174 173 173 172 171 169 166 163 162 161 158 159
-999 -999 -999 -999 -999 -999 -999 -999 165 165 165 165 164 164 163 163 165 163 163 163 163 164 164 164 164 164 165 165 166 166 165 163 163 163 163 163 164 164 164 165 165 165 165 166 166 167 167 167 167 167 168 169 168 166 167 167 167 165 166 166 166 168 169 170 171 171 172 173 173 174 175 176 176 176 176 176 176 176 176 176 176 176 175 173 173 173 171 170 168 167 163 160 160 158
-999 -999 -999 -999 -999 -999 -999 -999 -999 165 165 164 164 164 163 163 165 163 163 163 163 163 163 164 163 164 164 165 164 165 165 164 163 163 163 163 163 164 164 164 165 165 165 166 166 167 167 167 167 167 167 168 168 167 165 165 165 164 166 166 166 168 169 170 171 171 172 173 173 173 175 175 176 176 176 176 176 176 176 176 176 175 175 173 173 172 171 169 169 167 165 160 161 163
-999 -999 -999 -999 -999 -999 -999 -999 -999 164 165 164 164 163 163 165 162 162 162 162 163 163 163 163 163 163 164 164 164 165 165 165 164 162 162 162 162 162 163 163 164 164 165 165 165 166 166 167 167 167 168 168 169 168 167 165 165 164 161 166 162 167 169 170 171 172 172 172 173 173 175 175 175 175 176 176 175 175 176 175 175 175 174 174 172 172 170 170 169 167 164 160 160 160
-999 -999 -999 -999 -999 -999 -999 -999 -999 -999 -999 163 163 163 163 166 163 163 163 163 164 164 163 163 163 163 163 163 164 163 165 165 164 163 162 161 161 161 162 163 163 164 165 165 165 165 166 167 168 168 168 168 168 169 168 168 166 164 164 162 165 167 169 170 171 171 172 173 173 173 174 175 175 175 175 175 175 175 175 175 174 174 174 173 172 172 170 170 169 167 165 164 163 164
-999 -999 -999 -999 -999 -999 -999 -999 -999 -999 -999 -999 162 163 163 163 163 163 162 163 163 163 163 162 163 163 163 163 164 164 164 164 164 164 162 161 161 161 161 162 162 162 164 165 165 165 166 167 167 168 168 168 168 169 169 168 168 166 163 165 165 165 168 170 170 171 172 173 173 173 173 175 175 175 175 175 175 175 174 174 174 174 174 173 173 172 170 170 169 169 166 160 160 167
-999 -999 -999 -999 -999 -999 -999 -999 -999 -999 -999 -999 -999 -999 164 163 163 162 163 162 163 163 163 163 162 162 163 163 163 164 163 165 164 164 163 162 162 161 161 162 162 162 163 164 164 166 166 166 167 168 168 168 168 168 168 168 168 168 164 164 165 166 167 168 170 171 172 172 173 173 173 174 174 174 174 174 175 174 174 174 174 174 173 173 173 172 171 170 168 165 165 163 167 158
-999 -999 -999 -999 -999 -999 -999 -999 -999 -999 -999 -999 -999 -999 165 163 164 162 162 163 163 163 163 163 163 163 163 164 163 163 163 163 164 164 163 162 162 161 161 161 162 163 163 164 164 165 166 166 166 167 167 167 168 168 168 168 168 169 166 166 167 166 166 167 168 171 172 172 172 172 173 173 174 174 174 174 174 174 174 174 173 173 173 173 172 171 171 169 167 167 164 162 167 163
-999 -999 -999 -999 -999 -999 -999 -999 -999 -999 -999 -999 -999 -999 164 164 164 163 163 163 163 163 163 163 163 163 163 163 164 163 162 163 163 163 163 162 162 162 162 163 162 162 163 164 164 165 165 166 166 166 167 167 167 168 168 169 169 169 169 167 166 166 167 167 167 170 172 172 172 172 172 172 173 173 173 173 173 173 173 173 173 173 173 172 172 172 171 169 169 166 165 164 165 163
-999 -999 -999 -999 -999 -999 -999 -999 -999 -999 -999 -999 -999 -999 164 165 164 164 162 163 162 163 163 163 163 164 162 163 164 163 162 162 163 163 163 162 162 162 162 163 162 162 164 164 164 164 165 166 166 166 167 167 167 167 167 169 169 169 169 169 166 166 166 167 168 169 170 172 172 172 172 172 172 173 173 173 173 173 173 173 173 173 172 172 172 172 170 169 168 167 165 165 165 161
-999 -999 -999 -999 -999 -999 -999 -999 -999 -999 -999 -999 -999 -999 -999 165 164 164 163 162 162 162 163 163 163 163 162 162 163 163 163 162 163 162 163 163 162 163 163 162 162 162 163 163 163 165 165 165 166 166 167 167 167 167 167 168 169 169 169 168 167 166 166 167 167 169 169 170 172 172 172 172 172 172 171 173 173 172 172 173 173 172 172 172 172 171 170 169 168 168 166 165 165 162
-999 -999 -999 -999 -999 -999 -999 -999 -999 -999 -999 -999 -999 -999 -999 165 165 165 164 163 162 161 162 162 162 162 162 162 162 162 163 163 162 162 164 163 163 163 162 163 163 164 163 164 164 164 165 165 165 165 167 167 167 167 167 168 168 169 169 169 167 166 165 166 167 169 169 169 170 171 171 171 171 171 171 172 172 172 172 172 172 172 171 170 171 171 169 169 168 167 165 166 165 161
-999 -999 -999 -999 -999 -999 -999 -999 -999 -999 -999 -999 -999 -999 167 166 166 166 164 164 163 161 162 161 162 162 161 161 162 162 162 163 162 163 164 163 163 163 163 163 164 163 163 164 164 164 164 165 165 165 166 166 166 167 167 168 168 168 169 169 168 167 167 166 166 168 167 169 169 168 170 171 171 171 171 172 172 172 172 172 171 171 171 171 169 170 169 168 167 167 166 165 167 164
-999 -999 -999 -999 -999 -999 -999 -999 -999 -999 -999 165 166 165 166 164 164 164 163 163 163 162 161 160 162 162 162 161 162 162 162 162 162 163 163 163 163 163 163 164 164 163 165 164 164 164 164 164 165 165 166 166 166 166 167 168 168 168 169 169 169 168 167 167 166 166 167 167 168 169 167 170 171 171 171 172 172 172 172 171 171 171 171 170 170 170 169 167 167 167 166 165 167 166
-999 -999 -999 -999 -999 -999 -999 -999 -999 -999 164 164 165 164 164 167 163 163 163 162 162 162 161 161 160 161 161 160 161 161 161 163 163 164 164 162 162 162 164 164 164 163 164 164 164 163 163 164 164 165 165 166 166 166 168 168 168 168 168 168 169 168 167 167 167 167 167 168 168 166 167 170 171 171 171 172 171 172 172 171 171 171 171 169 169 170 168 167 167 166 166 164 165 167
-999 -999 -999 -999 -999 -999 -999 -999 -999 -999 163 162 164 164 163 166 163 163 163 163 162 162 161 161 160 161 161 161 161 161 161 163 163 164 164 163 163 163 163 164 164 164 164 164 164 163 163 164 164 164 166 166 166 166 167 168 168 168 168 168 168 168 168 167 167 167 168 167 167 168 167 169 171 171 172 172 171 172 172 171 170 170 170 170 169 170 168 167 167 167 166 165 165 164
-999 -999 -999 -999 -999 -999 -999 -999 -999 -999 163 163 164 163 163 166 166 163 162 163 162 161 161 159 160 161 161 162 161 162 163 163 164 163 163 163 163 163 163 164 165 164 164 164 164 163 163 163 164 164 165 165 166 166 167 167 168 167 168 168 168 168 168 168 167 167 167 168 168 168 168 170 171 171 171 172 172 172 172 171 170 170 170 169 169 169 168 168 167 167 166 165 166 168
-999 -999 -999 -999 -999 -999 -999 -999 -999 -999 162 163 163 163 162 162 163 163 162 162 162 162 160 159 159 161 162 162 163 163 164 162 162 162 163 162 162 163 163 164 164 164 163 163 164 164 163 163 163 164 165 165 165 165 167 167 167 167 167 168 168 168 168 168 168 167 167 168 167 168 168 170 171 171 171 171 171 172 172 171 171 171 170 169 169 169 169 168 166 165 165 164 165 168
-999 -999 -999 -999 -999 -999 -999 163 162 162 160 161 162 163 163 165 164 162 161 162 162 163 160 159 160 162 160 162 163 163 163 163 160 162 163 163 163 164 164 164 164 164 164 163 163 163 163 163 163 164 165 165 165 167 166 167 167 167 167 167 167 168 168 168 168 168 167 168 168 167 167 170 171 171 171 171 171 172 171 171 171 171 170 169 169 169 169 168 168 167 166 167 168 168
-999 -999 -999 -999 -999 -999 164 161 161 160 160 162 164 166 166 166 165 162 161 162 163 162 161 164 162 159 161 162 163 161 161 161 159 159 159 163 163 163 164 163 164 164 164 163 163 164 164 164 164 164 164 165 166 167 166 166 166 168 168 167 167 168 169 169 169 169 167 167 167 168 167 168 171 171 171 171 170 171 172 171 171 171 170 170 169 169 169 169 169 169 169 169 169 168
-999 -999 -999 -999 -999 -999 -999 164 159 159 161 162 164 163 165 166 166 164 163 161 163 163 161 161 158 158 157 162 161 159 160 159 160 156 160 162 162 163 163 164 164 165 163 163 164 164 164 164 164 164 164 166 166 166 166 167 167 167 167 168 168 168 168 168 168 168 166 167 167 166 168 170 171 171 171 171 171 171 171 171 171 170 170 170 170 170 170 170 170 170 169 169 169 168
-999 -999 -999 -999 -999 -999 -999 -999 -999 159 162 161 163 163 165 165 164 163 162 161 160 162 161 161 155 158 156 160 160 160 160 159 159 155 161 161 162 163 164 164 164 164 164 163 163 164 164 164 164 164 165 165 166 166 166 167 167 167 167 168 168 168 168 168 168 167 167 165 166 165 166 167 170 170 171 171 171 171 172 170 171 170 170 170 170 170 170 171 171 171 170 169 169 169
-999 -999 -999 -999 -999 -999 -999 -999 -999 162 160 162 163 163 163 164 163 162 161 161 160 162 159 159 159 156 154 156 159 159 161 156 157 157 159 161 162 163 163 164 164 164 164 162 163 163 164 163 163 165 165 165 166 165 166 166 166 167 167 167 168 168 168 168 168 168 166 166 165 164 165 166 169 170 170 171 171 171 172 171 171 171 170 170 170 171 171 170 170 170 170 169 169 169
-999 -999 -999 -999 -999 -999 -999 -999 -999 159 158 160 162 163 163 162 162 160 160 159 159 160 157 158 158 155 156 157 158 158 162 157 154 154 160 159 162 162 162 162 163 164 165 162 163 164 164 164 164 164 165 165 166 166 166 166 166 166 167 167 167 168 168 168 168 168 167 166 165 165 164 164 168 170 170 171 171 171 171 171 172 171 171 170 170 170 171 170 170 170 170 170 170 170
-999 -999 -999 -999 -999 -999 -999 -999 -999 154 156 159 160 162 160 160 160 159 159 158 160 161 158 157 159 160 157 157 156 155 159 156 155 152 151 156 160 161 162 162 163 165 165 162 162 163 164 164 165 164 165 166 167 166 166 166 166 166 166 167 167 167 167 167 167 167 168 167 165 165 165 164 166 168 170 170 171 171 171 171 171 172 171 172 171 172 172 171 171 171 170 169 169 169
-999 -999 -999 -999 -999 -999 -999 -999 -999 -999 155 154 156 159 155 159 158 158 158 159 159 159 157 156 157 156 155 155 154 155 156 156 157 155 150 150 155 159 161 162 163 163 164 162 162 163 163 164 165 165 165 166 166 166 166 166 166 166 166 166 166 167 167 167 167 167 167 167 166 165 165 165 165 165 167 167 170 171 171 171 171 171 171 171 172 172 172 171 171 171 170 169 168 169
-999 -999 -999 -999 -999 -999 -999 -999 -999 -999 159 156 152 155 155 157 158 158 158 157 160 157 155 155 156 155 159 157 152 153 155 156 155 152 151 152 153 157 159 159 160 162 164 162 161 162 164 164 164 165 165 166 166 166 165 166 165 165 165 165 166 167 166 166 167 167 167 167 167 166 165 165 165 165 164 165 167 167 172 171 171 171 171 171 171 172 172 172 171 171 170 167 165 169
-999 -999 -999 -999 -999 -999 -999 -999 -999 -999 159 157 156 155 154 154 156 156 156 157 157 156 156 155 154 157 155 155 152 151 156 155 154 153 150 148 149 150 156 159 157 161 162 163 161 161 162 163 164 164 164 165 166 166 165 165 165 165 166 165 166 167 167 166 166 167 167 167 167 167 165 165 165 165 164 165 164 164 169 171 171 171 171 171 171 171 172 171 171 170 169 166 166 169
-999 -999 -999 -999 -999 -999 -999 -999 -999 -999 -999 -999 -999 -999 -999 -999 155 155 155 156 159 158 155 154 153 155 152 155 151 152 151 152 154 150 148 148 152 157 161 164 163 161 162 161 162 161 162 162 163 164 164 164 165 165 166 166 166 166 166 166 166 167 167 166 166 167 166 166 166 166 166 165 165 165 165 165 164 166 168 170 171 171 171 171 171 171 172 171 170 167 165 167 165 168
-999 -999 -999 -999 -999 -999 -999 -999 -999 -999 -999 -999 -999 -999 -999 -999 -999 156 157 155 156 155 154 152 156 151 153 151 150 150 147 153 150 150 149 147 149 155 162 160 159 158 159 160 161 160 161 161 163 163 164 164 165 165 166 166 166 166 166 166 167 167 165 166 166 166 166 166 166 166 166 166 166 165 165 165 164 164 165 169 170 170 170 171 171 171 172 172 171 169 165 164 165 166
-999 -999 -999 -999 -999 -999 -999 -999 -999 -999 -999 -999 -999 -999 -999 -999 -999 157 157 154 156 154 152 151 153 150 152 152 149 146 147 153 146 149 149 150 148 155 163 153 152 156 157 156 159 159 160 160 163 163 163 165 165 165 166 166 166 166 166 167 166 166 165 165 166 165 166 166 166 166 166 166 166 165 165 165 164 164 164 166 170 170 170 170 170 171 171 171 171 171 163 163 163 165
-999 -999 -999 -999 -999 -999 -999 -999 -999 -999 -999 -999 -999 -999 -999 -999 -999 -999 155 154 153 151 154 150 149 151 152 150 146 143 144 150 146 146 151 150 153 152 151 161 160 153 155 157 156 159 159 162 164 164 164 164 165 165 166 166 166 166 166 166 166 166 166 166 167 166 166 166 166 166 167 166 166 165 165 165 164 164 165 168 167 168 168 168 167 169 171 171 171 171 171 168 162 162
-999 -999 -999 -999 -999 -999 -999 -999 -999 -999 -999 -999 -999 -999 -999 -999 -999 -999 154 152 152 152 149 149 149 149 148 147 147 142 142 148 145 147 148 152 160 153 153 156 160 158 154 154 156 156 160 162 163 164 163 163 165 164 165 165 166 166 166 166 165 166 166 166 167 166 166 166 166 166 166 167 167 167 166 165 164 164 166 169 166 166 165 167 166 165 171 171 171 171 171 170 166 165
-999 -999 -999 -999 -999 -999 -999 -999 -999 -999 -999 -999 -999 -999 -999 -999 -999 -999 -999 152 150 151 145 146 148 145 143 144 142 141 144 145 146 151 147 152 153 158 158 155 163 156 155 152 155 156 160 162 161 159 161 162 163 164 164 166 165 165 165 166 165 165 166 166 166 166 166 166 166 166 166 166 167 166 165 165 164 164 164 167 166 165 164 169 165 165 164 170 170 171 172 171 160 162
-999 -999 -999 -999 -999 -999 -999 -999 -999 -999 -999 -999 -999 -999 -999 -999 -999 -999 -999 148 147 147 147 148 145 141 139 139 137 140 142 142 148 155 151 147 147 151 151 152 155 161 159 153 155 158 158 159 160 160 161 162 163 163 165 166 165 164 165 165 165 165 166 166 166 166 166 166 166 166 166 166 166 166 166 165 164 164 165 165 165 165 165 165 165 164 165 164 168 171 171 171 168 160
-999 -999 -999 -999 -999 -999 -999 -999 -999 -999 -999 -999 -999 -999 -999 -999 -999 -999 -999 -999 145 147 147 143 142 142 137 135 137 140 145 145 150 140 146 144 145 147 149 149 158 162 160 154 156 154 157 157 159 161 162 162 163 164 165 165 163 164 164 165 164 165 166 167 166 165 165 165 166 166 166 166 166 166 166 166 166 164 165 165 165 165 165 163 163 164 164 166 169 171 172 173 168 163
-999 -999 -999 -999 -999 -999 -999 -999 -999 -999 -999 -999 -999 -999 -999 -999 -999 -999 -999 -999 146 144 144 141 139 138 137 136 139 141 147 142 141 143 145 146 150 148 147 149 153 162 161 155 152 155 157 156 156 159 162 163 164 164 164 164 163 164 163 163 164 165 166 166 166 165 165 165 165 165 165 166 166 166 166 166 166 165 165 165 165 165 165 165 165 164 164 167 165 166 171 172 173 168
-999 -999 -999 -999 -999 -999 -999 -999 -999 -999 -999 -999 -999 -999 -999 -999 -999 -999 -999 -999 144 143 141 139 136 149 136 139 142 146 141 139 140 145 147 152 155 156 155 153 158 157 152 152 151 153 154 153 156 156 159 162 164 164 162 162 163 163 162 163 164 164 166 165 165 166 164 164 164 164 165 165 166 166 166 166 166 165 165 165 164 164 164 164 164 164 169 167 164 168 166 171 172 172
-999 -999 -999 -999 -999 -999 -999 -999 -999 -999 -999 -999 -999 -999 -999 -999 -999 -999 -999 -999 141 -999 -999 -999 -999 -999 136 138 142 142 141 139 140 143 147 154 155 154 152 158 156 157 154 153 152 152 154 152 155 158 158 159 163 163 161 162 162 162 163 163 163 164 164 165 165 164 164 164 164 164 164 165 165 165 165 165 165 166 165 166 165 164 164 164 164 166 165 164 164 164 168 167 170 173
-999 -999 -999 -999 -999 -999 -999 -999 -999 -999 -999 -999 -999 -999 -999 -999 -999 -999 -999 -999 -999 -999 -999 -999 -999 -999 137 141 140 140 139 138 139 147 154 155 155 146 145 144 153 149 152 153 149 150 153 151 153 155 157 159 162 161 161 160 162 161 163 159 161 161 163 164 163 163 163 163 163 163 163 164 164 165 165 165 165 165 165 165 165 164 164 164 165 165 164 164 164 166 168 164 169 172
-999 -999 -999 -999 -999 -999 -999 -999 -999 -999 -999 -999 -999 -999 -999 -999 -999 -999 -999 -999 -999 -999 -999 -999 -999 -999 139 139 141 138 137 141 149 149 151 154 146 139 142 144 143 146 153 147 148 151 150 151 154 155 157 155 157 158 159 159 161 161 160 156 156 157 159 162 163 161 161 163 162 162 161 162 163 164 164 164 164 165 165 165 164 163 163 163 164 163 160 161 163 166 165 163 167 172
