Climate/data/grids_germany_multi_annual_precipitation_1981-2010_14.asc
NCOLS 654
NROWS 866
XLLCORNER 3280414.711633467
YLLCORNER 5237500.62890625
CELLSIZE 1000
NODATA_VALUE -999
[rows 328 to 368 of 866, columns 376 to 469 of 654]
182 179 179 177 175 171 175 177 177 173 169 170 173 172 172 173 173 169 170 168 168 166 164 166 165 164 163 163 163 163 163 164 164 164 164 164 164 164 164 164 165 166 167 172 172 174 172 174 176 178 178 178 178 178 178 176 174 175 175 177 178 177 178 178 179 177 179 179 179 182 185 185 191 193 195 192 190 191 191 191 191 194 195 195 195 195 192 192 195 196 194 183 184 182
181 180 174 180 178 173 176 176 176 175 172 172 173 172 172 170 169 169 168 168 166 166 167 166 164 164 163 162 163 162 162 163 163 164 164 164 164 166 165 166 166 167 167 170 172 174 176 177 178 176 180 179 177 176 176 175 173 174 176 176 176 177 177 177 177 179 181 182 183 185 186 186 189 193 198 193 192 191 192 191 193 193 193 196 199 200 194 194 191 189 189 188 186 184
186 182 179 175 174 179 179 177 177 174 172 173 170 170 170 170 169 170 168 167 166 166 166 167 165 167 166 160 162 162 162 162 163 165 164 164 163 165 167 168 166 168 168 169 171 172 179 180 180 180 178 178 176 175 177 175 175 174 175 176 176 176 177 178 178 179 180 181 183 184 187 189 192 191 192 194 193 191 195 194 194 194 196 194 197 204 202 205 196 195 199 201 198 188
180 178 178 176 174 176 177 174 174 175 173 170 169 168 171 169 169 166 167 165 165 165 166 166 162 170 165 164 162 162 162 163 164 163 165 165 165 165 165 164 165 165 168 169 172 173 177 178 179 180 176 176 178 176 174 175 172 175 174 175 175 175 177 178 178 180 180 181 182 183 185 189 192 191 190 191 190 196 193 194 194 197 195 194 196 199 201 199 199 196 201 195 198 194
175 176 173 173 176 177 175 174 172 172 170 168 170 171 168 169 169 167 166 165 165 165 165 164 160 164 166 164 162 162 163 164 164 165 165 166 166 167 167 166 165 165 169 168 171 172 175 176 176 177 175 176 177 177 175 175 174 173 174 173 175 176 177 178 177 178 180 180 182 186 188 189 193 189 192 191 188 189 193 197 199 197 198 194 192 193 198 196 199 199 195 198 201 201
174 171 172 173 176 176 174 173 174 171 169 170 169 170 168 168 167 166 166 165 166 162 165 165 165 172 173 166 162 163 165 165 165 166 167 167 166 166 166 165 165 164 167 168 169 171 174 173 176 177 175 176 177 176 175 174 176 174 174 175 175 175 176 178 178 179 179 180 181 183 187 190 190 189 189 187 186 191 194 196 193 202 200 196 193 195 194 195 198 199 200 200 201 198
172 173 173 172 171 174 170 171 170 168 166 169 168 171 167 166 167 168 168 163 162 165 166 164 169 169 166 166 164 163 164 166 167 167 168 168 167 166 167 166 167 167 168 168 169 172 173 173 176 176 175 176 177 174 176 175 173 175 174 174 175 176 177 177 178 179 179 181 181 183 190 188 188 186 185 187 186 187 191 193 195 195 197 202 194 193 193 195 195 198 202 204 198 196
175 172 168 169 168 170 170 169 168 167 167 168 168 169 168 165 166 166 163 163 163 164 167 166 167 165 164 167 167 166 167 167 168 168 168 167 167 167 168 167 168 167 167 167 170 172 171 174 175 175 174 176 175 175 175 172 175 175 175 175 175 177 178 179 179 179 180 179 182 182 186 186 185 185 185 184 185 187 190 191 192 194 194 192 191 189 193 193 195 195 198 199 199 196
171 173 168 170 169 169 168 163 164 166 167 171 168 169 168 165 164 164 162 164 163 165 167 168 168 165 165 168 168 166 167 168 168 168 168 168 167 168 169 168 168 167 167 167 168 170 173 176 175 174 175 174 174 173 175 172 172 175 176 175 175 177 178 177 178 179 179 180 180 183 182 181 182 183 184 185 186 188 189 190 189 192 190 191 189 190 194 193 191 193 197 196 196 196
170 168 168 167 166 166 164 165 164 167 167 165 166 165 165 165 164 165 165 162 164 165 165 168 169 167 168 172 167 168 168 169 168 168 168 167 167 168 169 168 167 166 168 167 167 170 171 174 175 176 176 174 176 175 175 174 173 174 174 175 174 174 174 175 175 179 179 180 178 179 180 182 181 184 183 183 184 185 188 187 187 187 186 187 189 191 194 196 196 198 195 197 198 197
170 169 169 168 165 165 165 164 163 162 164 164 164 165 166 166 166 166 165 166 165 167 167 169 172 170 169 169 170 168 168 169 168 167 167 167 168 167 167 167 166 166 167 166 168 169 170 172 173 175 176 176 175 175 175 171 174 173 172 173 176 176 177 176 178 178 181 180 179 181 182 181 181 181 180 181 183 184 184 185 185 188 189 190 194 193 198 197 198 196 199 195 194 198
169 167 168 170 166 164 163 163 163 164 165 167 167 167 166 166 166 166 166 166 168 168 170 170 172 170 170 171 171 169 166 168 167 167 166 167 165 166 166 165 164 164 166 166 165 167 170 175 174 174 175 174 175 174 173 172 172 170 173 176 174 177 176 177 178 178 179 182 182 179 179 180 181 180 181 182 182 183 184 184 187 188 191 192 196 200 198 194 196 197 194 194 192 195
173 171 168 169 171 169 163 162 162 163 164 165 167 167 168 167 166 166 165 166 167 169 171 171 172 169 170 170 170 168 167 167 166 166 167 165 165 165 166 163 163 164 166 165 166 165 170 175 174 174 176 175 174 173 172 173 171 172 173 175 175 175 176 178 178 178 182 182 181 180 180 179 182 181 183 184 182 183 185 186 189 190 193 197 198 198 194 193 194 195 193 189 197 198
172 170 169 170 168 168 162 164 161 162 161 164 164 166 167 168 167 167 168 165 166 169 169 171 172 169 170 169 170 168 167 167 166 167 167 165 165 165 164 164 165 165 164 165 165 165 169 170 173 172 176 175 174 172 173 173 175 173 172 176 175 177 176 178 178 180 179 178 180 178 180 179 182 181 183 184 183 183 187 186 188 192 196 194 196 196 193 192 194 194 191 192 190 192
171 171 168 170 168 168 165 165 162 161 162 163 163 165 164 167 167 164 165 164 163 163 165 169 168 168 170 168 170 170 170 168 165 165 165 164 164 164 165 165 165 166 165 163 166 166 169 169 173 173 174 174 175 173 173 174 172 172 173 174 175 176 178 180 178 178 178 178 179 178 180 179 180 180 181 183 182 182 182 184 188 190 194 192 192 194 193 189 192 185 184 184 186 187
170 170 169 169 168 168 163 164 163 163 161 163 163 161 165 167 164 162 160 162 160 160 163 165 167 167 167 165 170 167 167 169 166 164 164 166 166 164 165 166 166 165 167 164 164 164 169 171 171 171 173 174 174 175 175 174 172 172 174 174 175 178 179 176 179 177 177 177 178 177 179 177 178 179 179 179 180 182 183 185 185 188 186 188 186 192 185 190 192 188 184 184 181 179
169 169 168 168 168 168 168 168 164 164 162 163 163 162 161 162 162 160 160 159 159 160 163 165 166 166 166 167 168 168 165 165 165 164 163 165 165 165 166 165 165 165 165 163 163 163 165 170 168 170 172 173 173 174 174 172 172 174 174 174 175 176 180 182 178 179 178 176 177 178 179 176 178 178 178 178 179 180 183 183 184 184 184 184 185 185 181 187 187 187 181 180 179 183
178 174 171 167 168 168 168 166 165 163 162 163 164 160 162 161 160 159 158 154 154 157 161 164 164 163 165 168 168 168 169 165 164 166 163 165 166 165 166 166 165 165 165 164 164 165 167 165 169 171 172 173 173 173 175 174 174 174 173 175 175 176 175 178 178 179 176 176 177 177 178 176 176 177 177 177 178 180 178 182 181 180 182 184 183 184 183 184 185 184 182 178 176 178
171 172 174 171 166 167 167 166 165 162 162 162 162 161 159 161 160 158 154 149 143 156 165 164 161 163 165 166 166 169 167 162 165 163 163 164 165 165 165 166 166 165 164 164 164 164 166 166 169 173 173 172 172 175 175 175 177 177 175 173 175 176 176 178 178 178 177 178 179 178 176 175 177 175 175 175 177 177 178 180 181 181 181 181 181 181 178 182 180 182 179 176 172 175
170 171 171 173 178 171 167 167 166 165 163 162 162 161 162 158 158 159 155 153 154 156 162 163 162 162 164 164 166 169 165 163 164 165 163 164 164 164 166 165 163 163 165 166 166 165 167 168 170 172 172 172 174 175 176 177 177 177 177 177 175 175 176 176 178 178 180 176 176 176 175 177 175 174 175 175 174 175 177 176 179 174 175 177 178 178 179 188 178 181 178 176 172 168
175 175 177 176 174 176 168 170 168 166 164 164 163 161 161 160 160 158 156 155 157 157 159 162 161 160 163 165 166 165 162 164 164 165 168 164 164 164 166 164 164 164 164 167 166 165 165 167 167 169 169 174 174 174 176 177 177 177 176 176 174 174 173 176 175 176 176 178 176 176 174 173 173 173 170 170 171 170 175 175 175 172 172 174 174 175 175 174 175 176 174 173 171 170
169 174 182 185 180 178 173 175 173 168 167 166 165 162 163 161 158 160 155 157 158 158 159 160 160 164 164 165 165 165 164 167 167 168 166 165 164 164 164 165 164 164 164 166 166 167 166 167 168 170 171 172 172 172 176 177 177 177 174 173 173 174 172 172 173 174 175 176 175 175 175 174 173 173 172 169 169 170 170 170 172 172 172 175 174 175 173 172 172 172 171 172 171 171
174 177 181 184 184 180 173 171 170 169 168 169 168 166 167 164 161 160 157 160 162 159 157 159 163 166 166 168 168 169 166 167 170 166 167 163 164 166 165 166 166 165 165 166 166 167 169 168 169 169 169 171 171 173 174 175 174 174 173 172 172 170 173 174 175 175 175 175 174 175 174 174 174 173 170 170 170 170 171 170 171 172 175 174 174 173 173 173 172 170 170 170 169 170
178 181 181 184 191 186 178 170 173 170 174 175 171 170 170 170 167 162 161 163 163 163 162 164 164 166 170 170 171 172 172 170 169 170 164 164 164 166 165 164 165 164 164 166 167 167 169 168 169 170 170 172 171 171 171 172 173 173 174 171 170 170 172 173 174 174 173 173 174 175 172 172 172 172 171 169 170 169 169 170 172 171 173 173 173 173 173 171 170 171 170 172 172 171
181 179 180 184 184 188 179 177 179 176 178 178 175 177 178 173 170 165 163 164 163 164 163 164 163 164 166 169 171 171 171 168 168 167 164 164 164 165 165 165 164 167 165 167 167 167 168 170 169 170 171 172 171 171 171 172 173 173 173 170 171 172 171 173 174 174 174 174 173 173 172 171 171 172 171 169 170 170 169 172 172 172 172 173 172 173 173 171 171 171 172 172 172 172
181 180 178 178 179 179 182 179 176 176 178 178 178 179 176 177 173 167 163 161 161 162 164 163 162 165 165 166 170 175 174 169 168 167 168 164 164 167 164 167 168 167 166 167 167 167 168 168 170 170 171 171 171 173 171 171 172 172 172 172 171 171 171 172 174 173 175 173 173 174 172 172 170 171 170 170 170 170 170 172 172 172 171 173 172 173 172 171 171 171 172 172 172 172
176 180 181 176 176 175 180 178 175 173 175 176 176 178 176 174 171 167 160 161 162 162 162 163 164 164 164 165 170 172 168 169 168 167 167 164 167 168 165 168 169 170 170 166 170 169 169 170 170 171 171 172 172 171 172 170 170 169 174 174 173 171 173 172 172 172 172 173 172 172 171 171 169 170 170 170 172 173 172 172 172 174 174 173 173 172 174 174 173 173 172 172 173 172
174 173 175 171 172 171 170 175 172 174 173 175 176 176 176 173 169 168 170 167 162 163 163 163 163 162 165 167 166 168 164 166 163 163 165 164 168 167 168 170 170 171 170 172 168 169 169 170 170 171 171 170 170 170 170 171 171 171 172 172 172 171 173 173 172 173 173 172 171 171 170 169 169 171 171 171 172 174 173 175 175 176 174 173 174 174 174 174 174 173 173 172 173 172
171 171 169 168 168 165 168 171 166 170 168 171 171 171 171 171 172 166 169 167 163 163 163 163 162 163 164 165 167 167 166 166 166 163 164 164 168 168 168 170 169 170 171 170 169 169 170 169 170 170 169 170 170 170 171 170 172 172 172 173 173 172 171 173 172 172 173 172 171 170 169 168 169 171 170 172 172 174 177 177 177 178 174 173 174 174 173 173 174 175 173 173 173 174
168 168 167 166 165 166 166 165 166 165 165 169 166 169 170 171 170 172 170 166 164 164 163 163 163 163 165 166 166 169 166 167 168 166 164 164 168 169 168 170 170 171 172 172 173 176 174 172 173 172 171 170 170 172 173 171 171 172 175 175 173 172 172 172 172 172 171 171 171 171 170 170 171 171 169 171 173 176 178 179 178 178 175 174 174 174 173 173 173 174 174 176 178 175
169 167 167 167 169 165 166 167 165 164 164 165 165 169 170 170 171 173 168 166 164 166 165 164 163 164 164 166 164 165 168 168 163 163 163 165 166 167 169 169 170 172 171 172 172 175 174 174 172 174 173 172 172 172 175 173 174 172 174 172 173 174 174 174 173 173 172 172 171 170 170 171 170 171 170 172 172 176 178 178 178 177 176 176 175 175 173 173 176 177 178 178 179 178
169 171 168 168 167 167 169 165 164 166 163 167 167 169 171 172 172 172 168 168 165 164 165 165 166 164 164 164 164 165 165 165 162 162 163 165 166 167 168 171 170 171 172 172 172 173 174 172 172 173 173 173 173 173 173 174 174 175 174 173 173 174 175 175 174 174 174 172 170 170 170 171 170 172 171 171 172 172 176 176 176 178 178 177 177 177 180 179 177 179 179 179 181 179
171 170 168 166 167 167 168 164 166 165 164 165 167 167 170 171 171 171 172 167 167 164 165 165 165 164 165 164 161 164 164 162 165 166 163 166 166 166 168 169 171 171 172 171 171 172 171 172 172 172 172 174 175 174 175 174 174 175 174 172 173 174 175 175 174 174 174 172 173 170 171 170 170 172 172 174 174 174 175 175 175 177 178 179 179 179 179 179 179 179 181 180 184 184
171 170 166 166 167 167 166 167 167 166 165 164 167 169 171 173 171 173 175 167 168 165 166 165 165 167 167 166 164 163 161 164 164 164 165 164 166 167 168 170 170 171 172 171 171 172 172 172 171 175 173 174 176 174 173 175 175 174 174 174 174 174 174 175 174 174 173 172 172 171 170 170 171 174 172 174 174 175 175 175 177 177 177 178 179 179 179 182 182 185 186 181 183 185
171 169 168 165 164 166 166 166 168 169 169 165 166 169 172 176 176 174 173 169 169 167 167 167 170 167 168 166 164 160 165 164 165 166 166 165 166 166 168 168 172 171 171 170 172 171 172 173 174 173 174 174 173 174 175 175 174 175 177 175 175 175 175 174 173 173 173 172 172 170 170 170 172 173 174 173 173 173 175 174 176 175 177 177 179 179 181 185 186 188 187 188 186 185
168 167 167 166 163 162 166 168 170 170 171 170 168 171 172 174 177 172 170 170 168 170 171 169 171 170 167 167 164 161 165 162 163 166 166 166 163 167 171 168 169 170 169 170 172 173 171 172 171 172 171 173 173 175 174 176 176 175 176 178 176 176 176 174 172 172 172 171 171 170 169 170 172 172 173 173 173 174 175 173 173 175 177 178 181 181 186 190 189 193 190 189 191 190
171 169 167 166 162 162 163 169 170 171 170 173 169 169 171 171 172 172 169 166 169 173 173 173 173 173 167 166 164 161 162 165 164 164 165 167 164 167 167 169 170 170 168 170 171 172 173 174 174 174 173 174 174 173 175 176 176 176 175 176 176 176 177 176 175 175 172 173 171 171 170 171 172 173 173 173 176 176 174 173 173 175 175 181 181 187 188 191 195 195 196 194 195 192
171 169 166 166 164 164 165 168 171 172 173 174 174 170 169 167 165 166 172 172 172 169 172 173 174 173 167 164 164 163 163 162 162 161 162 166 166 163 165 169 169 169 169 171 170 171 172 174 175 174 174 174 173 175 174 176 176 176 176 176 176 178 177 175 174 174 173 173 173 170 169 170 171 172 173 173 176 174 175 174 175 177 177 181 184 186 189 191 195 196 197 192 191 191
171 170 170 168 167 166 165 167 173 172 172 174 177 177 171 167 173 173 174 176 175 171 174 173 176 174 167 163 164 161 161 161 162 162 163 166 164 164 166 167 168 168 168 168 171 172 173 173 175 174 174 174 175 174 177 175 175 174 176 176 177 178 178 176 174 174 173 170 170 169 166 168 169 172 171 174 174 176 175 174 175 178 177 180 183 185 188 190 195 196 200 193 197 193
171 172 172 169 169 166 169 171 174 176 175 169 176 177 175 171 167 171 175 177 175 172 173 171 174 173 167 165 168 165 163 161 162 163 164 164 162 164 167 167 166 166 167 167 170 170 172 173 174 173 173 176 175 173 174 177 174 175 175 174 175 176 176 176 176 172 171 169 168 165 166 168 167 168 173 174 174 174 176 177 177 178 178 180 184 188 187 190 195 199 200 203 202 198
175 175 172 169 168 168 170 174 176 176 179 174 177 180 175 170 171 168 172 178 175 174 175 172 174 173 169 165 162 162 162 161 163 164 166 166 162 165 166 167 167 169 170 168 170 170 171 173 175 174 172 175 174 173 175 175 175 175 176 174 174 176 176 175 176 175 170 169 169 169 164 166 167 167 173 174 174 175 177 178 178 179 179 186 184 185 188 192 193 195 198 200 202 199
