Climate/data/grids_germany_multi_annual_precipitation_1981-2010_17.asc
NCOLS 654
NROWS 866
XLLCORNER 3280414.711633467
YLLCORNER 5237500.62890625
CELLSIZE 1000
NODATA_VALUE -999
[rows 533 to 573 of 866, columns 0 to 91 of 654]
-999 -999 -999 -999 -999 -999 -999 -999 -999 -999 -999 -999 -999 -999 -999 -999 -999 -999 918 909 905 941 895 953 944 926 955 980 1059 1108 1033 1012 1025 975 1021 978 1064 1002 1015 1063 1038 1083 1082 1033 990 978 952 977 1038 899 981 970 953 918 858 859 949 970 982 1026 991 996 970 901 918 905 871 888 867 918 900 867 833 849 887 815 811 806 830 767 829 820 809 859 855 769 725 728 708 710 729 720
-999 -999 -999 -999 -999 -999 -999 -999 -999 -999 -999 -999 -999 -999 -999 -999 -999 841 884 909 902 909 903 948 932 976 964 989 1039 1057 1033 975 1004 945 946 1046 1024 953 1022 1030 1033 1020 1025 1007 1023 1010 961 1028 1005 942 990 925 927 925 893 928 957 997 991 991 1054 1013 948 965 897 889 855 858 897 929 924 885 860 838 884 853 846 803 806 825 853 905 895 911 869 817 786 793 753 732 726 717
-999 -999 -999 -999 -999 -999 -999 -999 -999 -999 -999 -999 -999 -999 -999 -999 -999 833 846 914 937 941 959 962 971 924 967 1019 1012 1005 998 961 990 945 1002 980 971 952 1015 995 1017 1029 1047 1034 1039 971 1005 962 937 925 881 894 972 980 862 977 977 1032 1011 1037 1085 993 966 967 902 867 864 911 951 948 915 861 842 837 827 888 841 835 834 896 846 888 892 880 886 841 774 807 833 808 770 751
-999 -999 -999 -999 -999 -999 -999 -999 -999 -999 -999 -999 -999 -999 -999 -999 -999 878 887 870 859 926 980 984 964 925 961 969 968 991 998 946 1017 918 1007 970 939 984 965 1019 1012 1043 1047 1048 1017 1047 1016 1027 1000 962 922 889 913 932 922 919 943 1053 1056 1091 1031 966 1013 936 926 875 925 909 921 910 903 874 838 834 837 813 827 816 854 859 782 894 815 908 893 874 819 791 803 798 805 778
-999 -999 -999 -999 -999 -999 -999 -999 -999 -999 -999 -999 -999 -999 -999 925 864 912 940 936 979 928 963 960 940 942 960 954 984 936 951 981 984 987 950 921 1006 964 971 998 996 1042 1017 1043 1078 1121 1052 1017 1002 990 928 963 942 982 1015 1020 969 1086 1057 1071 1023 962 901 948 915 876 927 919 908 875 904 880 862 799 856 811 830 794 840 837 813 811 852 833 885 888 871 818 797 758 801 782
-999 -999 -999 -999 -999 -999 -999 -999 -999 -999 -999 -999 -999 -999 967 949 902 938 982 1002 956 975 951 994 942 972 934 924 973 978 904 950 949 915 906 943 1001 953 968 971 1010 1027 1019 1042 1095 1045 1053 1028 1011 991 965 970 992 1012 1045 1029 1071 997 1035 994 1040 986 901 964 910 911 916 869 920 866 900 869 845 819 836 828 896 825 845 846 839 818 820 807 845 864 905 873 827 847 798 779
-999 -999 -999 -999 -999 -999 -999 -999 -999 -999 -999 -999 -999 -999 944 874 872 962 979 1002 995 1013 1008 973 959 917 957 908 939 941 914 889 909 954 969 982 969 935 962 1000 1004 1009 1028 1096 1056 1057 1002 965 974 955 975 932 979 1008 959 1058 1102 1024 1019 1052 1049 1033 946 882 948 903 904 928 912 891 869 884 876 860 824 865 872 878 845 789 836 869 853 796 858 856 871 877 867 844 817 809
-999 -999 -999 -999 -999 -999 -999 -999 -999 -999 -999 -999 -999 951 969 865 936 999 1004 991 1000 1003 1004 1004 1020 988 932 928 924 941 901 964 1007 983 986 1036 978 945 977 967 1008 1008 1019 1064 1086 1033 1026 958 1012 960 948 969 950 1003 1055 1080 1096 1069 1053 971 964 965 987 969 884 938 933 916 882 875 917 930 869 874 818 883 865 911 893 889 848 869 917 854 704 869 882 847 833 821 826 813
-999 -999 -999 -999 -999 -999 -999 -999 -999 -999 -999 -999 -999 920 944 874 920 970 1007 995 1005 989 1009 1022 1006 965 976 928 929 948 918 1007 969 1002 1019 1017 971 977 952 989 1006 995 1027 1067 1026 1015 986 1074 1017 905 949 998 1023 974 1059 1127 1060 1060 1066 971 932 1031 989 898 866 964 932 885 862 857 905 931 887 833 853 855 884 894 863 875 892 911 926 917 815 707 828 808 825 773 747 780
-999 -999 -999 -999 -999 -999 -999 -999 -999 -999 -999 -999 -999 962 894 869 909 957 1012 969 984 996 987 1018 1002 965 953 912 925 871 914 948 967 985 1002 990 929 971 955 955 989 1009 1034 1035 1045 1017 1073 999 1021 914 1054 1088 1036 1073 1095 1151 1097 1034 1031 945 981 1028 970 889 923 896 937 889 856 882 902 875 847 852 800 854 849 832 862 872 876 896 906 885 884 856 710 749 819 818 787 762
-999 -999 -999 -999 -999 -999 -999 -999 -999 -999 -999 -999 -999 972 930 866 947 994 991 984 1009 1002 1007 1015 1007 977 913 893 911 882 892 911 961 958 987 972 927 934 926 973 1061 1023 1004 1004 1019 1008 992 1016 931 954 953 977 1098 1088 1104 1022 987 994 1009 983 983 988 986 941 934 920 943 902 867 856 880 906 911 847 844 817 833 836 860 863 901 894 874 827 855 841 803 713 801 596 605 678
-999 -999 -999 -999 -999 -999 -999 -999 -999 -999 -999 -999 -999 916 873 968 999 968 960 987 997 1014 977 965 996 981 965 953 921 855 873 963 896 917 972 979 978 904 995 1049 977 994 973 1021 1028 1080 1083 1098 977 974 1055 1014 1020 1150 1057 1022 987 986 1000 965 1000 957 964 856 972 965 926 871 855 874 899 870 871 861 822 783 803 843 844 861 891 863 850 820 843 845 830 682 739 660 797 831
-999 -999 -999 -999 -999 -999 -999 -999 -999 -999 -999 -999 -999 960 979 978 976 994 1024 1029 1014 1017 990 1008 1010 973 956 903 898 852 885 958 1000 1037 1006 946 897 979 1004 992 976 1036 1015 1031 1049 1020 1026 979 1037 1065 1088 1104 1135 1081 1028 994 1020 1000 933 931 991 990 923 860 919 953 934 923 874 878 881 908 863 888 865 841 771 843 818 836 860 838 815 811 804 835 827 789 644 672 769 675
-999 -999 -999 -999 -999 -999 -999 -999 -999 -999 -999 -999 -999 973 923 995 963 981 1028 1010 985 976 977 1025 1005 990 1009 942 905 868 926 954 1008 988 1028 957 960 948 990 969 959 977 1010 1016 1044 1032 1019 951 1009 1089 1118 1101 1072 1024 1004 1005 1000 968 913 992 965 916 873 928 941 943 948 919 885 868 903 879 901 847 847 828 816 845 824 825 787 793 791 728 776 810 818 771 714 723 826 846
-999 -999 -999 -999 -999 -999 -999 -999 -999 -999 -999 -999 -999 920 939 1008 987 955 1002 1006 985 951 1006 1006 1048 1033 1003 961 960 888 932 933 970 973 1057 1033 961 895 936 945 940 1003 982 1029 1041 1084 1079 936 957 1029 1126 1056 1075 1064 1054 1017 1024 978 966 982 984 950 915 971 940 952 958 917 924 869 890 904 867 855 837 848 857 845 808 805 770 712 657 634 798 803 824 820 816 805 840 856
-999 -999 -999 -999 -999 -999 -999 -999 -999 -999 -999 -999 -999 916 998 1028 1045 1020 938 1001 943 1001 1011 1032 1032 1047 1016 954 887 884 942 884 987 957 1005 1003 978 943 897 972 958 958 956 1048 1049 1055 1070 906 985 942 1048 1040 1012 1028 1020 964 1004 996 979 914 965 939 865 895 979 965 926 918 914 922 869 905 851 857 819 860 843 832 782 793 783 722 778 637 730 667 690 799 826 815 831 788
-999 -999 -999 -999 -999 -999 -999 -999 -999 -999 -999 -999 -999 967 1026 1021 1027 1049 998 917 923 999 1032 1034 1017 1031 1024 985 904 898 866 929 954 975 970 990 984 917 864 982 922 999 995 1006 1026 987 1048 911 955 1013 1032 1072 1015 991 994 941 988 1005 864 959 904 931 871 969 970 984 964 946 871 906 908 823 844 860 808 840 858 824 726 809 803 788 705 813 764 724 713 814 853 783 666 659
-999 -999 -999 -999 -999 -999 -999 -999 -999 -999 -999 -999 -999 890 1019 1032 1024 1031 988 915 997 1036 1012 1001 1022 1025 1030 1005 987 947 857 923 926 976 990 1008 953 976 931 895 965 901 1017 1008 986 1009 1013 904 925 1047 1048 1029 1020 937 980 971 1032 1025 908 956 959 918 923 933 926 942 939 941 917 902 907 865 844 855 802 842 729 826 794 872 823 827 796 783 580 639 587 663 773 780 705 882
-999 -999 -999 -999 -999 -999 -999 -999 -999 -999 -999 -999 -999 945 1042 1030 1025 1032 941 917 1024 1024 962 1039 1063 1043 1008 1005 969 914 893 869 834 904 975 964 931 918 947 934 945 947 981 964 944 1001 914 851 920 1024 1011 1001 983 925 921 969 1023 993 971 919 948 872 915 900 925 937 931 922 911 844 902 854 815 844 845 862 819 849 754 815 843 831 819 762 682 651 728 630 635 695 610 682
-999 -999 -999 -999 -999 -999 -999 -999 -999 -999 -999 -999 -999 917 1046 994 1026 995 921 1020 995 1004 963 1031 1047 1050 976 993 969 918 973 865 811 898 970 964 931 924 943 930 856 941 954 958 917 910 982 841 976 978 993 975 957 936 999 1006 1021 945 958 930 922 872 883 815 900 921 893 907 905 850 887 870 860 815 854 825 719 817 839 796 740 838 735 810 757 580 659 810 793 589 594 711
-999 -999 -999 -999 -999 -999 -999 -999 -999 -999 -999 -999 -999 882 1018 997 993 990 965 971 996 1025 963 993 1017 998 987 996 1010 1002 987 989 963 858 846 974 904 891 932 894 837 914 920 924 925 907 963 808 961 954 940 934 953 964 860 899 1004 942 907 924 876 861 792 849 911 924 912 909 896 891 813 859 862 764 851 868 858 721 736 757 716 819 769 811 760 589 750 684 687 731 804 867
-999 -999 -999 -999 -999 -999 -999 -999 -999 -999 -999 -999 -999 -999 951 1014 1005 973 984 890 1001 1027 985 998 991 1003 934 1010 948 1001 997 973 950 908 786 836 924 896 878 911 833 887 919 889 852 867 906 828 884 906 914 901 929 900 889 909 958 969 912 907 874 848 820 873 906 877 907 903 871 877 850 826 877 819 871 888 833 724 847 827 778 690 621 618 848 596 737 735 769 841 858 871
-999 -999 -999 -999 -999 -999 -999 -999 -999 -999 -999 -999 -999 -999 909 1007 924 924 886 893 1002 1024 976 935 914 1017 899 979 990 919 937 976 945 822 778 877 904 906 838 873 850 883 899 862 850 925 803 866 892 903 907 894 879 909 901 884 905 935 919 904 893 834 821 824 872 887 896 886 861 890 886 812 863 786 888 874 868 886 865 833 794 880 767 675 626 601 723 803 841 840 855 852
-999 -999 -999 -999 -999 -999 -999 -999 -999 -999 -999 -999 -999 -999 894 924 876 991 953 955 1018 1041 1035 980 894 961 947 968 879 875 979 985 948 905 834 876 888 862 858 864 812 889 881 871 782 865 885 897 911 903 899 902 862 856 872 909 896 826 866 892 868 839 824 791 863 877 880 807 887 913 926 890 880 744 880 896 902 870 919 923 870 801 792 647 730 611 617 661 715 646 713 802
-999 -999 -999 -999 -999 -999 -999 -999 -999 -999 -999 -999 -999 -999 909 974 896 1009 1043 1038 1003 961 1019 982 994 889 998 1005 946 892 972 981 910 832 786 859 860 857 871 862 803 870 886 854 811 823 844 880 896 891 872 880 849 852 857 887 919 912 814 850 840 827 831 807 827 826 856 878 912 932 912 820 846 743 823 911 902 910 842 811 769 716 731 656 608 652 602 683 593 786 881 837
-999 -999 -999 -999 -999 -999 -999 -999 -999 -999 -999 -999 -999 -999 906 905 968 1032 994 1031 965 1015 1050 1034 1022 853 968 958 953 947 933 924 891 856 844 792 845 838 849 838 804 890 887 852 809 821 870 862 853 846 865 847 849 845 849 778 892 890 861 796 817 828 854 882 873 798 886 888 935 852 832 809 835 815 763 781 814 824 798 750 727 742 664 711 621 754 660 755 719 629 727 855
-999 -999 -999 -999 -999 -999 -999 -999 -999 -999 -999 -999 -999 -999 852 881 973 965 1014 952 974 1033 1020 1041 1004 976 904 926 910 931 917 900 900 884 883 917 834 819 841 856 811 869 891 892 876 789 858 847 853 839 848 821 814 795 848 816 831 881 850 834 816 817 864 879 892 816 756 762 812 810 806 798 789 770 769 771 774 750 732 762 713 690 781 857 644 777 745 599 632 662 656 672
-999 -999 -999 -999 -999 -999 -999 -999 -999 -999 -999 -999 -999 -999 -999 900 833 930 1029 979 961 1012 957 1029 961 931 854 914 919 895 901 906 844 914 801 868 778 803 840 843 834 857 877 866 841 769 864 850 845 839 836 806 796 822 828 850 853 872 842 816 817 784 841 864 874 894 857 749 823 775 781 765 746 736 741 750 726 717 726 712 737 763 896 872 679 772 806 822 770 680 690 786
-999 -999 -999 -999 -999 -999 -999 -999 -999 -999 -999 -999 -999 -999 -999 864 824 957 1021 1020 980 1024 987 966 947 995 872 881 879 878 903 873 898 882 840 801 772 818 799 829 810 845 849 828 807 750 822 838 832 818 819 812 782 801 813 843 812 835 817 819 835 836 824 864 890 834 795 737 756 764 746 735 729 730 713 718 730 753 770 813 802 902 904 863 627 789 834 855 862 856 702 631
-999 -999 -999 -999 -999 -999 -999 -999 -999 -999 -999 -999 -999 -999 -999 921 828 958 890 999 965 958 945 986 935 971 902 830 851 899 883 895 827 861 851 778 797 817 829 825 785 824 840 805 806 758 792 804 814 807 808 809 784 772 816 830 774 780 817 809 822 802 866 857 832 780 763 741 745 740 732 730 720 716 721 719 742 776 886 953 927 930 897 841 638 754 834 824 782 791 843 808
-999 -999 -999 -999 -999 -999 -999 -999 -999 -999 -999 -999 -999 -999 -999 889 857 857 810 982 992 909 967 871 912 926 880 836 875 930 918 880 874 799 805 828 843 848 828 814 788 826 821 806 817 826 750 835 808 800 766 765 772 784 794 825 786 769 752 779 841 842 854 850 770 758 753 747 745 730 719 724 718 706 725 734 770 759 771 884 840 762 695 642 747 653 673 732 690 668 716 761
-999 -999 -999 -999 -999 -999 -999 -999 -999 -999 -999 -999 -999 -999 -999 973 889 875 850 911 995 932 876 898 881 867 916 829 842 922 936 915 881 852 807 824 857 850 803 804 834 828 827 824 824 853 785 750 768 757 770 760 749 809 805 813 792 762 811 834 835 768 857 835 786 765 774 778 778 760 727 700 707 708 784 761 676 705 727 688 722 711 658 655 781 617 656 707 818 828 762 809
-999 -999 -999 -999 -999 -999 -999 -999 -999 -999 -999 -999 -999 -999 -999 -999 959 988 951 880 896 860 846 874 889 855 869 879 868 921 919 902 849 832 775 813 826 835 798 798 793 821 843 850 852 866 851 780 800 688 758 765 776 805 792 799 825 794 810 809 726 836 825 808 762 756 820 784 775 741 724 699 697 695 747 870 685 805 830 754 734 743 743 698 766 650 667 824 834 834 837 766
-999 -999 -999 -999 -999 -999 -999 -999 -999 -999 -999 -999 -999 -999 -999 -999 921 1001 893 799 844 832 852 854 915 860 904 865 830 835 898 874 822 779 826 831 846 810 794 789 809 837 844 869 867 859 867 774 808 733 762 815 802 789 799 817 819 807 798 809 799 788 774 742 737 791 791 775 739 727 719 717 713 811 878 796 674 721 824 858 853 781 904 726 674 622 824 776 838 837 790 767
-999 -999 -999 -999 -999 -999 -999 -999 -999 -999 -999 -999 -999 -999 -999 -999 -999 933 920 871 799 825 857 845 888 877 889 887 916 834 885 851 825 767 820 831 856 781 781 801 808 845 864 870 869 875 864 828 764 811 824 824 820 825 827 853 820 770 808 813 788 805 726 727 860 763 735 738 720 729 763 718 723 724 738 756 840 743 662 783 879 878 910 848 663 791 842 801 704 811 814 825
-999 -999 -999 -999 -999 -999 -999 -999 -999 -999 -999 -999 -999 -999 -999 -999 -999 845 871 829 806 788 861 823 860 875 910 930 910 884 804 852 833 793 821 880 848 795 772 788 818 840 865 870 871 863 806 746 764 837 839 828 837 828 840 842 843 804 811 812 839 828 789 746 746 726 730 735 737 769 855 756 738 740 732 702 693 719 782 709 677 891 913 750 740 816 796 840 806 812 784 818
-999 -999 -999 -999 -999 -999 -999 -999 -999 -999 -999 -999 -999 -999 -999 -999 -999 -999 -999 812 798 822 870 821 840 826 909 896 900 873 855 793 819 761 815 893 850 779 786 815 813 836 854 873 871 865 834 825 730 861 859 850 844 838 860 858 870 848 804 861 855 838 788 767 715 703 733 751 770 878 796 741 721 716 697 678 718 693 799 802 703 707 888 765 687 831 841 810 849 846 856 821
-999 -999 -999 -999 -999 -999 -999 -999 -999 -999 -999 -999 -999 -999 -999 -999 -999 -999 -999 820 775 811 896 837 858 902 892 879 859 841 784 856 791 839 895 890 771 788 805 833 857 869 865 865 866 842 874 789 821 845 866 843 853 861 863 881 862 867 830 804 856 788 743 726 725 705 745 733 810 813 863 775 714 732 695 701 696 721 756 809 800 681 774 888 757 648 670 778 799 844 898 899
-999 -999 -999 -999 -999 -999 -999 -999 -999 -999 -999 -999 -999 -999 -999 -999 -999 -999 -999 -999 914 809 868 882 873 861 855 869 840 826 792 766 802 784 892 891 782 782 805 830 848 847 875 889 874 849 857 839 808 826 841 874 885 883 886 881 824 817 865 802 845 757 730 726 702 734 745 780 830 919 917 915 668 686 657 662 674 671 663 684 698 838 868 814 680 820 776 753 825 897 892 892
-999 -999 -999 -999 -999 -999 -999 -999 -999 -999 -999 -999 -999 -999 -999 -999 -999 -999 -999 -999 816 881 790 765 805 845 897 876 839 906 857 826 794 755 790 886 807 790 856 827 832 882 824 890 848 865 791 839 855 845 861 867 857 866 879 857 840 881 893 867 803 746 714 749 693 729 813 889 864 934 813 710 682 771 727 681 665 812 695 794 860 822 802 819 823 779 789 806 783 836 880 882
-999 -999 -999 -999 -999 -999 -999 -999 -999 -999 -999 -999 -999 -999 -999 -999 -999 -999 -999 -999 -999 849 764 756 834 842 846 908 881 907 929 922 906 877 758 874 767 800 815 859 892 912 903 859 840 852 810 771 726 854 845 847 873 880 886 887 880 864 901 837 744 729 707 701 694 747 880 880 684 690 688 680 739 801 775 676 683 812 858 872 916 847 838 835 774 756 834 801 839 833 873 883
