Climate/data/grids_germany_multi_annual_air_temp_mean_1981-2010_09.asc
NCOLS 654
NROWS 866
XLLCORNER 3280414.711633467
YLLCORNER 5237500.62890625
CELLSIZE 1000
NODATA_VALUE -999
[rows 779 to 819 of 866, columns 282 to 375 of 654]
131 126 127 128 126 126 128 127 127 129 126 127 128 129 129 131 130 130 131 131 131 131 132 131 130 129 130 126 127 127 129 129 130 130 131 131 130 130 129 128 126 128 129 129 129 129 130 127 129 129 129 127 127 128 129 130 130 130 130 130 130 130 130 130 130 130 130 129 130 131 131 131 130 131 131 131 131 132 129 130 130 130 130 130 130 129 129 130 132 130 131 131 132 133
131 129 127 127 126 126 128 127 128 128 126 127 128 128 129 131 129 130 131 131 131 131 132 132 130 129 129 127 126 127 128 129 130 130 130 128 130 130 129 129 126 128 129 128 129 129 129 129 129 129 129 129 127 127 128 129 130 130 130 130 130 130 130 130 130 130 129 129 129 130 131 131 131 131 131 131 131 131 129 129 130 129 129 130 129 129 130 130 130 130 132 131 131 133
129 126 127 126 126 125 126 126 127 128 126 128 127 128 128 130 129 130 131 131 131 131 131 131 130 128 128 126 126 127 129 129 129 130 130 129 130 130 129 129 126 128 129 129 128 128 128 129 129 129 129 129 126 127 128 129 130 130 130 130 130 130 130 130 130 130 129 129 129 130 130 131 130 130 131 131 131 131 130 129 129 129 129 129 129 128 130 129 129 129 128 131 131 133
128 126 126 125 126 125 126 125 126 128 127 127 128 127 130 129 128 130 130 131 131 131 131 131 129 129 129 126 128 129 129 129 129 129 130 129 129 129 129 128 128 128 129 130 128 128 127 129 129 128 128 129 127 127 127 129 130 130 130 130 130 130 129 130 129 129 129 129 130 130 130 131 129 129 130 130 131 131 132 129 129 129 129 128 128 127 128 129 130 129 129 130 131 133
126 127 127 125 127 125 125 126 126 125 126 126 127 129 130 128 128 129 130 131 131 131 131 130 130 130 130 130 129 129 129 129 129 128 129 129 129 129 129 129 128 130 129 129 129 129 128 129 129 129 129 129 128 127 128 129 130 129 129 129 130 130 129 129 129 130 130 130 130 130 130 130 129 129 130 130 131 132 132 129 128 129 128 128 129 127 127 129 128 128 128 129 131 133
127 125 125 124 126 125 124 125 126 124 125 125 126 128 128 127 127 128 130 131 131 131 130 130 130 130 130 130 128 129 129 129 129 128 129 129 129 129 128 129 129 129 129 128 128 128 127 129 129 129 129 129 129 127 127 128 129 129 129 129 129 129 129 129 129 130 130 129 130 130 130 130 128 128 129 130 130 131 129 129 128 128 128 128 128 128 129 129 128 128 128 128 130 133
127 126 124 124 125 125 124 124 125 125 126 129 128 127 127 129 127 129 130 130 131 130 130 130 130 130 129 130 128 128 128 128 129 128 129 125 128 128 128 128 129 128 127 127 128 128 127 127 128 129 129 127 128 126 127 129 128 129 129 129 129 127 129 129 130 129 129 129 129 129 130 130 128 128 130 130 130 131 129 129 128 128 127 128 128 128 129 129 128 128 128 128 130 132
128 125 125 125 124 124 124 125 127 125 125 129 126 126 127 129 127 127 130 130 131 130 130 129 130 130 130 130 128 128 128 128 128 128 128 125 129 128 129 129 129 128 128 127 128 126 127 127 126 129 128 126 128 127 127 128 128 128 129 129 129 126 129 130 130 128 129 129 129 129 129 130 127 128 130 130 130 131 128 128 128 128 127 127 127 127 128 128 128 128 127 127 129 132
128 125 126 124 124 124 124 126 127 125 125 128 125 127 127 129 127 127 130 131 131 130 129 129 130 130 130 130 129 128 128 128 128 129 128 125 127 129 128 128 128 129 127 127 128 125 127 127 128 128 126 126 128 128 128 128 128 128 129 129 129 127 128 129 129 129 129 129 129 129 129 129 129 129 129 129 130 131 129 128 128 127 127 127 127 127 127 128 127 127 127 128 129 131
128 127 124 123 123 124 124 125 126 126 127 127 126 126 126 127 127 127 130 130 130 129 128 129 129 129 129 129 129 128 128 128 128 129 128 125 127 127 128 128 128 128 127 128 127 125 126 127 128 127 125 125 127 127 127 127 128 127 128 129 129 128 128 128 128 128 129 128 128 128 129 128 128 129 129 129 130 130 127 127 127 127 126 127 127 126 127 128 127 126 127 127 129 130
128 127 124 123 123 123 124 126 126 126 127 127 125 125 126 126 127 127 130 130 130 128 128 128 128 128 129 129 129 128 127 127 128 127 129 126 125 125 127 128 127 128 127 126 126 125 124 126 128 126 125 125 127 127 127 127 127 127 128 128 128 128 128 125 128 128 128 128 128 128 128 127 126 129 129 129 129 131 127 127 127 126 125 126 127 127 127 127 126 127 126 129 130 130
128 127 125 125 124 124 126 126 126 126 127 125 125 125 125 126 126 126 130 130 129 128 128 128 128 128 129 129 128 127 126 127 127 126 127 128 124 125 125 127 127 128 126 126 124 124 124 127 127 127 124 124 129 127 126 128 128 128 129 129 129 129 129 127 127 128 128 128 128 128 127 126 125 129 129 128 130 131 126 126 126 126 125 126 126 127 127 126 128 126 126 129 129 130
126 126 126 126 125 126 127 126 125 125 124 125 124 125 125 126 126 126 130 130 129 128 128 128 128 128 128 129 128 128 127 127 126 127 128 128 124 125 125 125 124 128 123 124 123 123 125 127 127 126 123 126 126 127 126 127 127 129 128 128 128 128 128 127 127 127 128 127 127 126 125 128 127 126 129 129 128 130 132 127 125 126 127 126 126 127 127 126 126 126 127 129 130 131
124 125 127 127 127 127 127 127 124 125 123 125 123 124 124 125 126 127 129 129 130 128 127 127 128 128 127 128 128 128 127 126 124 126 127 127 124 123 123 126 124 126 126 123 123 123 126 125 126 123 126 126 124 126 124 127 128 129 129 128 128 128 127 127 127 127 127 127 127 125 126 127 126 128 129 129 129 129 130 130 128 129 128 127 125 127 127 126 127 128 127 131 131 131
123 127 127 127 127 127 126 124 123 125 123 124 124 123 124 125 125 125 129 129 130 129 127 127 127 128 125 128 128 128 128 125 124 123 126 127 127 124 124 123 124 124 127 122 122 123 123 123 125 123 125 124 125 125 124 127 128 129 129 127 128 128 127 126 127 127 127 127 126 124 125 126 127 127 128 128 128 128 129 130 131 128 128 127 127 126 127 125 126 128 129 130 131 132
125 127 127 127 127 125 125 123 122 124 123 123 123 123 124 125 125 129 129 129 127 129 127 127 127 127 124 128 129 127 128 128 123 123 126 126 126 125 123 125 122 122 126 122 121 124 121 121 122 125 125 125 123 123 124 126 127 128 128 127 127 127 126 126 126 126 126 126 126 124 124 124 127 126 126 128 127 128 128 128 131 131 127 128 127 127 126 126 126 127 129 131 132 131
127 127 127 127 127 126 124 122 123 123 123 123 123 123 123 124 128 128 129 129 127 127 127 127 125 127 124 127 127 128 128 128 125 123 126 126 126 122 122 123 123 121 122 126 121 123 121 120 122 123 123 125 122 123 124 123 126 126 128 127 127 127 125 125 126 126 124 126 124 124 124 126 124 126 127 126 127 127 128 128 128 130 127 128 128 129 128 126 125 126 130 130 130 130
127 127 127 125 126 125 123 125 122 123 122 123 123 122 123 124 126 127 129 128 127 127 129 128 127 124 125 124 126 127 127 127 126 123 122 125 125 125 121 121 122 120 121 126 121 120 121 121 124 121 122 124 123 122 121 121 124 126 127 127 127 127 124 124 125 125 123 123 125 125 125 124 124 126 127 125 127 127 128 130 129 127 127 127 127 128 126 126 126 128 131 132 130 130
127 127 126 122 126 127 127 127 125 123 123 122 123 123 123 128 129 129 129 126 128 128 127 129 128 126 124 126 127 127 127 127 126 124 122 124 125 121 121 121 119 120 120 124 120 120 120 122 121 121 123 124 124 123 121 122 122 126 127 128 127 126 124 126 125 123 123 125 123 123 124 123 125 124 126 125 125 125 127 127 130 130 126 127 127 127 127 126 128 129 131 132 131 131
126 126 124 122 124 127 127 127 123 124 122 122 122 124 126 128 125 128 128 126 128 127 127 126 128 127 125 126 127 126 126 126 125 124 121 121 121 124 120 120 120 120 123 121 120 119 120 121 120 121 123 124 125 124 121 123 122 125 126 127 127 125 124 126 124 122 123 124 122 122 123 122 123 124 124 124 124 125 125 127 128 128 127 127 127 128 127 128 127 125 130 133 132 132
127 126 123 122 125 127 128 127 122 122 122 123 123 124 128 128 125 125 125 126 127 127 126 126 126 127 128 125 124 124 125 126 125 120 122 121 119 121 124 119 119 118 123 120 118 118 118 119 119 121 122 122 124 122 113 121 121 126 126 127 127 125 124 124 126 125 122 122 124 121 123 122 122 124 124 124 125 125 125 126 125 126 130 128 127 127 129 127 126 124 125 130 133 132
126 125 123 123 126 127 127 127 123 122 122 127 128 128 128 123 123 125 126 126 126 126 126 126 126 126 126 124 122 122 125 126 125 124 119 121 119 120 123 121 121 118 120 124 120 119 119 118 119 121 122 121 124 122 121 119 123 125 126 125 127 125 124 123 125 124 122 123 124 121 122 122 122 122 124 123 122 125 126 127 128 129 129 129 127 128 128 127 126 126 126 130 133 133
125 124 123 124 126 126 127 127 126 126 127 128 128 128 128 126 125 123 125 126 126 126 126 126 125 125 128 121 123 123 124 126 125 125 122 119 119 119 122 118 116 120 120 124 123 120 117 117 121 121 123 122 124 124 121 120 124 125 125 125 127 125 125 124 125 122 123 124 123 120 121 121 122 123 125 123 125 126 126 127 127 125 126 128 129 129 129 130 129 128 128 131 134 132
124 124 125 126 126 126 126 127 128 128 128 127 127 127 125 125 123 125 126 126 124 125 125 125 125 125 126 121 122 122 124 125 126 125 125 119 117 119 121 119 118 118 119 122 123 120 118 117 120 120 123 123 124 124 122 120 124 125 126 124 127 126 125 125 124 123 124 124 120 121 121 120 123 125 125 126 127 126 127 128 127 125 130 127 128 129 130 131 130 128 132 132 135 133
124 125 126 126 126 125 127 127 126 127 126 127 127 127 127 125 127 125 125 125 124 124 125 125 124 125 124 128 126 125 124 125 126 125 125 124 122 120 120 120 121 119 120 122 122 119 117 117 120 121 122 124 124 124 119 122 125 126 126 126 127 127 125 125 123 124 123 124 120 120 121 119 123 125 125 126 127 127 128 128 127 125 130 127 129 130 130 131 130 129 129 132 135 135
124 123 124 126 127 127 127 127 126 125 125 127 127 127 128 127 126 126 125 125 125 124 124 124 123 124 122 122 125 126 127 124 126 126 125 125 124 119 121 120 120 117 119 122 120 121 120 120 121 122 123 123 124 124 122 125 125 125 126 127 126 126 124 125 122 124 123 123 119 119 121 119 124 126 126 126 126 127 128 129 129 130 130 129 129 130 130 130 131 124 128 133 136 136
124 125 124 128 127 127 126 127 126 126 125 126 126 127 127 126 125 126 126 125 125 124 124 123 122 123 122 122 123 128 127 125 126 127 126 125 125 124 122 120 119 117 122 122 120 120 118 119 122 122 123 124 124 124 124 124 125 125 126 126 125 126 125 123 123 123 123 122 119 117 120 123 124 125 125 126 126 127 127 128 129 127 130 130 129 131 130 129 127 123 124 132 136 134
125 125 126 128 127 127 126 127 127 124 124 125 126 127 126 125 125 125 123 125 123 123 122 123 122 122 124 125 125 125 126 129 128 127 127 126 125 124 123 119 118 117 123 121 121 119 121 120 122 122 123 124 124 125 124 124 125 126 126 127 124 126 125 123 123 123 123 123 120 117 118 123 124 125 125 125 125 126 127 129 129 125 129 129 130 130 129 130 125 131 132 136 136 135
126 127 126 128 127 126 125 126 127 124 124 125 124 126 126 126 125 125 122 123 122 121 122 121 121 122 121 123 125 128 126 129 128 128 126 127 125 125 124 119 118 116 123 121 121 119 121 121 122 122 123 124 124 125 124 125 124 126 126 125 124 126 126 124 123 123 122 121 120 119 117 121 124 124 124 125 125 126 127 129 126 128 127 128 129 129 128 130 130 134 133 136 135 135
128 127 127 128 126 125 125 125 126 125 126 124 123 125 126 125 125 124 124 123 122 120 118 120 120 120 122 118 123 123 126 128 128 128 128 127 126 125 124 123 118 118 123 121 120 117 119 120 121 122 122 124 123 124 124 125 125 125 125 124 123 126 125 124 123 119 118 121 121 120 116 120 125 124 125 125 125 127 126 123 126 127 126 128 131 128 130 132 131 134 133 132 133 131
127 126 127 127 127 126 125 127 126 124 126 124 124 124 125 125 125 123 122 123 120 119 118 119 119 120 120 121 123 123 123 126 126 128 128 128 127 126 125 123 121 120 124 123 120 117 119 121 121 123 123 123 123 123 124 124 125 125 125 124 123 126 124 124 123 119 119 121 120 119 117 122 124 123 125 128 128 128 124 124 127 126 127 127 128 128 133 134 134 128 129 128 130 132
127 127 127 127 126 126 127 126 126 126 125 124 123 123 125 125 125 124 124 122 121 118 115 117 117 118 118 118 119 122 123 124 124 125 128 127 126 127 126 125 123 124 125 123 120 117 119 120 120 122 123 123 122 123 124 124 125 125 125 124 124 126 125 125 122 120 120 121 122 121 121 123 124 125 125 126 125 125 124 125 126 125 120 126 122 124 128 127 127 129 130 128 129 129
127 127 127 128 126 127 127 126 125 126 127 124 123 125 125 125 124 124 122 122 122 117 116 113 116 117 117 115 120 119 121 122 124 125 127 126 126 126 124 124 124 126 124 124 122 120 120 119 120 121 122 122 122 124 125 125 124 124 124 123 124 124 125 125 122 121 119 119 117 120 122 124 123 125 125 126 125 124 124 125 123 124 120 127 127 126 126 128 129 129 128 128 129 129
128 118 128 128 127 127 127 127 126 126 125 125 125 124 125 125 125 124 122 122 120 121 117 119 115 114 115 116 117 118 120 122 121 125 127 126 126 125 123 123 124 125 124 122 119 117 119 119 119 122 120 122 124 123 124 124 124 123 123 123 123 125 125 126 125 119 117 116 115 120 123 123 124 125 127 125 125 125 125 124 121 120 123 126 129 126 125 125 127 120 126 128 128 129
127 127 127 127 127 126 129 127 128 126 124 125 125 124 122 124 125 125 122 119 119 120 117 117 116 118 116 113 116 117 119 120 120 124 125 126 127 124 124 124 125 124 121 120 117 117 119 119 121 122 121 122 122 121 122 123 124 123 123 122 122 124 124 125 124 119 115 112 114 118 121 123 125 125 127 125 124 125 124 123 121 125 124 125 126 128 124 123 120 118 121 126 126 126
127 128 130 128 131 128 127 127 126 126 127 125 122 120 120 125 124 125 120 114 116 120 117 115 111 111 116 110 110 113 118 120 119 121 125 126 126 125 124 124 125 123 122 120 116 116 118 120 120 122 122 121 121 122 123 123 123 124 123 122 122 123 125 125 124 123 120 119 121 121 124 124 125 125 126 125 125 124 124 124 123 121 120 122 123 130 123 122 121 122 119 122 125 126
128 128 130 130 127 127 127 126 126 126 124 124 121 124 124 124 123 125 123 120 116 120 111 111 106 110 111 115 113 113 117 120 117 120 126 126 127 125 125 124 123 122 123 118 116 118 119 120 121 122 122 122 121 123 122 122 123 123 124 124 123 124 124 125 125 123 122 120 121 123 122 123 125 125 127 125 125 125 124 120 116 115 122 120 120 126 122 122 123 124 124 123 126 126
130 131 130 128 127 126 126 127 126 126 125 126 125 120 125 125 124 125 124 113 111 119 110 110 106 114 106 109 114 116 118 121 119 123 124 124 126 125 122 124 122 121 120 118 116 116 118 119 121 122 122 122 121 123 122 122 122 123 124 122 122 123 124 124 123 124 121 122 122 122 122 124 126 127 126 125 125 125 121 117 118 118 119 119 121 125 124 124 124 124 124 126 126 126
133 132 127 128 127 126 124 125 127 127 126 125 126 124 124 124 123 124 123 111 112 115 117 110 108 112 107 110 113 115 117 120 121 124 123 124 126 125 125 124 122 120 119 119 117 117 118 120 121 122 123 121 123 120 121 122 122 123 123 123 123 122 123 124 121 123 124 123 122 123 123 124 126 125 125 125 125 122 121 120 120 121 119 118 121 123 123 123 123 123 123 123 126 126
133 131 128 128 128 127 129 127 129 127 126 125 126 125 124 124 124 123 122 118 114 107 113 112 110 109 110 111 114 116 116 115 122 123 123 123 126 126 125 123 123 123 120 119 117 117 119 120 122 121 121 120 124 121 120 121 121 122 123 123 123 122 124 124 122 121 122 122 123 123 122 124 126 124 124 123 123 123 123 120 120 119 118 120 120 123 119 122 122 121 120 122 123 123
135 133 131 129 130 132 132 129 127 127 126 125 125 124 124 123 123 123 123 121 112 109 112 108 110 113 110 114 115 114 115 115 120 123 122 124 126 125 126 123 122 122 121 118 115 119 120 119 121 122 121 121 122 121 122 120 121 122 122 123 124 122 122 123 124 122 123 122 123 122 122 125 125 124 121 122 121 120 119 119 118 117 116 116 118 119 120 119 119 119 119 118 119 120
