Climate/data/grids_germany_multi_annual_precipitation_1981-2010_08.asc
NCOLS 654
NROWS 866
XLLCORNER 3280414.711633467
YLLCORNER 5237500.62890625
CELLSIZE 1000
NODATA_VALUE -999
[rows 572 to 623 of 866, columns 192 to 287 of 654]
60 60 60 61 61 61 62 62 62 62 63 63 62 62 62 61 61 61 61 60 59 59 60 59 59 58 61 60 61 61 60 60 59 60 61 61 61 61 61 63 62 67 68 70 76 75 78 78 71 77 76 76 75 76 75 73 73 76 75 71 69 73 71 64 61 63 67 65 62 57 62 61 64 63 63 61 62 62 62 61 62 61 60 60 59 55 55 58 61 57 56 59 60 58 59 55
60 60 62 62 61 63 64 63 62 62 63 66 63 61 62 62 62 62 61 61 60 60 59 59 61 62 61 63 63 63 62 60 60 62 61 61 61 61 61 65 65 65 65 70 74 75 76 76 72 71 75 77 74 74 76 75 74 76 78 71 69 67 71 70 62 65 59 65 64 58 61 61 60 62 62 61 59 61 60 61 60 60 60 60 58 55 56 56 55 60 61 59 61 57 58 58
61 61 62 62 62 63 63 64 64 64 64 64 63 61 61 62 62 61 61 61 60 59 59 60 62 61 62 64 64 64 63 61 61 64 63 66 62 61 61 63 66 67 67 69 69 68 75 75 74 69 73 75 74 73 76 75 78 80 73 75 73 71 66 68 69 68 63 58 63 60 59 59 60 60 60 59 59 59 59 59 60 59 59 59 56 56 56 55 62 62 62 61 61 58 56 59
62 63 64 64 65 66 65 66 66 65 66 64 63 63 62 62 62 62 61 60 60 59 60 61 62 64 65 63 64 62 62 63 65 65 65 65 66 61 61 62 65 67 66 68 70 71 73 73 72 74 74 73 72 68 71 74 79 74 72 72 72 70 68 66 63 65 65 64 57 61 56 56 60 58 60 59 59 60 58 59 58 57 60 58 56 56 57 55 55 60 60 59 58 58 58 57
62 62 64 64 66 66 66 65 65 67 64 63 63 63 62 61 62 62 62 60 60 59 58 61 62 65 67 63 64 64 66 67 66 64 66 67 66 66 61 61 68 66 67 69 70 71 73 73 68 71 74 72 72 72 71 73 78 73 69 71 71 67 65 66 65 62 63 62 61 56 59 58 57 58 60 59 59 59 59 58 58 58 60 61 57 56 58 56 55 57 63 59 58 58 57 56
62 63 64 65 66 68 68 66 66 67 66 64 63 64 63 62 62 63 61 60 60 59 57 61 61 64 70 69 66 67 69 66 67 64 66 69 67 68 65 61 61 67 66 66 71 72 75 69 68 70 70 73 66 72 71 76 78 72 67 69 69 67 65 65 63 63 62 59 62 56 55 56 57 58 59 59 58 58 59 60 58 59 61 60 61 59 61 58 54 58 59 59 57 58 57 57
64 66 66 66 66 67 68 69 70 68 67 65 65 66 65 64 62 64 62 61 61 59 57 60 62 68 70 71 70 71 66 69 67 66 64 68 71 69 65 63 64 64 64 71 74 73 73 71 66 65 64 64 70 71 74 75 77 74 73 64 68 65 66 65 65 62 61 63 60 59 56 58 57 59 58 57 57 57 57 59 59 61 62 59 61 58 59 59 55 57 61 59 58 57 56 55
65 69 67 67 70 68 69 68 70 69 68 68 67 66 65 65 64 64 63 62 61 60 58 62 65 67 70 71 72 72 68 65 67 69 63 70 69 69 69 63 65 69 69 69 74 74 73 64 72 72 70 66 67 71 72 70 72 73 73 69 67 67 64 66 67 64 64 61 61 59 56 56 58 60 59 58 60 60 59 59 60 61 61 62 59 58 58 61 56 54 59 58 57 56 55 55
65 67 68 71 72 69 70 71 73 71 71 68 67 66 65 64 64 64 63 62 62 64 61 61 62 65 71 72 73 73 72 69 64 63 68 66 68 69 69 64 64 67 71 74 73 69 73 63 70 72 76 69 73 69 71 70 71 74 69 69 68 63 61 66 67 65 64 63 62 60 55 56 60 58 59 59 61 61 60 60 61 60 59 62 59 59 61 58 59 54 55 55 58 55 57 56
65 66 67 69 70 70 71 72 70 72 72 69 68 66 65 65 64 65 64 62 63 65 64 63 64 66 66 72 73 75 72 65 64 71 68 70 65 66 68 64 66 64 66 69 70 67 64 65 65 70 74 73 75 73 69 69 68 66 70 66 69 67 60 66 67 66 65 63 60 55 59 57 59 60 60 60 61 62 61 60 60 60 60 60 60 62 61 61 60 57 55 57 57 56 57 56
65 66 66 67 72 68 70 72 72 72 72 70 70 68 66 64 64 66 65 63 66 67 66 63 66 72 68 73 71 67 69 67 66 70 70 69 67 66 64 64 68 67 67 68 67 65 62 66 67 73 75 70 73 69 69 66 64 66 68 68 68 66 66 61 65 65 64 62 60 57 59 59 57 60 60 62 60 61 61 60 60 59 61 58 60 59 60 60 58 58 54 57 59 57 59 58
66 66 65 67 69 68 70 73 76 73 74 71 69 69 66 64 66 67 66 65 69 70 71 68 70 70 68 70 68 64 64 64 63 68 72 70 66 68 64 65 64 66 69 66 62 61 62 66 67 68 69 68 68 71 68 70 67 70 64 64 65 64 62 66 68 65 64 62 60 56 57 59 59 57 61 60 61 60 60 60 61 59 58 60 59 57 58 59 58 57 53 55 57 56 59 60
65 65 66 68 69 71 70 76 72 73 73 70 70 71 66 65 68 68 68 65 66 68 70 68 71 70 66 68 68 66 70 69 65 67 71 71 68 66 62 63 66 66 69 67 64 63 62 63 70 69 65 70 67 69 66 68 65 69 72 62 64 70 69 61 68 67 63 60 61 59 57 54 58 61 61 61 61 61 62 59 59 58 60 59 57 58 57 59 59 58 56 54 55 53 55 56
66 66 66 67 70 75 76 76 74 74 73 71 70 69 66 66 67 68 66 68 70 68 70 73 68 66 67 64 69 71 72 67 69 71 69 71 68 65 63 63 65 66 67 68 66 62 58 61 64 73 69 71 65 68 66 65 64 65 62 61 61 70 69 62 66 66 62 61 60 57 58 56 61 60 61 62 60 62 60 59 58 60 57 56 57 57 56 57 59 57 56 54 53 54 54 58
67 68 69 70 73 76 77 77 77 73 76 73 73 70 67 69 66 67 65 69 72 72 70 70 66 64 66 65 69 73 71 67 67 70 72 71 63 65 63 62 64 64 65 67 66 64 61 63 67 72 64 69 67 65 62 65 65 63 61 61 62 66 61 60 64 64 62 60 59 56 55 54 59 61 60 62 61 62 59 60 59 59 58 58 57 55 55 55 56 58 58 56 57 56 54 56
69 70 70 73 76 78 78 78 75 73 75 71 70 70 70 72 70 66 65 66 70 69 70 68 67 67 67 67 72 72 70 67 67 69 70 65 67 68 64 62 62 60 65 66 67 64 62 62 70 74 68 61 64 65 59 61 61 62 63 60 64 59 61 60 58 61 59 59 57 58 60 59 60 61 59 61 62 62 63 61 61 61 59 55 56 54 53 53 55 54 56 59 59 56 52 55
70 71 72 74 76 80 79 78 74 76 76 72 72 73 70 74 72 69 66 67 67 73 71 69 68 67 65 69 72 70 70 68 69 70 69 65 73 68 63 63 62 61 65 65 64 63 62 64 71 72 65 57 58 59 65 59 61 69 70 63 58 60 67 64 57 59 57 60 57 56 55 56 56 57 60 62 65 66 66 61 61 60 59 55 57 57 53 52 54 55 56 55 56 54 51 58
71 73 76 76 78 83 82 77 76 78 74 72 79 70 72 75 72 70 66 67 70 72 75 68 68 72 67 67 70 69 71 72 71 70 67 68 71 68 68 63 62 60 60 61 65 65 63 65 72 63 65 58 69 70 70 67 61 67 70 66 68 63 66 65 58 56 60 60 59 61 59 57 59 59 58 61 62 62 62 60 60 60 60 57 57 57 55 53 56 55 56 55 56 57 55 55
73 77 80 79 81 84 83 78 79 77 73 77 76 81 79 77 74 72 68 69 73 75 75 71 68 67 67 66 66 69 72 74 73 73 71 73 74 74 68 66 63 60 66 65 66 65 63 69 66 61 68 57 63 71 71 69 61 67 67 66 65 63 64 64 59 60 63 56 56 58 60 59 61 55 61 62 64 64 61 60 61 60 60 58 56 56 55 56 58 57 55 57 58 56 55 55
72 83 80 81 83 85 81 82 80 81 80 72 78 78 77 76 73 73 69 72 75 78 76 73 69 73 70 67 68 69 69 71 73 77 77 76 74 68 66 63 62 61 68 69 67 63 64 72 65 59 58 56 70 71 67 63 58 65 64 63 62 63 62 58 54 55 60 61 57 60 58 55 57 59 59 63 60 61 64 62 61 61 60 60 61 59 57 58 58 58 57 57 57 57 57 55
75 80 81 82 85 87 81 80 80 81 83 83 83 85 82 79 76 75 72 73 76 80 78 74 73 73 73 67 72 71 69 70 73 77 77 77 75 71 69 67 64 63 62 70 64 62 66 71 58 60 63 68 70 69 65 64 63 62 63 61 61 61 60 60 58 57 58 61 62 61 62 61 61 59 59 60 59 62 60 60 59 61 59 60 60 58 58 59 59 60 58 57 56 54 56 56
81 93 82 84 88 83 81 80 82 84 90 93 89 81 80 78 75 75 76 77 77 79 76 75 72 71 70 69 73 75 75 72 74 78 78 76 75 69 74 74 69 69 64 61 60 66 69 63 60 61 70 63 63 64 64 63 62 62 61 61 62 61 59 59 58 56 55 59 62 62 60 61 60 61 60 59 61 60 61 59 58 59 60 59 61 61 60 59 58 60 60 57 55 55 56 56
76 86 78 80 78 76 81 82 83 85 91 92 90 84 81 76 79 75 77 80 77 79 77 75 74 76 71 71 69 70 72 75 77 79 79 78 72 73 71 68 70 71 73 62 61 60 62 58 60 68 63 61 65 65 64 61 59 60 61 59 59 58 57 55 54 51 52 55 57 60 59 61 62 61 61 60 61 60 60 60 58 61 61 60 61 61 60 59 59 57 60 56 57 55 56 56
74 78 78 78 75 77 78 86 87 85 89 89 87 80 79 76 75 74 79 83 87 84 79 76 77 76 74 72 73 73 75 73 78 79 78 74 68 75 75 66 66 65 65 63 62 61 59 58 57 59 58 57 65 64 61 59 58 58 59 59 59 58 55 54 50 55 54 50 57 58 57 58 56 63 58 60 60 60 57 57 59 60 60 60 59 60 59 58 58 59 60 58 57 57 56 57
71 77 77 78 83 82 85 91 87 82 85 92 84 80 76 78 79 76 79 82 85 84 82 79 75 74 72 66 73 76 72 73 74 79 75 72 68 71 75 74 73 73 73 71 61 64 59 59 60 65 67 60 61 64 61 58 56 56 57 59 58 57 54 50 53 54 53 51 55 53 55 57 55 58 59 60 60 56 58 59 59 59 60 58 59 58 58 57 57 59 59 58 58 57 56 57
74 77 78 77 76 75 85 90 87 84 81 84 83 78 77 79 81 75 78 81 84 84 84 85 80 77 70 66 67 74 74 74 76 78 78 77 75 67 69 71 75 74 71 61 69 70 70 71 69 71 64 66 56 61 61 58 56 56 59 59 58 57 55 55 55 56 52 56 59 57 55 60 59 61 58 62 57 58 59 60 59 59 60 57 59 59 58 57 60 58 57 57 57 57 57 58
73 77 76 74 75 84 90 93 93 82 78 85 82 80 79 80 77 75 77 77 87 82 84 86 78 75 69 64 67 71 74 77 79 78 76 77 77 69 66 65 73 68 73 61 71 72 73 74 70 70 65 65 65 55 60 60 58 58 59 59 59 58 57 56 54 52 55 57 59 59 60 62 59 58 61 62 56 59 59 61 61 60 58 56 58 57 57 56 59 57 57 57 57 57 57 57
70 75 73 75 82 85 87 85 87 79 79 80 77 77 80 83 75 77 78 82 84 84 83 85 80 75 70 66 68 70 74 78 79 77 78 71 71 72 71 67 63 61 66 61 72 71 72 69 73 71 65 66 65 63 56 55 59 62 60 61 59 60 58 57 56 56 57 57 58 59 60 62 60 59 59 57 60 59 60 60 60 59 58 56 57 57 58 57 57 57 57 57 57 57 57 57
69 70 75 79 79 84 81 86 78 77 77 77 76 77 81 81 77 77 81 83 84 83 81 81 77 79 71 68 70 73 74 71 77 79 76 76 76 69 68 65 71 72 59 63 64 63 69 70 72 72 67 65 64 63 60 62 60 54 55 60 61 59 59 60 58 57 57 60 57 60 61 63 64 59 58 57 59 59 61 59 59 58 58 56 57 57 59 59 56 57 57 57 57 57 57 57
69 71 74 77 79 83 81 78 76 78 76 76 75 76 83 82 83 85 81 80 83 81 79 81 80 77 71 69 69 68 74 75 79 79 74 74 75 74 72 73 73 66 61 65 72 72 70 70 70 70 67 67 65 59 62 63 62 61 55 60 59 59 59 59 60 58 60 61 59 60 62 63 62 58 57 57 61 59 60 58 59 57 58 57 56 57 59 58 56 57 57 56 57 56 56 57
70 70 73 72 74 76 80 77 77 76 76 75 75 80 82 82 85 82 84 79 85 81 78 79 80 77 71 70 71 74 73 74 78 76 69 65 74 72 71 66 73 65 64 61 63 69 68 69 71 68 67 64 63 65 64 63 63 61 58 59 60 59 59 60 60 60 59 59 59 60 60 62 61 60 55 56 57 59 59 59 58 57 56 57 59 58 59 58 56 55 55 55 56 56 57 58
68 70 72 76 78 77 85 79 83 78 76 74 76 87 87 85 86 84 85 84 81 84 80 80 79 77 74 69 73 76 74 77 78 77 70 68 62 69 72 67 63 66 66 63 65 63 65 66 70 68 66 65 64 66 64 61 61 61 61 54 60 59 57 60 58 59 60 57 58 57 60 58 60 59 55 53 54 57 57 59 59 56 58 59 58 57 57 57 56 54 56 56 56 56 57 56
68 69 76 77 84 84 84 82 80 77 76 76 78 87 85 84 85 81 85 83 79 80 81 76 81 77 73 69 72 74 79 78 78 77 74 71 65 62 64 72 67 71 61 72 72 62 71 64 63 68 65 64 67 66 64 61 61 62 61 57 58 58 59 58 58 58 58 57 59 58 56 58 56 58 56 52 53 56 58 59 58 58 58 58 57 59 58 56 55 54 55 55 55 54 55 55
68 68 71 78 77 85 80 82 81 79 78 76 81 85 84 81 84 82 89 85 82 78 78 75 77 78 74 70 76 78 80 77 74 76 73 70 64 65 66 65 61 60 63 73 70 64 71 71 60 64 62 67 67 65 64 63 63 61 59 58 56 56 54 55 55 57 57 58 55 56 54 57 53 57 54 51 52 54 57 59 58 58 60 60 58 58 55 55 54 55 55 55 55 55 55 55
67 68 68 74 79 83 80 79 78 76 76 77 79 87 85 79 82 80 89 84 81 77 78 83 77 71 75 75 73 83 81 80 72 75 74 67 68 64 60 62 65 65 64 72 70 61 70 70 60 65 64 60 65 64 63 62 60 58 57 57 56 53 54 57 58 58 57 56 57 55 57 57 55 54 53 55 51 56 58 59 56 56 57 58 56 57 55 54 54 54 54 53 55 53 54 55
67 67 68 79 81 81 76 76 74 76 77 76 80 91 84 82 81 81 83 83 82 81 81 81 78 76 74 69 73 79 79 80 73 77 76 74 69 70 63 65 71 63 65 71 70 60 68 69 65 61 64 64 59 63 62 60 58 57 56 55 57 55 56 57 56 57 58 59 56 56 57 57 57 56 56 58 57 54 58 60 56 61 56 54 54 53 55 57 57 55 56 55 55 53 54 54
68 67 67 71 76 76 77 75 77 75 77 81 80 90 86 82 81 81 85 82 81 81 81 78 80 77 73 73 73 76 77 75 77 79 73 74 74 67 64 66 72 69 63 70 70 61 69 66 66 61 65 64 62 62 61 59 59 58 59 58 57 56 53 55 56 58 57 56 55 57 56 58 58 54 57 58 58 55 56 61 60 61 60 57 57 58 56 55 56 57 55 55 55 56 53 53
66 66 67 74 79 74 74 74 75 78 79 82 83 87 83 81 79 86 85 82 81 81 78 75 77 73 71 72 79 78 79 75 75 80 77 75 67 64 67 71 72 69 63 70 70 62 59 65 66 65 61 62 63 62 59 59 58 58 58 58 55 55 53 57 56 57 56 57 55 57 57 57 55 56 57 59 58 57 57 58 56 63 60 59 57 58 57 56 57 56 56 56 56 55 53 53
65 65 65 74 77 74 73 77 74 79 81 80 78 84 80 80 80 83 82 80 78 79 76 72 74 73 71 73 77 78 77 77 78 78 80 74 72 65 67 69 71 71 70 68 69 67 64 62 63 63 63 61 63 61 60 59 59 60 59 59 56 57 55 57 59 59 58 57 57 57 58 56 55 57 57 56 59 61 57 60 62 60 61 61 60 58 58 57 58 56 56 56 55 54 52 51
64 64 65 66 77 74 70 73 76 80 80 84 84 81 84 80 78 86 80 81 76 79 75 72 74 71 71 79 78 76 75 77 71 77 73 70 68 67 72 72 71 71 70 67 69 67 66 57 60 62 64 63 60 60 60 60 60 60 60 57 60 58 58 58 59 58 56 57 58 59 57 56 56 56 56 57 58 57 56 56 58 62 61 61 59 58 59 58 57 57 57 56 55 54 52 53
63 64 63 66 69 72 70 79 82 82 84 86 87 87 84 84 76 84 79 79 78 78 72 75 76 74 74 81 75 77 79 74 78 68 73 74 70 74 70 73 71 70 68 68 68 68 67 59 59 64 63 61 61 60 61 60 60 60 59 59 59 58 57 56 59 59 58 58 59 59 57 56 56 54 57 59 59 60 60 55 56 58 61 57 60 59 59 55 58 59 59 55 57 55 54 54
63 63 63 67 71 74 77 78 81 83 84 88 88 90 87 88 80 80 78 82 73 78 75 78 75 71 77 81 75 73 75 73 77 73 71 69 68 74 70 72 72 71 69 69 67 61 65 61 56 61 61 59 60 60 60 61 60 61 61 59 60 59 58 58 58 60 60 59 59 58 58 56 56 56 57 59 60 60 57 57 54 57 60 55 58 58 56 57 58 59 58 55 57 56 55 56
62 63 62 67 69 71 72 72 75 80 85 89 87 92 81 89 82 73 79 84 77 78 79 80 77 73 77 81 72 76 71 71 73 67 71 71 77 74 73 74 72 69 68 68 66 67 66 62 61 56 58 57 59 59 59 60 61 61 60 59 60 61 61 60 60 59 59 59 59 58 58 57 55 56 56 56 58 59 56 54 55 55 59 56 57 57 59 59 58 58 58 56 56 56 58 57
62 63 62 65 73 76 76 77 73 74 76 83 84 87 83 84 79 72 77 81 78 75 80 83 77 74 80 77 72 73 72 67 66 72 77 69 76 75 75 73 73 71 69 68 66 66 65 60 62 58 56 56 58 58 61 59 61 58 58 59 60 61 61 61 60 59 58 58 58 57 57 57 54 54 54 54 56 59 57 58 55 53 54 58 58 60 59 59 57 59 58 58 55 58 59 58
62 62 62 64 74 72 77 77 73 79 82 84 83 89 83 86 81 71 78 81 77 77 81 78 76 74 79 74 70 72 73 67 73 74 73 73 77 77 76 72 72 71 68 67 67 66 64 62 60 58 54 56 55 57 59 61 58 59 59 58 61 60 60 60 60 60 58 58 58 59 57 58 57 58 59 57 57 56 56 59 55 53 56 58 59 59 59 58 59 59 60 58 57 58 59 57
62 62 63 67 70 71 74 76 75 79 84 83 87 86 82 79 77 73 82 81 72 79 84 80 79 75 79 75 72 75 68 70 71 75 80 78 78 78 75 73 72 71 70 68 67 66 65 60 60 59 57 56 57 59 60 59 59 59 59 58 58 59 60 60 60 58 58 58 59 58 56 58 57 56 58 57 56 55 55 60 59 53 56 56 59 55 59 55 59 58 59 57 57 56 58 57
62 63 63 67 75 74 76 84 83 85 86 83 87 78 85 82 71 84 83 78 71 79 81 77 71 75 82 78 70 72 68 69 75 70 76 79 78 77 75 73 72 72 71 67 68 66 64 64 61 58 58 58 58 60 59 59 58 61 60 59 59 59 59 59 58 58 56 57 58 57 56 57 58 57 56 55 54 58 56 59 59 55 54 56 57 55 54 55 60 58 60 61 56 54 55 55
63 63 63 67 77 81 79 82 76 85 86 79 83 79 81 72 75 80 83 79 69 83 85 78 71 77 82 76 74 73 71 65 73 78 70 73 78 75 76 75 73 71 71 69 68 67 64 64 62 60 60 58 60 60 59 59 59 59 60 58 58 59 58 58 57 57 57 58 59 58 58 56 56 56 55 54 53 58 59 57 59 57 55 54 54 54 53 56 56 59 61 62 56 58 58 58
63 63 64 67 79 75 77 78 79 86 91 82 79 84 74 73 83 85 84 81 70 78 85 82 78 76 77 71 66 73 70 71 69 76 78 78 73 76 75 74 73 73 70 69 69 66 66 62 63 61 61 58 60 59 59 62 59 58 59 60 59 58 59 58 57 57 59 59 59 59 56 57 54 54 55 57 57 58 56 59 58 56 57 56 56 59 55 53 59 60 60 61 57 56 60 59
63 64 63 66 68 68 71 75 77 84 89 80 75 82 82 71 75 79 78 78 76 81 84 79 77 78 68 70 78 80 79 77 78 70 75 79 78 76 75 73 72 71 72 69 64 67 65 64 63 63 61 58 59 61 60 60 60 58 59 59 58 57 59 58 57 59 58 57 59 60 57 55 57 56 58 54 56 57 57 58 58 57 55 55 59 60 58 55 55 54 55 56 56 59 56 58
64 63 63 64 81 80 79 79 78 90 77 85 79 76 85 81 81 70 80 76 74 84 85 73 71 69 66 72 76 82 81 77 78 76 76 77 78 77 75 71 70 68 69 69 64 64 63 65 64 61 62 61 61 62 61 62 61 60 61 61 59 58 57 58 59 59 58 59 60 59 58 56 56 57 55 53 55 56 59 57 58 56 59 55 57 59 59 56 57 57 56 59 60 60 56 59
63 62 62 63 69 75 84 88 89 87 92 90 87 72 77 86 86 78 71 83 81 79 79 75 68 74 69 71 72 74 78 77 77 75 77 77 76 74 72 69 69 66 68 66 66 65 64 66 64 64 64 63 62 62 62 63 62 59 61 60 60 59 59 60 61 60 61 60 59 59 58 57 56 55 55 55 56 58 58 60 57 59 56 58 56 57 59 57 58 57 56 59 59 59 57 55
