Climate/data/grids_germany_multi_annual_air_temp_mean_1981-2010_14.asc
NCOLS 654
NROWS 866
XLLCORNER 3280414.711633467
YLLCORNER 5237500.62890625
CELLSIZE 1000
NODATA_VALUE -999
[rows 697 to 737 of 866, columns 188 to 281 of 654]
173 155 153 156 155 159 161 159 161 162 164 179 164 169 167 170 171 172 173 178 174 171 172 173 175 173 175 176 176 179 180 179 179 175 175 180 176 178 179 181 181 184 183 187 190 193 195 197 196 195 191 188 177 177 184 186 187 185 183 179 186 185 177 172 176 179 182 179 182 181 180 176 172 180 183 184 183 179 183 183 178 177 175 177 181 183 182 183 182 177 179 181 178 178
171 152 155 155 155 158 156 157 159 161 162 166 170 165 167 167 167 167 172 175 177 175 172 175 174 173 175 176 174 174 178 178 179 178 175 175 175 174 175 177 180 185 183 184 190 192 193 196 197 195 192 186 182 178 173 183 185 178 185 176 176 184 178 178 173 174 179 177 174 172 172 175 169 170 170 177 183 183 183 177 173 175 174 178 183 178 177 181 179 181 178 179 177 178
165 163 161 156 158 154 154 158 159 162 164 177 167 165 166 168 166 167 173 174 176 175 173 176 175 175 176 175 174 174 173 172 175 178 177 176 173 175 175 176 180 183 183 185 192 191 192 186 190 196 195 186 186 179 178 179 185 176 178 180 176 184 181 180 176 172 173 176 171 174 175 171 171 174 171 174 174 172 172 175 178 177 174 178 176 181 178 179 181 178 178 178 178 174
149 165 154 154 154 157 155 156 157 159 163 175 165 165 166 166 166 163 167 169 174 176 174 176 171 174 175 175 175 175 175 175 174 177 176 178 175 175 177 177 178 178 180 182 190 187 182 184 190 189 194 192 182 181 183 176 177 178 174 179 174 176 184 179 173 173 176 171 173 170 177 175 176 173 177 172 177 172 176 177 173 175 175 177 176 176 177 176 175 173 174 178 178 174
162 154 165 162 155 154 156 157 162 161 162 164 166 165 166 166 165 167 168 168 170 174 176 174 170 172 172 175 171 170 171 172 171 172 173 173 177 178 177 178 179 185 186 188 181 178 183 190 192 191 192 192 182 183 183 183 174 178 178 174 177 182 179 176 174 178 173 173 171 176 179 179 172 172 173 176 176 176 175 174 175 178 177 175 173 172 173 170 172 169 170 171 176 173
167 155 166 153 155 156 156 158 159 159 162 173 170 166 164 163 168 169 170 172 174 174 176 170 169 169 172 172 173 174 174 172 174 174 173 174 175 176 176 175 180 184 181 178 180 179 180 182 181 184 185 192 186 182 184 185 180 178 175 175 174 179 174 173 174 178 177 178 174 172 174 179 177 176 173 176 176 177 176 180 180 177 175 170 166 175 178 177 173 169 169 161 166 173
168 153 154 156 155 155 157 159 161 166 174 176 171 165 165 165 164 162 163 165 167 169 175 170 168 170 170 171 170 173 171 173 169 169 170 173 174 173 175 175 177 178 178 178 178 180 180 179 179 179 182 189 189 189 189 188 185 181 180 178 175 175 178 175 173 178 176 177 177 175 173 178 182 174 175 175 176 177 180 179 177 177 178 177 172 176 178 177 172 171 174 171 166 166
157 152 153 157 156 155 157 158 159 161 164 170 169 167 168 167 167 165 167 168 171 170 174 174 170 171 169 169 169 171 172 172 172 170 172 170 170 171 174 175 176 177 178 178 180 180 182 179 179 179 179 179 183 183 182 189 188 185 183 186 183 178 176 179 175 178 179 177 177 177 176 176 182 180 177 178 179 179 181 179 180 180 178 177 177 178 178 177 170 175 173 173 165 168
154 159 154 154 156 154 155 157 161 161 164 169 175 166 168 167 167 164 164 164 167 168 173 172 172 171 169 169 171 172 172 171 173 169 169 172 171 170 170 175 177 177 178 179 178 179 179 181 179 180 180 180 181 180 182 182 189 189 188 188 188 187 179 176 182 181 177 179 182 181 184 184 184 181 182 179 179 181 181 179 178 178 178 177 179 180 176 175 169 175 172 174 172 161
151 152 152 154 155 155 158 158 160 163 164 167 178 173 169 162 163 164 166 167 167 168 169 173 170 170 169 169 170 171 172 172 171 170 172 172 172 170 174 172 176 177 177 178 179 180 180 180 183 183 184 182 182 182 182 182 181 185 185 184 186 184 185 181 182 185 186 185 183 182 182 182 180 184 184 183 182 182 182 181 180 181 179 179 179 180 177 173 168 174 177 171 175 168
151 150 152 152 155 156 158 160 160 161 167 166 175 171 164 166 167 163 167 167 167 168 168 171 171 174 170 170 171 171 172 173 172 174 173 173 171 173 175 175 174 174 177 178 179 180 180 180 180 182 182 182 184 185 182 182 185 183 183 181 181 184 185 185 182 182 181 181 180 179 179 179 178 182 181 181 181 180 181 182 182 182 182 182 181 180 178 174 174 174 179 174 177 174
150 156 152 155 158 158 164 160 171 162 163 174 167 169 169 165 165 166 168 167 169 168 167 168 172 170 170 171 171 171 172 173 172 171 171 172 172 172 175 175 175 175 177 177 177 177 179 179 179 181 182 182 182 183 183 186 183 182 183 182 185 186 183 181 181 182 182 181 181 180 178 178 179 182 179 178 180 182 180 178 181 181 181 180 181 181 179 177 178 178 177 177 166 161
158 152 153 154 156 158 160 167 161 165 163 176 166 160 166 162 163 164 166 168 169 171 169 171 173 168 170 171 171 171 172 172 172 171 170 169 172 174 174 174 176 174 174 177 178 178 178 179 180 180 181 183 183 182 184 183 182 183 185 186 184 182 183 183 179 180 182 181 179 179 178 178 179 180 179 178 179 181 180 177 178 178 180 179 178 178 180 181 180 179 178 177 174 162
153 152 154 156 158 157 168 160 160 170 165 176 174 166 162 162 163 164 165 168 168 167 172 167 168 168 168 171 171 171 171 171 172 171 171 171 173 174 174 172 175 175 175 176 178 178 178 179 180 181 181 181 180 180 180 182 184 184 186 185 184 188 182 182 180 181 178 181 181 180 179 179 178 177 182 178 179 180 178 178 181 179 181 180 179 178 180 180 180 178 171 170 171 163
152 156 156 158 157 157 166 160 161 160 163 176 167 165 163 164 162 164 165 164 164 166 170 167 168 172 169 170 171 168 169 169 170 169 170 173 173 174 176 176 175 175 177 174 174 177 178 178 177 178 177 177 177 179 180 180 182 184 185 184 183 184 182 180 181 179 178 180 180 178 179 179 177 180 179 179 179 180 178 179 179 179 179 179 177 178 178 178 179 179 171 164 164 163
153 155 156 158 160 162 158 160 162 164 166 176 165 165 166 164 162 162 163 163 165 167 168 169 170 171 172 171 171 169 169 167 169 170 175 174 174 174 176 177 175 175 177 177 175 174 178 179 177 175 176 177 179 179 178 180 182 183 185 182 181 184 183 183 182 180 181 179 177 177 178 179 178 178 180 178 178 178 178 179 179 178 176 178 177 169 173 174 174 179 173 164 162 163
154 157 158 158 160 159 160 162 162 163 164 170 166 167 170 169 167 162 163 165 165 166 167 169 170 172 172 171 168 171 172 170 169 170 173 175 178 175 178 178 177 177 174 181 175 174 175 179 176 177 178 178 179 178 178 180 181 185 185 184 181 181 181 182 182 182 181 181 179 179 179 180 178 178 177 177 178 178 177 177 178 175 173 175 170 173 166 170 174 175 178 161 163 166
154 155 156 157 159 159 160 161 162 162 164 167 167 171 168 162 162 162 163 164 167 166 169 170 170 172 172 172 170 170 169 169 170 171 174 174 174 173 175 178 180 179 180 179 179 176 173 181 177 179 180 180 178 179 183 183 184 184 183 180 181 180 180 180 181 181 181 181 181 179 179 178 177 173 176 177 176 173 175 174 172 166 167 167 159 158 163 169 166 163 178 177 163 173
163 155 158 157 159 160 162 164 165 164 164 166 169 167 169 162 161 162 164 166 167 168 169 171 172 172 170 170 169 169 170 170 170 170 171 173 171 174 176 176 178 177 178 179 176 180 180 178 178 180 180 180 182 178 179 182 183 181 179 179 179 179 181 180 179 181 181 181 179 179 179 179 178 174 172 170 169 168 166 167 160 160 163 166 170 166 168 171 161 170 174 176 176 176
160 156 158 159 161 161 161 161 162 168 166 166 171 167 164 163 163 163 164 166 168 168 170 171 171 171 168 167 169 169 169 170 169 170 171 171 173 171 173 173 172 172 172 172 173 175 179 180 182 182 179 180 183 182 181 182 188 180 181 180 180 177 178 180 179 180 178 179 179 177 179 178 175 175 167 168 169 165 156 161 161 166 162 158 160 171 167 173 157 157 171 176 172 174
158 161 160 161 163 163 163 164 166 166 166 167 167 160 161 167 163 163 165 166 168 169 172 168 169 170 167 168 168 167 167 169 169 170 170 170 173 175 176 173 173 171 174 173 176 177 179 176 176 176 181 184 184 183 181 180 182 182 181 181 179 172 173 174 179 179 179 179 177 178 178 178 177 174 167 154 161 164 163 162 158 166 159 167 158 173 173 172 170 160 173 173 163 173
160 160 161 170 168 166 167 165 164 168 168 173 169 158 161 162 162 163 165 168 170 172 172 168 166 166 167 167 169 168 168 166 168 169 171 170 171 171 176 175 174 176 178 176 177 176 174 176 178 180 183 182 183 180 180 178 180 181 180 179 181 179 174 174 179 176 173 177 177 177 175 176 176 170 167 155 157 160 166 158 158 164 165 169 169 172 166 171 165 175 175 161 160 173
163 164 164 166 169 167 168 168 167 163 163 170 163 159 160 161 165 163 165 169 172 173 173 172 165 165 166 167 167 169 166 165 166 169 173 173 171 173 170 170 170 171 171 173 174 174 175 176 180 182 180 179 181 182 178 179 180 181 180 175 177 177 178 176 179 172 163 175 174 172 170 173 173 168 164 157 160 164 166 169 163 164 171 170 169 163 158 160 170 163 172 161 160 161
170 164 170 166 162 164 162 171 168 165 163 172 165 159 161 162 162 164 167 170 173 175 174 173 174 170 168 167 168 169 173 173 173 167 175 173 174 171 173 171 171 174 176 175 175 176 176 177 183 183 180 178 180 181 180 179 179 180 180 177 175 176 175 177 178 172 159 172 156 154 167 169 173 170 171 156 158 156 157 164 170 166 171 167 169 158 156 158 159 160 160 161 163 165
166 163 163 164 162 162 163 164 171 163 170 167 161 160 161 163 164 165 167 169 172 174 176 175 175 174 172 171 174 167 168 168 167 171 172 174 176 173 175 171 173 174 177 175 176 176 178 178 183 178 182 182 180 178 178 180 179 178 176 178 177 172 171 173 174 176 171 164 166 155 161 155 160 174 164 158 156 161 159 167 165 169 158 162 157 158 158 159 160 161 161 161 162 162
166 161 162 165 160 162 161 164 171 170 168 168 163 161 162 164 165 166 168 169 171 174 176 176 176 174 174 175 174 173 170 169 171 171 171 174 177 175 176 173 173 174 175 179 178 176 177 181 182 178 179 180 179 178 176 177 176 177 176 176 174 172 171 159 166 177 174 160 155 155 155 163 172 166 157 162 159 157 159 157 157 168 163 156 158 159 158 159 160 160 161 162 161 161
162 163 164 163 165 166 162 164 163 170 166 173 162 164 163 164 166 166 168 170 172 173 175 176 176 176 175 174 176 175 172 173 174 173 178 179 180 176 175 174 174 175 177 181 179 181 181 182 181 179 180 182 179 178 174 174 172 173 174 174 160 159 158 159 164 175 173 159 156 156 156 154 160 157 156 160 156 154 154 157 163 155 158 157 157 158 159 160 160 161 161 161 161 162
160 161 161 162 165 167 169 164 163 164 173 173 168 164 164 166 168 168 170 170 171 172 173 175 175 174 174 175 176 176 170 171 170 170 172 171 175 175 174 174 177 175 180 180 183 183 182 182 179 179 179 180 180 176 173 173 165 169 171 175 175 157 158 159 160 169 174 162 158 157 156 158 159 160 158 156 157 154 153 157 152 154 157 155 157 158 160 160 161 161 162 160 159 160
158 160 163 164 168 165 170 167 170 171 167 171 165 164 165 166 167 169 170 171 172 172 173 174 174 177 176 176 177 176 173 175 173 173 173 172 176 176 175 177 180 177 183 180 179 181 179 179 179 178 177 179 179 177 173 176 173 169 163 169 170 163 157 157 159 160 164 174 161 160 159 156 156 154 156 154 153 154 153 155 154 155 157 156 156 158 159 160 161 161 161 160 158 160
159 160 163 167 164 166 168 162 162 164 169 167 166 165 166 168 169 169 171 172 172 173 173 172 172 174 176 178 178 178 171 176 173 173 174 176 181 181 182 181 179 182 178 178 177 179 179 180 182 181 178 179 178 179 178 178 177 176 171 168 156 155 158 157 159 158 160 160 173 172 160 159 156 154 155 153 152 153 153 156 158 158 158 159 158 160 160 161 161 161 162 160 159 160
160 168 165 162 161 166 161 162 164 165 166 166 165 167 167 167 168 169 170 171 172 173 172 171 173 175 170 176 177 178 179 179 180 180 180 180 177 181 181 176 177 177 182 178 178 179 179 179 180 177 177 176 174 177 176 173 168 174 173 167 157 156 161 158 160 159 160 165 160 158 163 156 153 155 151 152 154 152 154 156 156 156 157 158 158 159 160 161 160 161 162 161 160 161
164 160 162 161 160 161 162 164 165 170 165 166 165 166 166 167 168 169 170 171 171 172 172 172 173 175 175 174 177 177 178 176 174 174 181 181 181 181 179 176 176 177 181 179 180 179 178 177 177 177 175 173 173 172 174 158 153 170 174 165 155 157 158 165 167 158 160 159 157 155 156 154 155 155 153 153 153 154 154 156 155 155 157 158 159 160 160 161 161 161 161 161 159 162
163 160 158 156 161 161 161 162 164 165 165 165 166 167 169 169 169 169 169 170 171 172 174 173 172 175 176 177 178 178 179 178 178 180 180 181 177 178 178 176 178 180 179 181 181 180 179 178 175 173 169 169 172 167 173 152 156 152 165 174 157 157 165 164 162 157 157 158 156 155 155 154 154 154 151 152 153 156 156 158 158 156 158 159 160 160 160 161 160 160 163 160 160 162
163 162 162 161 159 161 163 163 166 165 164 166 167 168 169 170 169 169 171 171 170 174 174 174 174 174 174 177 179 180 180 180 180 181 181 176 180 174 174 176 178 178 179 180 180 181 182 181 173 161 172 170 162 155 161 153 152 163 170 160 171 170 161 160 155 155 156 156 158 157 152 151 154 155 153 154 152 156 155 155 156 156 158 159 159 159 158 160 160 163 164 160 161 161
159 157 161 163 164 163 167 163 163 164 167 168 169 169 169 169 170 171 172 170 171 170 173 174 176 175 175 179 180 180 180 180 179 180 178 174 178 175 175 176 178 176 178 179 179 178 177 177 177 172 174 164 160 155 155 155 155 153 168 165 156 171 158 164 155 156 155 154 154 158 156 151 154 152 151 152 152 152 154 157 157 156 157 158 159 160 160 161 160 161 163 164 163 163
162 157 163 164 165 163 163 165 166 167 169 170 172 172 170 170 170 170 170 171 171 171 172 173 175 175 178 179 180 179 179 179 174 176 175 174 178 177 177 176 176 176 175 177 177 177 177 174 177 176 174 166 160 155 157 156 154 154 153 153 156 171 156 156 154 155 157 156 155 157 154 153 153 152 155 155 155 155 156 156 155 158 157 158 159 159 159 160 160 162 163 165 164 164
160 156 161 163 165 163 165 167 169 170 169 174 170 170 170 170 170 169 169 172 176 171 171 173 178 177 176 177 178 175 172 178 174 171 172 178 177 177 176 176 176 174 174 175 177 175 172 172 172 170 169 172 168 157 157 157 157 153 156 152 155 154 167 159 158 157 161 158 156 154 152 153 151 152 152 155 155 154 153 157 155 157 157 159 158 158 158 161 161 163 162 163 167 164
156 158 162 165 162 164 168 167 169 170 168 171 170 169 172 171 171 170 170 170 170 177 178 179 174 173 173 174 175 170 173 178 170 171 173 177 177 177 175 174 171 168 166 172 170 170 171 172 172 166 168 162 154 152 154 157 157 154 153 156 156 155 158 161 156 157 165 159 155 154 150 153 153 152 150 154 152 153 155 157 157 156 157 156 157 157 158 162 162 164 164 166 168 165
158 160 161 163 162 164 166 169 168 169 172 176 173 176 176 176 169 176 170 173 176 178 172 171 178 172 171 174 167 170 173 174 177 174 175 177 177 177 177 175 172 171 170 170 172 172 172 169 168 172 162 156 163 158 156 157 157 153 156 158 157 157 155 159 166 160 159 152 153 154 154 151 150 151 153 154 154 155 153 155 156 155 158 157 156 157 160 161 162 162 163 163 163 164
162 160 160 162 163 170 164 173 173 169 170 170 169 168 171 169 174 172 173 178 170 171 170 172 173 174 174 170 168 169 169 173 172 174 175 177 175 176 175 174 168 169 168 164 167 167 166 166 156 165 171 169 153 156 152 154 157 158 159 155 156 153 154 151 158 162 158 157 154 154 150 150 153 153 154 154 152 152 154 155 155 158 157 157 158 159 160 160 162 162 162 163 162 163
163 164 160 166 162 164 176 171 167 167 169 167 168 168 175 168 168 168 168 168 170 171 172 172 173 175 174 174 174 170 169 169 171 173 175 177 175 175 174 171 170 167 169 164 161 159 154 159 160 154 170 158 155 153 152 153 155 159 158 159 153 152 149 152 155 155 157 155 156 156 151 150 153 151 151 152 156 155 155 156 157 157 157 159 159 160 159 162 161 161 162 163 163 164
