Climate/data/grids_germany_multi_annual_precipitation_1981-2010_15.asc
NCOLS 654
NROWS 866
XLLCORNER 3280414.711633467
YLLCORNER 5237500.62890625
CELLSIZE 1000
NODATA_VALUE -999
[rows 451 to 491 of 866, columns 376 to 469 of 654]
133 136 136 137 132 129 127 132 133 133 136 138 137 137 140 137 128 129 140 148 148 153 153 149 153 156 164 167 151 132 123 124 161 162 160 160 163 156 159 156 153 150 148 150 151 164 157 161 152 157 169 160 149 148 144 137 147 149 149 151 145 145 143 140 141 142 145 147 150 145 152 152 153 151 147 147 150 147 148 150 148 143 146 149 142 145 148 152 152 152 150 150 152 155
138 141 139 143 135 134 130 135 137 135 137 143 141 141 143 138 128 133 141 149 152 153 158 163 163 156 167 160 129 127 138 136 129 131 136 139 140 159 159 160 164 154 147 154 157 167 170 164 161 154 161 158 148 145 142 138 140 145 152 151 149 152 148 143 142 145 146 151 152 148 152 155 153 150 153 150 151 151 151 148 149 147 146 143 143 147 150 152 153 153 152 154 154 151
140 142 143 143 140 139 141 141 130 134 142 137 138 141 143 134 133 141 141 150 146 149 155 160 163 152 138 140 134 143 177 154 142 159 136 139 142 146 147 148 149 154 159 161 163 169 159 156 152 155 159 173 154 149 140 144 151 143 150 152 152 155 151 142 140 145 146 148 151 153 151 153 155 153 152 153 153 154 155 152 150 148 149 146 141 146 150 151 154 155 155 155 154 151
155 154 152 149 146 142 146 144 134 128 137 127 136 140 143 137 138 141 144 147 149 150 158 163 172 165 133 137 147 146 144 174 151 142 148 143 142 145 148 140 155 159 163 158 162 162 162 166 170 165 169 170 162 154 140 138 140 147 153 164 160 156 148 145 144 140 147 147 153 150 151 152 154 153 154 154 152 153 155 152 153 153 151 146 148 143 148 151 154 151 155 156 157 155
162 159 159 155 151 144 147 148 143 133 127 128 132 132 135 137 146 145 140 144 150 151 142 146 167 139 132 137 183 182 178 168 156 151 144 146 145 144 150 146 158 163 164 163 162 161 161 171 170 161 168 169 160 154 147 141 143 144 157 152 161 156 151 149 148 143 143 150 151 149 151 146 153 151 154 156 155 156 155 154 151 144 144 149 148 140 146 146 150 155 155 157 152 157
165 156 156 150 150 150 150 149 148 149 141 132 130 132 138 146 147 143 149 151 151 146 159 168 146 138 133 138 144 144 144 145 154 163 150 155 150 152 153 164 156 168 161 161 164 166 160 167 168 165 166 163 158 153 150 154 141 138 145 153 143 142 141 142 143 148 147 152 153 148 154 144 150 154 156 158 157 154 157 150 150 143 150 153 147 141 152 149 152 155 158 159 155 156
177 171 163 156 148 157 150 148 136 145 139 139 142 139 135 142 147 146 152 155 153 156 162 156 137 133 141 155 179 166 164 168 155 170 170 156 155 151 161 166 158 170 163 163 166 164 162 167 169 161 159 163 163 162 159 150 158 143 145 144 142 151 153 145 148 150 152 151 148 152 148 147 143 154 154 156 156 155 156 147 144 150 153 154 146 149 153 152 155 155 157 158 153 154
180 173 174 173 164 144 148 135 152 127 151 151 151 148 136 133 146 154 158 152 150 154 167 149 134 132 168 177 181 181 178 172 170 172 171 154 159 158 168 171 166 161 160 162 166 163 166 167 168 172 167 159 160 160 161 162 156 142 143 142 146 150 154 149 151 148 148 149 151 153 155 151 153 146 156 150 147 147 143 146 151 150 155 152 145 150 157 156 153 153 155 158 157 157
180 169 158 168 148 148 143 156 152 151 169 167 162 152 143 137 136 153 160 161 154 145 155 136 134 129 138 157 173 171 170 162 151 150 152 158 159 151 159 162 157 155 160 164 164 167 168 163 167 164 168 161 162 161 155 152 141 147 153 147 151 152 148 150 150 147 147 147 149 153 154 158 154 151 144 143 144 147 146 147 150 151 151 154 144 147 154 154 153 155 159 158 157 156
170 158 155 150 149 176 180 178 173 170 178 162 155 154 145 138 137 138 145 154 156 156 154 165 137 131 129 145 162 155 160 147 142 147 151 142 148 152 151 150 154 151 166 169 164 167 164 163 165 167 169 166 151 151 151 155 158 159 163 148 158 156 150 147 151 150 150 151 151 154 157 160 155 151 145 151 153 150 153 150 154 152 156 151 146 151 149 155 159 156 160 159 159 160
162 155 157 160 152 151 156 182 173 182 174 166 167 154 145 142 152 154 147 150 153 156 155 160 164 141 128 132 138 146 147 146 143 134 139 147 154 156 154 158 162 163 165 169 169 169 163 158 157 153 147 151 154 157 158 145 159 163 158 145 148 157 149 150 146 143 149 144 148 153 156 159 156 149 154 157 152 150 148 157 155 153 148 149 148 151 151 151 157 159 159 160 161 159
160 167 164 148 163 168 163 157 164 178 172 173 165 163 145 157 163 159 158 152 148 148 158 165 160 132 126 128 127 133 128 130 137 140 146 141 147 150 151 157 160 166 162 167 169 164 164 165 163 158 166 163 167 162 164 153 145 152 149 138 139 139 145 144 146 148 145 145 149 155 154 155 155 151 152 154 157 153 154 155 157 147 150 147 148 155 152 148 152 158 160 159 155 150
158 150 153 157 160 173 167 164 163 178 174 171 174 155 148 160 163 163 147 153 142 142 134 132 135 130 122 133 123 123 127 126 131 131 137 144 149 149 137 150 154 157 170 172 172 167 168 164 163 164 165 166 165 152 148 149 154 151 151 135 136 142 153 150 151 149 147 151 152 153 153 150 151 151 154 148 150 155 156 154 154 151 146 143 153 152 156 152 157 159 155 150 147 149
169 167 161 155 155 160 172 161 163 158 152 157 168 162 165 170 166 161 166 162 167 169 170 173 155 140 126 121 144 148 138 144 140 140 148 147 154 154 150 156 162 169 170 171 170 166 163 161 159 159 154 157 159 158 156 149 152 158 145 137 135 140 145 154 152 155 152 160 157 154 156 157 155 150 155 153 154 155 157 155 155 151 143 147 150 152 154 153 155 158 154 149 147 147
149 159 161 162 165 161 154 153 154 150 156 155 162 168 164 166 170 166 162 169 173 168 144 160 155 134 127 122 126 129 148 138 138 144 145 137 150 159 164 166 168 152 163 164 163 168 167 165 162 161 161 161 157 157 164 155 161 148 142 138 135 148 148 144 152 152 158 160 160 154 156 154 156 156 156 157 154 154 158 155 153 150 143 147 153 154 158 154 159 156 150 147 147 152
163 174 158 155 149 150 155 152 152 147 162 163 165 156 164 160 158 164 167 154 174 170 164 139 137 138 124 127 133 150 145 143 158 156 155 150 140 139 145 146 159 165 157 164 161 161 168 170 166 163 154 157 165 161 164 159 152 147 142 138 135 139 146 154 155 150 155 157 160 159 158 155 157 156 158 159 159 157 157 150 149 147 145 146 149 153 156 157 153 151 148 147 152 158
168 175 170 159 163 155 162 160 159 153 157 163 164 155 157 166 165 158 144 151 146 139 136 140 142 146 124 131 137 139 158 147 147 140 141 161 157 149 161 149 153 153 155 169 170 167 163 168 162 162 163 160 168 163 168 161 157 152 152 145 137 140 148 159 159 156 158 160 163 163 164 159 156 153 158 160 158 158 150 156 151 148 146 150 147 153 157 158 152 150 150 151 154 157
179 179 176 162 162 171 164 143 160 160 160 158 159 154 157 167 161 165 171 174 170 167 167 148 141 127 128 128 139 143 139 159 152 147 141 164 169 163 155 149 164 163 165 154 161 161 168 167 167 163 161 163 161 163 157 152 147 147 146 140 137 142 150 162 159 161 157 157 159 162 157 157 159 159 165 163 162 159 151 153 149 146 145 152 148 148 149 156 152 149 149 151 154 158
181 180 182 179 171 169 172 166 166 158 158 163 151 156 143 138 133 140 159 142 138 140 149 151 134 124 147 150 155 151 150 156 160 155 150 152 169 164 163 149 167 169 169 161 154 177 173 170 171 164 165 166 169 164 161 152 160 148 145 146 142 139 136 160 158 153 148 157 155 154 150 153 159 159 160 158 155 158 157 154 153 150 141 147 150 151 151 159 157 149 148 151 160 161
170 167 171 174 164 170 170 167 166 163 175 172 174 168 162 148 150 146 140 144 140 143 134 140 136 128 158 160 162 159 154 161 161 155 159 161 167 164 152 151 161 155 173 176 172 168 170 166 170 164 162 165 163 165 159 159 161 161 156 148 145 148 143 154 156 151 150 152 150 156 155 154 155 157 158 162 158 156 152 155 155 147 143 147 151 150 154 153 153 150 150 153 153 159
159 171 174 178 171 172 167 169 174 172 169 157 150 160 157 183 178 170 178 163 164 155 150 140 137 135 123 139 148 151 155 161 158 158 154 160 159 163 163 165 159 157 172 178 175 159 173 160 164 167 167 157 156 156 157 158 155 155 146 146 141 156 155 147 150 155 155 152 155 158 157 154 155 160 153 158 159 157 153 153 154 145 150 148 155 155 156 152 152 148 150 157 161 161
170 178 181 183 178 161 147 176 174 174 174 175 161 139 144 157 162 174 169 165 146 143 145 140 127 126 128 148 153 155 159 161 162 160 146 148 154 156 163 168 163 155 172 178 172 166 166 169 162 159 155 154 153 151 155 157 156 155 148 146 144 150 146 157 158 161 163 157 159 157 151 150 153 155 160 164 159 160 159 153 151 148 151 153 152 152 158 154 155 149 152 157 162 164
169 178 182 178 183 185 160 146 168 180 168 146 150 141 145 145 137 142 149 182 149 147 151 145 128 142 140 153 150 151 153 163 164 156 157 158 163 157 170 173 167 166 163 174 170 161 162 168 162 155 152 157 156 155 160 162 157 155 145 145 149 154 160 159 152 155 155 157 158 153 152 150 156 160 164 164 159 158 161 157 151 149 156 159 155 157 162 163 156 152 151 159 161 167
151 156 162 150 186 151 150 149 156 153 147 147 148 161 141 155 149 142 134 140 143 127 133 136 151 148 155 151 158 157 161 158 158 158 159 155 166 162 167 172 168 166 167 171 168 168 162 162 158 151 149 150 152 154 162 161 161 164 158 158 146 161 162 155 153 159 143 149 154 152 159 155 159 160 164 160 158 158 164 164 159 153 151 155 156 162 164 162 157 151 154 158 168 169
145 138 155 139 148 144 146 153 150 159 155 134 153 154 151 162 171 172 147 133 141 125 138 135 157 159 151 143 150 162 159 150 156 164 162 158 158 158 157 163 157 153 155 161 167 165 161 157 154 151 152 151 152 151 152 172 166 165 161 152 146 161 156 154 153 144 155 160 148 164 161 158 158 161 160 160 158 160 166 164 163 163 152 156 161 171 168 167 159 155 153 161 168 168
145 134 141 135 135 129 136 161 141 146 140 136 158 164 136 159 160 160 145 124 123 138 143 149 129 151 156 159 144 163 139 157 160 160 161 165 152 154 152 150 151 151 149 151 156 162 159 160 161 160 154 154 153 154 161 167 168 163 153 140 140 155 158 158 164 159 143 149 158 153 160 163 160 157 162 164 169 161 167 163 163 163 157 162 164 164 162 161 160 155 153 163 166 170
144 157 161 162 143 156 132 129 155 160 154 129 159 139 136 140 124 124 122 123 124 145 155 138 154 128 134 150 144 139 144 154 156 143 143 146 147 151 151 154 160 158 155 157 161 158 163 163 165 164 163 158 162 158 165 168 167 157 143 153 156 153 155 162 163 153 141 150 164 163 166 166 159 159 165 171 170 167 165 166 160 156 162 168 171 163 165 162 160 158 157 161 163 166
163 172 165 176 169 165 166 127 142 154 163 134 124 124 121 123 122 140 139 156 155 140 148 152 149 149 132 127 134 137 139 148 137 137 137 143 147 152 158 164 162 165 163 163 162 164 165 165 166 164 160 162 168 163 171 165 158 150 159 157 143 154 157 158 153 155 152 152 157 156 156 161 157 164 165 172 171 165 169 165 160 161 157 159 161 164 162 162 163 159 157 157 166 163
181 184 173 165 167 145 159 142 123 150 137 122 122 121 122 124 151 148 172 154 141 151 140 144 149 149 151 127 125 140 136 132 131 125 138 136 153 158 162 170 167 168 178 175 174 169 173 166 162 160 156 161 156 166 159 155 152 155 156 160 144 150 152 159 151 152 153 147 148 144 149 160 165 168 172 173 171 171 171 165 161 160 160 165 159 164 166 164 165 161 157 163 164 166
183 180 181 166 150 143 145 144 121 123 122 125 125 128 130 144 147 153 163 154 146 158 149 142 151 150 144 129 125 132 132 121 126 133 138 148 162 161 172 174 182 182 185 187 186 180 174 168 160 165 162 167 161 148 152 148 154 161 156 160 150 152 154 156 152 150 155 155 148 160 158 160 160 168 174 172 171 171 167 163 163 160 159 168 162 165 170 174 171 171 158 159 165 169
187 188 157 159 144 142 133 122 119 120 122 161 152 133 141 158 158 151 164 149 162 164 141 136 128 137 130 127 124 125 125 126 136 142 141 152 168 168 173 183 189 182 177 176 173 172 165 162 163 170 164 160 162 153 153 163 164 152 159 159 160 152 156 158 161 159 156 156 153 167 172 167 166 171 172 172 169 165 169 162 166 162 158 167 170 175 174 176 176 175 173 158 168 168
158 166 187 187 193 164 161 127 136 145 139 153 146 159 157 159 151 172 162 153 162 145 134 127 123 128 127 124 125 124 127 139 140 146 155 161 174 175 183 185 178 174 171 170 167 166 165 160 157 163 160 151 156 158 141 165 160 157 163 164 156 153 153 163 164 160 159 166 145 176 161 160 172 166 165 163 166 173 170 165 166 165 165 164 171 176 176 178 177 175 174 168 163 162
138 145 154 171 171 154 145 130 122 142 156 166 149 135 140 151 147 168 158 154 152 133 135 133 127 128 128 129 130 134 140 148 151 156 161 165 176 181 185 178 176 172 173 168 164 162 162 157 161 160 154 157 158 153 140 160 152 156 160 164 159 156 154 165 171 170 169 167 164 146 151 167 171 165 157 166 165 166 169 169 169 162 164 169 171 182 176 176 173 176 170 168 168 170
173 148 137 149 132 132 128 123 122 154 165 140 158 154 145 153 155 152 145 134 128 126 125 125 130 140 147 142 145 143 148 153 161 167 171 173 169 172 174 178 178 176 172 176 175 166 161 162 161 158 156 159 155 144 142 159 158 154 154 162 161 156 155 163 167 168 165 161 161 146 159 171 162 153 170 171 171 169 173 169 169 169 169 175 175 180 177 183 183 176 182 182 167 176
187 189 196 148 135 144 145 126 124 150 139 146 139 142 147 144 139 131 130 123 127 122 121 124 130 137 142 154 161 163 156 166 174 177 173 171 164 172 176 174 176 180 178 178 175 172 166 154 152 155 153 146 145 141 147 155 151 162 156 159 161 160 162 167 170 162 166 162 161 149 150 150 165 167 176 181 178 177 173 167 169 173 176 177 179 183 186 184 177 177 175 171 175 190
192 149 156 173 173 149 155 139 129 122 124 124 122 128 133 124 123 125 124 123 125 124 122 124 135 147 157 170 176 174 169 167 170 172 168 166 173 173 173 173 175 179 179 177 176 172 168 158 156 153 146 145 148 146 144 154 155 158 159 161 162 159 166 167 171 167 169 169 169 155 164 170 168 175 178 169 179 179 175 176 173 174 178 185 183 180 184 176 177 168 177 176 175 188
164 193 196 191 183 184 164 147 133 130 122 123 128 134 142 130 129 132 135 130 129 128 125 131 141 155 170 180 174 171 171 171 170 170 160 157 169 167 172 173 177 176 175 167 162 165 164 163 155 150 154 154 155 157 153 148 152 153 159 165 162 163 163 160 162 163 174 174 154 157 151 166 165 165 165 168 173 174 176 174 181 184 184 181 180 179 185 177 174 164 171 181 176 186
199 208 217 204 203 187 197 160 140 137 126 123 140 147 157 146 146 142 143 140 145 151 143 149 155 164 172 172 163 166 166 171 170 169 157 170 169 171 170 177 175 170 169 169 163 163 161 159 160 150 154 161 163 169 157 157 150 157 160 163 169 168 167 173 162 158 169 155 155 167 164 165 168 165 168 168 170 172 172 179 173 176 177 176 179 179 178 174 170 170 175 185 186 188
206 223 226 226 195 228 189 164 153 140 130 123 148 156 150 156 128 140 144 152 162 160 150 160 157 158 167 176 158 166 173 175 158 160 168 170 167 167 173 177 174 168 166 167 164 158 158 151 150 150 159 157 164 162 163 165 154 152 154 159 169 165 168 171 165 166 165 149 169 179 173 167 168 157 160 161 168 161 170 171 167 179 182 183 183 181 177 170 177 172 173 185 186 192
223 237 225 208 201 206 198 196 167 154 144 136 153 130 118 125 158 164 168 162 160 149 154 157 152 157 169 163 163 171 175 156 180 176 177 171 170 169 169 173 171 163 162 163 161 157 156 154 161 149 163 153 158 160 167 152 155 159 161 161 165 165 157 154 160 161 160 153 175 173 161 173 167 164 168 166 173 175 167 170 181 183 189 186 181 178 175 175 175 175 174 184 187 191
217 204 220 221 227 223 193 206 192 175 155 134 134 125 145 115 113 133 142 133 148 146 131 141 145 163 162 150 167 176 165 186 168 171 165 164 165 168 170 165 162 158 157 164 161 158 157 166 166 162 163 166 155 163 166 162 166 166 164 163 158 157 156 148 153 153 165 155 165 171 175 182 171 167 174 166 165 176 175 178 184 186 178 182 179 184 172 174 178 177 175 189 191 194
