Climate/data/grids_germany_multi_annual_precipitation_1981-2010_13.asc
NCOLS 654
NROWS 866
XLLCORNER 3280414.711633467
YLLCORNER 5237500.62890625
CELLSIZE 1000
NODATA_VALUE -999
[rows 533 to 573 of 866, columns 188 to 281 of 654]
192 191 200 196 183 172 163 156 158 150 142 143 146 149 147 147 149 151 158 163 154 149 158 158 158 155 158 160 161 165 169 172 178 176 177 192 190 185 191 190 194 207 209 211 197 213 227 225 232 228 222 208 211 193 198 204 199 205 209 202 201 214 233 240 241 240 227 236 222 218 211 213 216 202 199 209 217 191 196 185 187 192 198 207 217 231 228 220 212 201 198 200 198 203
189 181 179 177 170 169 161 157 157 150 145 143 149 150 147 147 150 156 161 157 156 159 154 156 154 155 160 164 165 168 172 173 174 173 187 185 184 187 187 191 194 196 199 192 202 205 208 233 226 228 224 206 194 192 191 195 203 218 207 225 218 204 224 231 244 224 211 213 215 222 216 204 212 221 197 199 189 195 197 195 207 202 213 212 219 222 216 217 209 200 202 201 193 196
199 182 173 170 171 167 162 159 157 159 148 149 149 149 147 149 156 162 162 160 158 152 154 152 157 158 159 164 167 169 172 169 171 180 185 182 181 187 189 186 188 191 184 200 209 211 216 229 235 232 218 201 190 202 197 201 215 223 211 226 219 228 221 218 230 212 221 223 227 230 234 218 207 216 204 192 206 204 215 208 211 205 207 205 210 206 209 210 203 202 201 193 199 199
187 179 173 168 171 172 162 158 160 159 156 155 154 150 147 151 161 160 160 162 156 156 152 158 164 161 163 167 167 166 168 170 177 182 178 181 195 181 185 190 185 183 191 198 197 202 210 218 221 213 210 192 192 194 192 201 215 218 226 225 227 225 231 226 229 210 218 236 238 231 229 229 215 208 194 211 211 209 218 213 205 198 201 211 212 209 196 194 189 199 193 204 204 206
185 179 176 170 166 170 165 160 160 159 156 154 153 153 148 151 158 161 156 155 155 156 156 166 161 164 166 165 166 166 170 170 182 180 179 177 187 184 186 183 191 190 201 207 211 210 213 216 207 204 212 192 204 201 204 208 195 206 205 218 224 240 245 232 232 221 220 233 240 242 227 221 216 218 212 187 200 213 211 216 205 211 210 195 215 214 204 200 192 196 195 197 198 205
187 184 176 172 169 169 163 163 160 158 159 163 162 156 152 153 162 159 159 155 158 158 158 162 163 164 166 167 168 166 164 168 176 177 176 177 185 184 184 181 187 192 208 211 222 213 212 214 197 207 196 200 201 204 222 208 201 223 233 218 221 231 237 225 230 220 213 223 236 241 238 235 232 217 193 196 205 202 204 220 216 218 216 210 214 211 203 188 195 199 190 192 197 194
184 183 178 173 170 170 164 161 164 161 157 161 164 156 155 155 158 157 158 158 159 168 163 167 166 162 167 166 170 164 164 169 175 170 170 178 179 177 178 187 188 189 207 210 217 224 218 204 197 216 214 195 203 215 214 233 220 211 211 234 234 240 237 231 225 219 209 226 243 244 247 245 229 218 206 185 199 212 214 216 226 222 218 221 213 221 206 174 193 190 187 192 193 192
183 181 176 174 169 169 165 163 158 159 158 160 160 156 154 155 155 155 156 158 165 166 169 163 161 159 163 167 167 164 168 175 174 169 176 175 175 175 181 184 185 187 194 203 208 210 202 195 203 214 209 197 196 208 216 221 240 236 230 215 240 245 233 230 235 218 213 214 223 241 242 238 228 217 212 187 188 194 211 225 216 214 214 209 212 215 202 185 194 181 182 187 188 185
182 179 173 172 166 165 164 160 158 159 160 157 158 154 157 155 157 157 158 160 166 166 168 166 163 159 161 163 163 167 168 169 169 175 170 172 180 182 180 179 183 188 194 203 204 204 200 207 220 229 211 197 214 204 219 222 239 253 249 241 228 247 250 234 219 219 229 226 216 238 236 219 238 210 197 191 195 209 204 222 222 199 210 202 196 197 185 189 178 184 179 185 184 181
180 175 170 169 165 162 158 157 158 154 154 156 158 154 161 159 159 160 160 166 169 167 164 160 163 160 160 164 166 167 164 166 170 167 169 178 182 175 176 178 183 188 196 198 200 201 201 204 214 233 205 198 207 232 227 218 241 255 255 252 249 251 245 245 234 223 236 231 226 229 234 227 216 216 217 207 186 205 198 214 224 193 198 209 203 202 199 189 188 184 186 186 181 184
178 177 170 163 164 161 155 153 152 153 158 161 157 163 163 162 163 164 167 172 167 166 160 161 158 159 159 161 164 163 166 165 165 167 169 171 174 174 178 181 182 187 201 202 200 203 204 212 215 230 206 204 219 238 243 250 249 254 261 253 256 253 254 239 232 230 238 239 237 237 228 220 208 214 213 201 197 186 210 219 214 209 181 193 195 199 187 179 182 178 176 175 177 180
177 174 168 163 159 157 156 156 155 158 161 163 163 163 171 166 165 161 164 169 165 160 157 157 157 158 159 163 163 163 162 162 165 162 165 168 174 174 178 181 183 189 197 201 201 199 203 216 220 211 220 218 209 221 227 225 241 255 258 257 252 243 255 249 248 236 239 240 247 238 221 211 210 204 212 211 211 189 194 203 213 206 195 173 194 191 178 174 176 177 172 163 173 172
172 173 164 161 158 156 153 151 150 153 163 164 171 167 167 164 157 158 156 162 159 156 158 158 158 159 160 161 162 164 162 163 163 160 165 174 180 176 178 183 185 189 191 199 203 206 210 229 239 215 226 229 213 220 222 225 227 227 237 250 263 254 249 247 245 244 242 227 245 238 239 227 215 205 198 195 202 199 190 190 216 209 199 189 183 177 170 165 175 170 161 163 169 165
165 164 162 158 154 153 151 148 147 155 161 159 159 156 156 155 156 154 155 154 156 156 159 158 160 160 161 161 162 163 162 161 160 160 167 182 186 188 183 181 184 187 193 203 204 214 221 246 231 232 237 229 225 227 244 224 236 258 237 244 267 263 264 252 255 261 251 253 248 241 231 225 209 208 215 213 209 190 185 216 212 194 175 184 182 171 165 156 167 162 162 164 172 160
161 159 158 155 153 153 153 153 153 154 158 158 155 154 155 155 155 155 154 157 157 157 158 160 160 160 161 163 164 163 161 162 162 164 169 178 183 189 185 180 184 188 193 200 211 211 222 226 224 243 248 244 246 236 252 253 249 239 257 259 262 266 266 257 257 258 248 249 241 239 222 227 227 217 223 222 220 199 186 215 215 206 186 184 184 170 165 165 169 166 156 162 165 155
157 156 156 154 154 154 153 154 152 155 159 158 156 156 156 156 156 156 156 157 157 157 160 160 160 160 162 163 163 163 164 163 163 165 177 188 185 197 187 184 185 192 195 212 212 217 218 221 217 217 231 243 231 245 247 261 263 263 257 264 254 256 270 264 253 244 246 243 246 245 232 218 236 238 224 226 205 197 185 204 215 206 198 177 177 171 173 170 165 149 151 150 150 152
154 152 153 152 155 153 153 152 152 153 156 156 156 156 156 156 156 156 156 157 157 159 160 160 160 161 162 162 163 163 163 164 165 169 172 183 193 195 191 185 192 193 209 212 222 213 221 227 217 219 221 229 224 223 240 246 265 259 268 259 263 261 250 256 249 232 251 245 258 241 238 232 239 222 218 221 206 215 191 206 216 203 198 184 161 169 169 171 157 157 175 152 150 150
150 150 150 150 152 153 153 154 155 155 156 155 157 157 158 158 159 159 159 160 160 161 165 165 165 163 163 164 164 164 164 165 169 171 173 184 192 196 192 191 195 200 213 219 213 218 218 213 218 217 220 219 220 242 242 256 266 266 266 261 250 249 246 245 233 253 261 259 257 250 234 248 242 240 224 214 205 205 190 192 214 190 186 168 183 189 171 164 171 177 188 172 154 154
149 149 147 150 151 152 154 157 160 159 159 158 159 159 159 159 161 163 165 162 163 163 163 168 169 164 163 165 165 166 167 168 172 175 177 183 195 190 187 192 212 213 222 210 221 219 219 216 215 213 216 217 225 246 254 255 265 264 253 261 252 250 259 244 226 246 239 261 264 258 262 253 240 231 222 222 199 203 185 195 206 207 201 170 178 193 186 175 173 201 178 165 162 166
147 146 145 150 151 151 156 159 160 163 162 162 162 160 159 161 164 165 164 165 162 162 166 167 165 165 162 164 164 166 168 170 172 172 174 177 178 184 191 192 208 205 199 219 223 225 217 214 208 211 215 220 241 230 253 262 261 262 252 252 246 252 248 247 228 241 254 248 259 246 249 251 243 230 226 209 201 198 190 185 209 210 198 178 167 194 190 192 185 183 176 174 173 169
149 144 140 146 151 153 156 159 160 169 169 166 164 161 161 162 164 166 166 164 164 164 165 165 167 165 164 164 164 167 169 170 171 173 175 176 179 183 188 196 213 234 212 224 226 225 214 219 215 210 221 238 234 253 253 266 265 257 251 240 254 243 249 236 223 225 236 250 259 249 237 247 241 230 234 218 219 214 200 180 206 211 170 178 182 193 192 188 179 178 190 174 178 181
147 145 145 149 153 154 158 162 164 167 167 168 168 169 169 169 169 167 168 169 168 167 166 165 167 169 165 167 167 168 170 171 172 172 176 176 180 184 194 212 236 217 222 218 217 223 211 208 211 210 220 240 252 255 261 262 264 257 261 259 238 255 236 247 224 238 228 238 250 239 242 236 244 225 211 222 214 214 192 179 176 193 189 177 187 189 189 180 172 183 196 175 174 170
152 152 150 153 155 158 162 162 165 167 169 169 169 170 171 173 170 169 169 170 169 169 168 168 170 170 168 168 169 168 171 171 172 173 175 175 177 184 200 217 216 227 225 200 207 209 220 204 204 212 214 216 237 236 266 261 261 266 264 256 256 254 252 234 241 226 228 226 236 244 243 219 236 226 208 220 205 205 186 184 171 182 173 191 195 187 186 179 173 182 189 172 168 167
154 154 153 155 157 157 162 163 165 168 170 169 170 170 172 171 172 170 169 169 169 169 170 170 170 171 168 170 169 170 170 172 172 174 174 175 177 183 190 210 225 212 215 200 199 201 201 201 218 222 231 245 233 246 259 269 252 264 263 257 245 244 253 246 234 232 214 219 217 234 244 224 218 211 197 200 189 193 179 173 171 195 200 195 189 187 182 175 175 186 184 177 175 166
153 154 153 155 157 157 160 165 167 169 173 172 171 171 172 172 172 171 172 170 170 170 169 170 171 171 172 171 171 169 169 172 173 173 173 174 178 183 204 217 211 201 208 216 207 200 217 218 219 226 228 250 252 261 254 263 245 264 263 267 256 244 242 252 245 234 223 210 210 220 229 239 229 220 230 220 227 202 182 214 191 169 176 195 192 188 181 174 177 186 178 176 176 169
155 156 155 156 159 162 163 166 168 170 174 172 173 173 174 175 173 173 172 171 170 171 170 170 171 175 173 173 172 170 170 170 172 173 173 174 177 181 195 200 216 203 197 214 214 207 207 215 218 216 220 229 227 263 268 253 263 263 270 264 254 251 237 241 227 217 221 216 207 212 244 233 241 248 245 234 225 194 179 215 208 196 167 185 183 186 178 168 171 184 172 169 178 178
155 155 157 158 161 163 166 168 171 172 173 173 174 173 176 175 171 171 171 170 172 171 171 172 172 174 173 173 173 173 170 170 171 170 172 174 173 176 186 195 211 200 212 209 198 201 214 219 221 214 219 218 249 241 264 269 261 279 258 260 256 249 226 244 228 232 231 228 215 201 228 213 234 238 228 221 201 183 184 204 205 198 192 164 173 176 174 167 167 169 178 178 173 176
157 157 157 160 160 164 168 171 171 172 174 175 175 178 180 173 173 171 172 172 172 171 172 172 172 174 173 175 173 172 170 171 170 170 172 172 173 176 194 201 200 199 206 193 196 195 206 208 213 207 212 231 232 233 251 260 278 270 255 244 255 256 236 235 234 241 224 227 244 237 198 216 226 213 222 200 181 208 203 199 196 197 169 176 169 165 162 161 174 180 175 171 173 176
157 158 159 160 161 166 170 173 172 175 177 179 180 178 176 174 173 174 174 172 172 171 172 172 174 175 174 174 174 173 172 172 170 170 171 172 172 174 195 196 205 201 198 199 194 190 198 204 211 206 214 219 213 220 233 241 247 255 264 247 237 234 232 229 227 243 237 245 250 244 217 193 212 196 201 185 193 201 196 191 193 181 165 183 180 180 181 167 167 168 170 170 163 173
158 158 161 162 166 169 173 175 177 180 179 180 184 180 182 181 176 176 176 175 174 173 173 172 174 174 175 176 175 174 175 172 172 172 171 172 172 174 191 183 188 190 194 196 191 191 194 196 199 204 209 211 223 238 240 250 261 259 267 248 254 234 243 248 251 244 252 258 255 231 228 191 199 186 185 191 203 202 197 182 185 183 163 172 176 171 170 182 162 168 158 172 172 179
160 161 160 165 167 170 174 177 181 184 182 182 183 179 182 181 178 177 179 176 176 177 173 172 173 175 175 175 174 173 173 173 172 173 174 177 173 173 176 183 184 181 187 189 188 190 197 204 205 205 221 227 240 241 259 246 238 246 259 249 248 240 237 237 264 260 258 249 248 244 228 208 189 187 206 191 204 202 192 184 177 185 181 167 161 161 170 180 175 159 172 180 183 184
160 160 162 165 165 168 173 176 181 184 184 185 183 184 187 181 181 179 179 179 177 176 173 173 176 174 173 175 173 173 172 172 172 172 174 178 177 173 175 175 177 177 180 188 191 211 215 205 211 204 211 224 250 241 256 259 246 257 261 261 259 239 257 249 247 259 252 235 239 241 219 215 191 188 193 200 190 198 191 188 180 179 185 170 163 160 159 177 175 160 165 169 182 180
159 161 162 164 164 168 172 174 178 185 187 185 185 183 183 183 179 180 181 181 177 177 174 174 176 174 172 173 172 172 169 172 172 172 172 173 176 173 175 174 175 176 180 189 204 198 216 213 217 219 216 218 216 228 236 248 246 262 258 248 261 261 257 263 256 260 249 246 233 236 221 215 193 187 190 206 197 192 188 186 180 173 179 181 168 161 156 168 167 161 168 174 179 177
159 162 163 163 167 167 172 173 176 182 186 185 182 185 183 182 181 183 182 183 182 177 174 174 173 171 172 171 171 170 170 170 172 173 174 175 177 175 175 177 176 177 177 191 201 211 215 218 217 206 216 224 234 227 237 244 251 263 251 253 248 261 243 256 244 254 255 244 246 227 235 225 214 189 187 205 201 186 188 185 180 174 176 180 183 180 155 160 172 163 156 174 179 169
161 161 163 165 165 169 171 173 175 179 182 183 182 182 182 186 183 181 182 182 179 177 174 171 171 171 171 172 171 172 171 172 173 174 176 177 178 180 177 177 177 177 181 190 195 197 209 212 209 211 225 224 247 220 220 237 257 257 258 245 258 258 236 248 244 243 259 255 256 248 248 238 226 201 183 202 201 192 183 182 182 175 175 180 180 165 153 156 166 168 160 176 172 172
161 161 162 166 168 168 169 172 175 178 178 179 182 185 186 183 181 180 179 179 179 177 174 171 171 171 170 171 170 172 172 173 174 175 176 178 177 177 178 179 177 176 184 192 197 205 213 227 222 213 228 233 243 239 231 246 260 252 246 246 252 249 246 239 230 229 248 240 266 257 245 229 229 201 181 201 196 196 187 181 182 178 181 180 180 169 160 152 163 174 157 155 163 163
161 161 163 164 168 168 170 171 174 177 181 182 182 184 185 181 180 181 180 178 177 176 174 173 172 171 170 169 172 171 169 173 175 176 177 177 176 176 176 179 176 177 191 199 194 212 211 217 236 221 225 233 246 249 254 252 257 258 257 250 244 247 230 230 238 237 224 233 258 253 243 217 200 186 209 199 196 196 189 182 187 183 182 182 185 165 169 158 153 169 160 172 158 164
161 163 163 163 167 168 169 172 173 176 182 182 185 183 184 183 181 180 179 177 175 175 175 174 173 171 169 168 169 168 170 171 173 175 176 179 177 177 177 176 177 178 181 188 194 200 220 222 238 234 227 238 234 235 242 260 257 251 251 250 237 229 245 238 265 236 231 223 244 249 223 204 191 205 211 202 197 193 185 183 182 183 182 185 185 177 166 162 158 153 175 170 175 174
162 163 163 164 168 168 169 172 175 177 179 180 182 183 182 184 181 180 178 176 176 174 175 174 174 172 171 167 166 167 168 171 175 176 178 180 179 178 176 177 180 180 177 181 187 205 199 216 217 247 249 246 236 251 249 259 260 256 250 240 239 246 246 257 258 238 234 212 220 245 239 223 190 195 201 196 196 191 185 183 187 183 183 185 179 182 174 161 161 155 162 164 164 182
162 162 164 166 168 168 171 175 175 180 181 180 180 183 187 186 183 180 178 176 176 176 176 176 175 173 172 168 168 164 173 176 178 180 183 182 180 180 180 179 180 180 177 183 182 201 207 215 238 236 250 249 222 250 248 258 260 259 249 240 241 252 260 244 238 254 251 221 209 216 233 218 206 183 199 189 195 189 189 184 185 185 185 179 188 182 178 174 168 156 157 167 178 164
162 162 166 166 168 170 174 175 178 180 184 185 184 183 186 194 183 180 177 176 176 176 176 175 175 173 172 170 173 176 179 187 185 188 185 182 180 187 186 179 180 179 175 189 190 191 196 215 230 234 245 243 227 227 245 256 252 248 253 247 241 249 268 246 238 234 251 247 214 225 201 219 209 187 196 189 184 189 187 179 175 181 177 180 176 175 176 175 168 154 156 159 155 178
