Climate/data/grids_germany_multi_annual_precipitation_1981-2010_17.asc
NCOLS 654
NROWS 866
XLLCORNER 3280414.711633467
YLLCORNER 5237500.62890625
CELLSIZE 1000
NODATA_VALUE -999
[rows 615 to 655 of 866, columns 184 to 275 of 654]
675 680 688 696 704 716 730 746 750 751 754 803 912 972 976 999 957 970 1016 1152 1161 1209 1141 1208 1129 1010 1087 1175 1154 1118 1188 1227 1125 1091 1188 1146 1067 1079 1036 931 916 991 1085 955 1080 1076 1066 1054 1046 1012 986 981 954 955 945 856 890 828 827 821 857 863 895 850 872 820 799 793 825 837 834 831 823 798 800 804 803 784 779 778 734 732 719 713 733 785 745 764 713 678 696 778
676 679 676 688 703 713 729 743 750 750 756 798 949 922 999 1015 958 1036 1124 1172 1137 1244 1165 1227 1147 994 1117 1183 1149 1139 1206 1143 1107 1072 1166 1089 1031 1065 1075 933 1040 1046 1038 1020 1097 1099 1083 1042 1040 1013 991 983 971 958 934 905 875 855 810 818 816 834 862 875 827 841 820 788 834 822 831 830 829 815 807 801 805 811 766 801 789 800 803 762 773 735 707 792 715 679 734 796
676 679 682 693 703 712 724 743 752 749 765 835 876 905 959 1000 997 1051 1149 1136 1207 1198 1145 1118 1079 1046 1184 1176 1034 1163 1262 1180 1160 1089 1167 1109 1057 1109 974 1002 995 1054 1150 1115 1107 1100 1076 1047 1026 1029 1015 988 978 960 942 878 875 863 836 821 854 872 873 828 842 828 817 799 786 819 829 827 816 790 803 787 809 799 749 804 788 764 801 772 739 702 702 811 805 686 754 751
677 688 692 696 706 717 723 734 742 745 752 832 953 950 994 1131 1112 1162 1188 1153 1209 1090 1208 1152 997 1220 1207 1125 1030 1164 1196 1118 1019 1095 1212 1163 1018 1043 970 991 1066 993 1084 1142 1120 1113 1082 1055 1047 1040 1033 958 981 955 934 932 898 848 855 844 866 880 869 826 814 840 831 816 812 802 813 808 785 776 764 783 801 790 745 761 792 772 731 737 701 787 738 795 799 720 698 762
675 687 696 705 716 717 724 734 734 737 760 829 1002 1065 1051 1107 1025 1155 1204 1096 1148 1095 1137 1005 1067 1152 1201 1139 1000 1212 1254 1149 1016 1125 1221 1125 1076 1056 1015 915 1049 1134 992 1040 1124 1084 1091 1067 1047 1027 1031 1017 987 976 947 943 910 861 857 832 853 865 858 831 817 820 840 792 800 800 779 799 766 775 777 810 818 786 795 753 749 744 722 688 689 773 794 782 827 786 757 727
675 679 690 701 717 717 724 732 731 731 764 812 1033 961 1031 1043 1082 1176 1282 1136 1089 1180 1017 1026 1190 1223 1209 1177 1000 1137 1256 1203 1132 1104 1144 1041 934 1067 1009 1018 987 1112 1142 1137 1059 1118 1085 1077 1056 1058 1030 1005 1001 951 956 914 928 883 872 827 855 854 832 874 820 814 820 828 814 791 799 787 767 769 815 812 811 802 752 759 714 687 716 746 757 780 747 791 797 761 805 767
669 683 691 701 707 719 715 727 733 735 748 804 857 861 930 1005 1039 1158 1246 1111 1037 1157 1146 992 1054 1135 1125 1129 1103 1200 1236 1153 1134 1152 974 998 1130 1191 1169 1108 1150 1004 1091 1161 1139 1117 1092 1063 1048 1024 1046 1009 931 982 942 922 924 916 869 825 838 867 852 844 837 820 825 830 796 782 799 777 771 820 795 790 810 818 772 723 736 731 753 703 736 761 755 795 796 774 753 742
673 684 692 705 703 721 725 723 727 733 743 778 1062 1049 1059 1054 1070 1276 1067 1189 1104 1062 1217 1153 1164 1002 1169 1107 1081 1255 1253 1072 1028 1007 958 1061 1116 1205 1193 1124 1151 1109 1098 1121 1137 1113 1097 1042 1032 998 1027 1022 946 931 939 939 923 888 888 869 865 872 845 850 845 825 843 828 808 806 777 791 808 814 794 807 819 797 775 725 725 730 704 673 699 743 803 764 792 757 821 756
671 677 696 705 715 719 722 725 727 728 748 769 852 971 1132 1206 1222 1201 1304 1257 1230 985 1084 1259 1247 1115 1019 1225 1213 1168 1170 1108 970 1081 1015 1047 1054 1078 1148 1109 1123 1101 1116 1126 1126 1090 1066 1024 1019 983 1002 984 967 965 950 949 921 927 904 890 873 874 864 876 855 824 855 813 819 796 810 820 835 807 837 807 807 780 771 726 709 697 681 692 718 753 765 822 765 805 764 794
669 683 697 712 716 718 720 728 733 733 743 747 828 1027 1146 1204 1052 1059 1184 1206 1113 984 1153 1204 1230 1182 1101 1088 1088 1148 1014 1087 1021 1113 1221 969 1089 1141 1069 1064 1099 1051 1095 1109 1075 1071 1014 1017 1012 997 993 979 953 938 930 941 926 904 885 861 896 868 845 868 859 880 824 815 804 830 835 849 815 829 807 820 803 820 759 719 701 683 644 681 709 738 792 832 795 812 800 792
666 689 696 706 715 719 726 728 732 737 742 751 768 931 951 1155 1009 959 1150 1031 1016 1035 1041 1003 1146 1222 1249 1102 1120 1041 1121 1211 1054 1250 1282 1073 1058 1132 1118 1096 1074 1087 1064 1075 1052 1036 1026 955 981 987 972 974 946 943 914 944 903 909 906 873 843 833 864 902 844 866 844 805 847 840 847 844 814 805 827 831 790 814 761 717 705 679 668 685 719 746 768 812 825 784 806 805
673 681 697 705 713 720 725 728 732 738 737 747 753 818 897 982 944 881 991 991 1125 991 1051 1099 1168 1133 1176 1084 1122 1170 1226 1175 1030 1156 1269 1027 1023 1160 1119 1094 1055 1065 980 1041 994 1035 998 937 960 960 968 952 947 887 939 935 925 892 918 926 909 917 850 890 869 887 831 885 891 875 854 833 844 829 842 818 828 835 777 741 748 716 717 742 756 765 790 816 822 844 837 791
678 681 692 697 710 714 721 730 732 734 735 743 743 817 868 802 748 805 826 856 1033 889 1134 1140 1080 1127 1042 941 1156 1239 1207 1110 1057 1186 1211 976 1094 949 951 1052 1040 1026 892 944 1030 1006 975 966 963 959 956 932 915 925 933 904 897 914 908 905 907 895 922 854 877 844 900 899 920 894 861 836 855 835 845 823 846 836 782 774 774 770 771 783 829 839 846 849 877 875 849 836
678 685 693 709 711 711 718 731 734 732 743 734 733 727 710 864 787 783 781 853 1119 915 907 935 1052 1002 912 1017 1198 1219 1189 1160 1134 1184 1176 1129 1036 1075 885 938 1015 993 910 992 991 962 957 944 946 938 937 924 917 897 921 926 906 918 913 920 893 894 918 866 859 919 905 919 901 908 868 852 837 843 842 807 847 823 796 794 792 791 810 799 834 859 838 880 841 874 881 848
678 687 692 709 714 714 718 727 730 730 741 733 729 814 900 977 1027 991 1045 771 1048 906 1014 920 909 877 987 1032 1143 1191 1180 1182 1147 1151 1166 1145 1135 1103 1013 878 889 884 980 1003 990 969 960 952 918 878 851 872 883 889 938 922 889 903 916 920 917 897 918 886 905 874 929 902 902 893 871 846 816 862 848 805 833 804 831 839 820 843 831 834 850 851 881 818 855 898 864 857
683 686 693 697 698 701 713 721 728 732 742 742 734 830 879 1074 1016 983 1007 791 815 861 863 931 933 959 1003 1034 1098 1130 1125 1139 1112 1125 1119 1091 1101 1080 1042 925 859 953 969 1006 1005 963 915 934 901 885 945 929 922 934 897 911 910 914 925 909 895 868 895 895 876 922 939 891 918 873 880 837 854 854 857 835 805 843 862 861 853 815 767 779 800 886 870 897 878 896 894 834
688 689 693 699 694 696 710 721 727 730 741 743 734 830 874 1049 1009 953 956 963 882 920 1063 914 986 971 981 1013 1063 1077 1101 1116 1083 1082 1072 1055 1088 1047 949 917 967 871 974 1021 981 971 904 912 874 853 875 950 928 913 912 900 916 909 934 913 881 902 893 879 906 930 904 906 890 892 873 854 872 859 830 811 853 874 862 846 847 775 800 875 854 835 810 855 890 883 814 862
687 687 692 694 696 695 707 724 727 726 738 741 741 780 893 1031 949 877 934 1014 964 972 996 930 936 947 980 947 995 1060 1107 1110 1058 1039 1021 1018 1057 1028 1033 993 893 959 978 1008 971 989 917 883 927 938 949 939 927 935 907 917 912 917 920 934 886 880 857 908 918 923 872 885 913 882 876 826 880 859 846 814 880 874 859 849 816 804 844 864 911 873 885 795 881 886 807 854
688 688 689 696 697 701 705 714 725 725 736 742 740 769 901 991 955 937 945 1018 946 947 949 940 939 939 977 987 1013 1046 1058 1054 1008 1005 993 1029 1023 1014 1012 916 893 883 931 1007 997 986 885 928 988 976 951 941 919 919 886 906 899 931 928 914 864 838 899 943 917 895 909 901 875 867 847 852 888 872 857 879 878 855 822 790 835 895 870 842 854 909 877 888 831 861 894 791
688 693 695 694 700 704 722 719 718 727 733 736 741 796 912 970 947 948 933 912 903 906 900 939 902 948 940 973 1012 1042 1028 983 969 1001 971 1009 991 1030 1009 1026 996 930 931 1001 961 1007 912 995 990 965 942 930 936 926 867 902 902 940 932 922 821 882 936 906 873 920 918 882 893 828 886 891 893 868 828 890 875 800 796 834 860 901 916 863 915 868 926 917 863 876 895 844
692 692 696 701 703 705 708 718 734 734 734 738 742 777 922 960 957 909 865 855 872 925 938 972 941 925 962 957 990 1000 985 961 961 965 944 969 942 998 1009 1023 1016 951 940 965 1022 928 948 1001 984 977 956 914 936 902 887 898 939 927 925 898 909 824 924 883 917 921 897 871 834 906 908 892 902 867 849 859 805 836 893 888 875 910 904 891 948 916 926 929 864 891 909 910
690 691 696 702 702 701 712 725 727 727 734 745 744 764 838 932 882 900 918 869 863 882 879 944 900 893 933 968 975 963 974 951 960 943 955 961 974 972 984 1020 1052 1029 962 945 948 1030 1054 993 967 982 947 916 912 876 927 911 941 915 924 920 899 876 928 868 920 916 841 893 917 910 901 900 823 841 823 860 857 922 906 922 927 920 887 872 904 927 933 916 871 927 921 919
690 692 695 698 707 702 710 721 724 728 735 741 743 780 899 864 881 882 886 928 904 860 897 893 904 914 896 959 955 962 959 946 929 932 904 917 968 972 990 1011 1077 1077 971 929 974 1035 974 1020 978 973 917 923 877 870 931 932 937 893 946 919 867 879 907 876 923 903 894 912 913 916 880 819 859 930 906 899 898 929 936 916 923 933 930 953 950 934 944 937 937 915 916 930
687 691 694 693 699 701 708 716 725 729 734 737 740 780 864 871 829 868 856 895 879 844 846 904 899 873 877 871 913 931 938 936 894 880 919 944 931 935 984 972 1042 1005 947 903 895 935 983 984 970 966 906 932 900 886 912 903 922 915 921 922 900 836 850 880 819 887 902 926 927 903 850 854 914 928 926 926 916 930 931 860 886 946 971 988 983 963 967 944 942 943 944 936
696 693 687 685 690 694 706 716 722 725 731 734 747 773 843 840 815 836 869 873 856 864 831 834 883 877 880 847 912 907 910 892 865 897 882 881 937 915 937 947 1007 1014 952 908 934 861 902 924 961 945 924 917 896 854 899 880 894 822 889 904 889 873 929 833 840 825 856 821 881 843 874 902 919 929 926 919 896 888 919 946 928 943 948 920 994 931 901 941 940 937 938 928
704 699 687 683 685 693 707 722 721 721 731 738 746 762 791 828 796 841 866 863 871 846 819 843 884 865 883 851 814 866 856 836 872 886 910 882 870 902 953 945 979 998 966 951 880 865 849 933 938 943 889 895 859 845 898 889 876 857 868 837 814 818 888 933 941 924 910 867 826 827 909 932 912 889 876 904 888 924 898 914 817 824 834 938 946 925 927 947 939 930 945 880
700 699 687 686 687 695 707 718 721 727 731 735 744 743 784 784 824 809 851 856 891 868 817 874 882 894 889 885 884 836 862 869 847 863 917 935 929 891 932 971 966 975 965 944 901 834 843 894 907 918 881 870 866 809 794 830 836 807 800 807 873 861 932 927 913 938 931 913 894 904 917 935 912 822 804 829 827 820 872 892 822 870 891 908 840 982 979 911 941 927 935 907
708 701 698 696 699 706 711 719 727 730 730 734 744 753 779 784 810 828 820 856 856 851 837 855 862 848 852 862 841 849 843 880 847 879 875 921 920 921 905 897 914 959 919 924 935 823 843 857 921 928 899 875 834 836 795 809 775 859 879 856 884 903 907 919 931 927 903 903 894 838 930 924 816 929 928 913 818 906 923 926 949 905 972 969 960 880 948 967 914 919 940 923
715 709 709 709 716 712 718 721 729 729 731 732 758 755 774 819 800 820 871 845 855 889 878 788 808 841 827 840 847 839 890 891 902 887 890 872 937 906 932 930 905 922 928 868 889 916 844 844 861 884 879 856 784 818 815 819 853 846 872 877 878 884 876 890 903 898 898 885 817 920 861 824 876 903 920 911 912 833 935 929 923 946 932 964 963 851 893 816 801 914 865 935
716 717 714 717 717 718 719 728 728 728 731 734 759 763 759 831 817 866 878 853 838 861 839 778 818 828 816 828 820 858 859 905 943 904 914 870 931 932 928 924 912 914 909 906 913 901 819 844 871 861 857 792 822 794 842 830 836 836 845 844 846 867 854 882 866 863 895 880 814 877 900 930 859 873 897 899 912 919 906 895 906 915 952 955 933 932 907 920 920 817 849 842
718 717 720 719 720 718 723 728 729 729 734 745 774 840 771 849 827 817 873 869 887 854 840 820 773 789 796 821 780 847 828 915 922 938 926 894 936 883 911 910 918 897 891 899 890 894 822 846 868 874 832 804 842 829 819 763 763 787 809 840 830 859 838 864 861 871 868 883 858 877 896 888 913 912 834 916 895 902 907 887 917 910 930 930 931 928 914 922 937 894 862 920
720 713 719 723 724 725 729 729 729 729 734 785 820 802 791 784 789 805 846 841 865 891 838 831 791 767 766 767 779 830 827 882 914 891 916 926 930 916 899 918 912 901 884 883 883 878 861 812 834 833 809 821 803 798 766 787 792 778 787 798 823 841 809 828 838 840 790 819 835 866 854 892 891 880 904 886 902 887 909 909 895 875 883 920 915 904 911 914 918 930 929 787
726 720 721 723 731 728 729 729 727 734 734 749 770 768 790 812 842 797 818 830 857 849 834 805 860 811 797 785 787 839 861 862 895 896 917 934 918 915 908 895 902 891 891 883 889 858 829 803 792 788 803 793 784 771 780 805 812 804 759 768 756 775 774 794 778 799 849 827 856 821 887 876 874 895 884 885 887 895 871 881 903 897 901 889 907 909 912 912 915 934 934 820
727 728 727 731 730 728 732 727 728 733 743 750 750 788 793 804 832 808 814 811 829 857 828 870 860 823 791 796 804 795 797 834 845 910 917 897 894 911 915 931 918 900 908 893 881 873 859 788 774 774 781 774 776 810 797 802 815 808 816 783 766 787 805 810 820 822 837 852 863 816 878 854 860 867 875 858 890 889 881 893 891 889 900 909 904 877 895 902 915 919 939 845
730 729 730 733 729 730 733 732 731 734 744 743 761 773 793 829 830 866 842 825 816 885 857 869 822 810 818 826 858 794 850 884 890 899 871 884 916 899 906 896 1005 909 883 900 893 873 849 838 836 823 769 759 789 798 794 808 820 801 797 793 803 796 797 792 810 821 842 850 876 830 861 843 848 841 860 865 873 872 877 881 893 904 902 894 897 896 896 909 918 924 849 816
740 737 735 736 733 738 740 738 737 737 762 760 773 779 816 841 841 876 820 810 819 796 841 857 823 876 914 842 808 810 816 851 844 870 889 877 897 901 906 900 905 905 889 885 875 854 840 842 816 794 766 782 782 788 803 819 821 804 800 819 816 787 799 806 817 791 823 831 856 843 819 813 833 830 851 846 869 870 876 889 890 900 900 905 893 890 882 894 913 926 899 935
753 753 746 743 744 743 742 741 743 740 762 775 790 794 807 862 844 871 869 846 863 816 844 843 838 885 860 875 844 835 789 818 839 857 864 871 879 873 886 896 895 909 897 878 823 836 832 828 800 796 759 747 767 786 793 834 828 876 874 893 816 873 858 805 819 828 805 820 829 836 834 803 815 823 823 827 856 834 843 864 884 885 889 898 900 889 893 905 915 921 933 938
754 749 746 747 741 741 742 744 744 744 766 793 819 827 838 844 850 835 860 833 839 849 868 834 843 825 858 837 838 827 809 816 834 862 843 866 866 885 872 900 902 887 869 853 846 810 785 792 780 773 750 740 764 811 814 828 895 880 833 891 880 821 893 890 858 832 819 797 829 821 842 815 811 823 818 827 850 859 866 867 912 929 967 908 900 895 894 914 922 932 932 946
758 750 747 744 743 744 746 745 744 758 771 797 821 823 812 808 800 816 829 816 824 818 809 833 833 813 835 838 836 816 792 839 869 842 822 846 868 862 863 875 870 884 859 855 828 812 768 767 754 739 724 743 763 749 786 786 850 827 787 844 813 869 870 841 833 831 843 812 830 817 852 814 819 839 837 840 854 853 873 884 1016 983 986 979 936 910 907 924 933 941 945 954
760 754 760 750 752 748 752 748 754 771 776 769 787 784 807 831 799 775 812 824 811 795 817 836 813 804 831 832 829 825 815 829 843 820 832 839 859 851 839 842 839 859 840 814 788 801 772 752 735 734 712 722 755 761 808 787 790 780 792 775 798 799 859 849 832 829 816 800 816 896 823 839 814 845 814 839 834 908 971 1015 1023 1010 990 1003 921 910 902 922 930 933 950 919
768 766 756 757 757 752 752 754 754 782 815 819 866 854 829 823 837 807 800 786 807 822 830 822 797 804 793 804 820 824 797 815 842 851 856 860 847 844 837 815 826 830 824 789 776 756 757 720 718 703 714 732 795 775 751 758 779 762 814 879 880 889 851 832 831 814 810 788 823 857 851 825 848 825 809 846 835 855 887 888 1000 1014 971 983 1032 927 914 913 923 933 914 928
