Climate/data/grids_germany_multi_annual_air_temp_mean_1981-2010_07.asc
NCOLS 654
NROWS 866
XLLCORNER 3280414.711633467
YLLCORNER 5237500.62890625
CELLSIZE 1000
NODATA_VALUE -999
[rows 574 to 614 of 866, columns 188 to 281 of 654]
199 198 198 198 197 197 197 196 196 194 194 192 193 193 192 192 193 193 193 194 194 194 193 193 193 191 191 189 187 186 186 184 186 187 189 191 191 188 188 188 193 194 194 188 185 184 184 182 184 185 176 176 178 182 177 172 172 172 171 172 168 165 172 165 167 169 176 173 172 173 180 189 180 184 186 185 184 184 183 185 185 185 185 183 185 185 185 186 190 189 192 191 182 180
200 199 198 198 197 197 197 196 195 192 193 192 192 192 191 193 194 193 194 194 194 194 193 193 192 192 190 188 187 183 183 187 188 189 190 190 188 188 187 188 188 193 193 191 187 183 184 181 181 180 178 175 178 174 174 173 174 180 177 173 166 171 172 168 167 169 169 171 177 176 177 179 189 183 191 189 184 185 184 184 185 183 186 184 186 187 184 188 191 191 191 193 191 184
200 199 199 198 197 197 197 196 193 193 192 193 192 190 192 194 194 194 194 194 194 193 192 192 192 192 191 188 186 182 182 189 188 188 186 185 186 188 188 186 187 188 192 192 184 185 185 181 179 179 175 175 181 178 174 173 176 175 176 173 165 173 175 171 169 171 171 172 174 180 180 181 182 190 186 187 187 186 184 184 185 185 184 187 187 186 186 184 189 190 191 192 193 190
200 199 199 198 197 197 197 196 194 192 190 192 191 191 191 194 194 194 193 193 193 192 193 192 191 192 192 188 188 186 179 182 185 185 182 186 185 189 187 183 186 185 187 192 192 184 186 185 179 177 173 180 181 178 177 173 183 173 173 170 165 173 177 173 171 171 172 174 177 178 181 185 181 189 191 189 188 186 187 184 187 186 186 185 185 185 183 185 183 189 184 190 193 188
200 199 199 199 198 198 198 196 194 193 191 189 188 190 192 192 193 191 193 193 193 191 192 193 191 190 192 189 189 183 181 181 184 184 189 185 186 189 192 186 183 186 191 192 192 189 188 179 174 176 175 177 183 184 185 184 176 175 170 169 166 169 169 181 173 175 174 176 177 180 182 180 184 186 190 187 188 186 186 189 188 188 188 186 185 183 182 187 185 189 187 188 195 189
200 199 199 198 198 197 197 194 191 193 191 191 189 191 191 189 191 192 193 193 194 192 192 192 192 191 191 187 187 183 182 183 183 183 187 191 189 186 193 184 186 185 186 192 190 183 183 183 177 176 176 186 174 172 175 180 179 173 173 175 172 170 169 173 175 174 180 176 176 180 179 182 183 186 192 191 187 184 187 187 184 184 186 185 183 183 182 183 186 189 190 185 192 195
200 200 199 199 198 197 195 190 189 191 191 190 187 188 188 190 192 192 192 194 194 193 191 192 191 190 191 191 190 187 181 183 183 182 184 186 192 193 187 191 187 187 186 192 191 187 180 177 179 184 174 186 176 174 165 176 170 175 174 175 173 170 175 173 174 182 183 176 176 178 178 180 181 184 191 191 185 187 186 186 183 182 183 185 184 183 184 182 185 187 185 188 187 194
200 200 199 199 198 197 196 193 191 192 190 188 191 190 188 189 192 192 192 193 194 193 193 192 190 188 189 190 187 187 189 183 182 181 184 191 192 183 187 186 193 193 189 192 188 191 188 185 182 185 187 184 183 177 168 170 168 170 175 176 179 180 172 179 175 175 186 179 177 177 179 180 185 191 186 190 186 184 185 184 183 183 184 185 185 185 184 184 184 182 184 184 186 192
200 200 200 199 198 198 197 196 189 193 192 189 190 190 189 190 189 192 193 194 194 192 192 193 189 187 187 190 189 181 187 183 186 190 188 189 190 184 184 187 189 192 194 191 186 187 187 187 186 186 188 180 180 170 168 175 170 175 176 181 184 181 177 175 175 178 179 188 181 180 181 183 184 188 186 187 189 185 186 183 185 185 185 185 184 186 183 186 184 186 184 186 190 190
200 200 200 199 199 198 199 195 193 194 192 189 187 189 188 191 193 191 192 194 191 191 190 192 187 185 184 187 184 184 188 186 188 193 193 193 193 188 183 185 189 188 194 191 190 188 182 186 190 189 187 180 178 178 178 178 178 173 178 175 179 174 184 183 182 183 188 181 179 181 181 183 184 191 190 187 186 188 186 185 183 185 186 184 183 187 187 184 185 188 186 185 188 190
200 200 200 200 199 199 198 194 193 190 193 186 189 190 190 191 191 189 192 194 190 189 189 192 190 187 185 188 184 185 190 189 189 191 186 186 191 188 183 183 187 189 193 191 188 188 181 183 185 185 185 184 174 176 181 175 180 177 180 179 181 176 173 188 184 176 180 190 180 181 182 184 182 186 187 192 187 183 183 185 183 185 184 186 186 188 184 184 187 185 186 187 186 188
200 200 200 199 199 198 196 194 191 187 186 186 188 189 189 191 191 191 193 193 191 189 191 189 186 188 185 181 188 190 190 193 188 184 183 188 186 183 186 184 187 190 194 192 189 186 184 180 181 183 187 187 182 170 176 173 183 177 181 183 185 182 188 189 189 178 183 188 182 181 183 184 185 187 188 191 185 184 185 184 187 185 187 188 188 185 188 188 187 186 187 187 186 188
200 200 200 199 198 198 195 193 189 186 185 186 185 189 188 188 189 192 193 192 193 191 192 187 184 182 183 183 190 192 191 193 187 182 184 188 188 184 182 184 191 189 193 194 190 188 184 181 181 182 185 183 178 171 182 176 179 182 187 185 185 187 191 191 189 182 192 192 184 182 184 185 186 190 191 192 185 184 187 184 187 185 189 186 187 186 186 184 185 189 187 188 186 185
201 200 200 199 198 197 195 192 188 185 185 185 188 190 188 193 193 193 191 188 190 193 192 192 187 185 181 185 189 190 190 191 184 185 185 188 187 184 184 190 187 185 190 193 192 194 185 182 181 185 186 184 174 170 178 187 182 182 192 189 191 190 187 191 184 191 189 189 191 188 189 187 190 188 185 185 185 183 188 186 186 185 183 184 184 183 183 188 189 189 188 186 185 186
201 201 201 199 198 198 196 192 188 184 184 185 189 188 188 190 190 189 192 186 188 191 193 192 190 182 182 185 188 189 193 189 185 185 185 187 184 184 186 188 179 186 191 191 192 193 185 184 185 187 187 183 173 172 181 192 191 191 182 192 191 180 176 184 191 190 179 181 191 189 190 186 191 190 190 188 188 188 187 184 181 180 178 183 183 183 184 188 187 186 188 186 185 185
201 201 201 199 199 198 193 191 187 181 182 186 188 185 188 191 183 194 189 185 188 192 193 192 188 183 180 188 188 184 189 189 187 188 184 182 183 183 187 186 182 186 185 191 192 194 193 191 185 184 185 183 172 184 181 191 174 174 176 181 190 182 176 180 177 184 179 180 191 191 185 187 188 183 184 187 185 183 186 185 184 184 184 184 184 183 184 187 187 186 184 186 184 185
201 201 201 201 200 199 193 191 187 181 181 187 185 187 189 185 186 180 184 186 188 191 193 192 186 183 182 185 189 191 191 192 192 189 184 180 180 181 184 181 179 179 185 187 191 194 184 185 184 184 187 178 181 187 178 192 183 172 174 176 186 177 177 178 179 181 179 180 187 186 182 191 191 188 184 182 180 185 181 180 180 179 182 183 183 183 184 184 188 186 187 185 182 183
201 201 201 200 199 190 191 189 185 183 186 183 185 181 181 189 184 183 187 190 191 193 193 190 185 179 181 183 189 184 188 192 190 188 188 184 181 176 176 178 179 186 188 191 192 194 181 180 183 188 185 173 182 191 191 192 172 172 176 181 187 178 180 180 180 179 180 185 191 191 183 184 187 183 186 188 185 182 183 180 183 182 179 182 182 182 183 183 182 183 185 182 182 183
201 201 201 201 195 191 188 187 183 180 187 185 185 183 179 174 177 176 182 187 190 192 192 189 185 179 179 184 184 184 185 192 185 186 189 185 182 176 177 177 177 184 185 185 189 191 192 178 186 190 185 174 192 190 183 175 172 173 178 178 180 181 180 180 180 180 182 182 184 186 185 181 180 181 179 181 180 182 183 183 183 180 182 183 185 182 184 183 184 184 184 183 183 182
201 201 201 201 189 176 188 185 180 185 187 188 183 179 172 167 172 183 185 188 192 192 190 186 184 179 183 184 187 188 189 190 184 182 181 184 180 175 176 178 177 186 178 175 182 181 188 192 191 184 179 186 190 188 174 181 181 178 178 178 179 180 181 180 179 179 181 180 182 186 187 182 180 180 181 180 181 181 181 184 181 182 182 184 186 185 184 184 182 182 181 183 184 182
201 201 201 201 194 184 194 190 191 193 189 185 184 180 174 173 175 181 186 192 187 192 190 185 184 182 183 184 185 184 188 187 190 187 184 182 178 176 176 176 182 180 182 183 181 178 176 190 192 192 189 193 190 177 184 185 177 177 178 179 180 180 180 181 179 179 180 182 185 190 190 187 185 181 182 180 178 180 181 182 180 182 182 182 187 182 183 183 180 180 182 184 184 184
202 202 202 202 198 192 194 193 195 193 192 181 180 181 177 177 179 188 190 193 193 194 186 181 174 178 183 186 184 184 185 185 182 182 180 182 176 174 177 181 187 177 175 186 185 188 187 189 191 192 192 193 193 189 191 191 177 177 179 179 180 180 180 180 179 179 180 182 188 182 184 191 183 183 186 185 188 179 185 182 182 182 187 186 182 182 183 182 183 181 182 184 184 183
202 202 202 202 200 194 194 192 186 187 183 175 180 186 183 175 183 188 193 189 188 191 185 181 176 179 180 183 186 187 186 192 183 178 184 182 180 174 179 183 188 184 175 176 177 175 175 178 191 187 193 190 189 181 177 186 182 178 179 180 180 182 181 178 179 180 181 186 183 182 185 191 186 191 190 187 190 185 185 182 182 188 186 182 182 182 181 184 181 183 183 185 186 183
202 202 202 202 199 196 192 193 194 194 182 177 181 184 191 187 186 193 191 189 185 191 187 183 179 180 180 179 182 183 188 191 189 180 180 180 178 173 174 175 177 188 183 178 172 173 178 192 180 179 177 175 176 172 182 176 189 181 180 180 182 182 179 178 178 179 181 181 180 179 188 184 180 185 190 182 184 183 188 181 186 186 184 181 182 181 181 184 182 182 183 185 182 185
202 202 202 202 201 197 195 196 194 185 177 175 174 188 195 189 192 191 189 187 188 191 188 188 175 182 182 181 186 185 188 190 188 184 180 175 172 172 175 175 175 184 187 187 176 182 174 192 175 174 172 171 174 174 181 180 177 189 183 180 183 182 179 177 178 179 180 179 181 184 181 180 181 182 184 182 188 190 184 182 189 184 184 180 179 180 182 185 182 184 183 186 183 185
202 202 202 202 202 196 197 193 185 181 179 183 182 191 195 193 195 194 188 181 189 186 186 181 179 179 182 179 183 185 187 191 188 184 178 173 171 172 172 181 181 179 181 185 190 191 184 191 175 175 174 177 172 173 180 178 179 180 189 190 183 177 178 176 178 179 179 181 182 182 179 181 182 182 186 184 186 191 190 191 184 184 181 181 181 181 182 184 182 185 182 185 184 184
202 202 202 202 202 200 194 187 188 182 186 183 192 193 196 194 196 194 186 183 186 186 180 178 179 181 184 180 184 182 187 190 187 180 179 181 173 171 174 173 174 184 183 186 179 175 192 187 186 187 177 175 173 173 178 179 180 182 185 179 182 190 185 178 177 178 179 179 180 182 179 178 182 180 181 181 181 191 191 189 185 183 180 182 182 182 183 184 184 183 181 182 187 185
202 202 202 202 202 200 196 190 188 185 187 191 193 195 196 196 196 193 182 181 179 176 181 184 180 182 186 180 181 184 189 189 186 187 179 176 170 171 175 175 173 174 176 174 175 184 193 185 176 174 175 175 174 174 177 178 181 187 182 177 177 177 187 180 180 180 179 179 178 179 176 176 180 181 180 180 184 191 191 188 181 182 181 182 182 184 183 185 185 183 182 184 186 185
202 202 202 202 202 202 197 198 195 193 189 195 195 197 197 197 195 188 182 181 177 180 178 186 178 184 186 184 181 183 188 188 186 179 180 178 170 173 182 185 172 175 177 184 175 187 187 193 190 181 181 178 173 176 178 180 185 179 179 179 178 178 183 180 178 179 179 178 178 178 178 178 180 180 182 181 182 184 191 188 185 182 181 182 182 184 186 184 182 181 182 184 185 186
202 202 202 202 202 202 198 192 190 192 185 193 190 196 197 196 192 178 176 179 177 178 179 180 185 183 185 183 182 184 185 190 183 179 178 172 171 171 178 178 186 177 175 184 189 185 184 190 187 190 186 182 174 176 179 180 182 177 177 181 177 177 177 188 178 179 180 178 180 179 177 182 181 183 180 184 181 183 188 190 185 181 184 183 182 186 183 181 183 183 182 185 185 188
202 202 202 202 202 201 194 192 184 185 185 190 194 197 197 193 190 176 176 179 178 182 178 182 186 186 182 186 179 184 186 188 185 183 174 171 171 171 171 173 181 187 185 175 184 177 192 176 175 190 176 184 185 177 180 179 176 177 176 179 178 176 177 182 179 180 179 180 180 179 180 181 180 181 186 184 186 182 185 190 186 183 182 183 183 182 184 183 185 182 183 185 186 188
202 202 202 202 202 202 199 190 190 184 191 191 193 197 194 194 185 178 177 181 178 181 173 179 182 188 186 186 184 181 186 187 179 176 171 174 176 171 171 172 182 183 181 185 192 192 190 174 178 186 174 174 188 181 183 176 175 176 177 175 175 177 177 179 182 182 184 183 183 182 181 181 185 183 188 184 189 183 186 190 187 185 181 183 183 184 182 182 183 183 185 186 188 186
202 202 203 202 202 202 202 194 190 187 191 193 194 196 196 193 188 176 176 183 180 182 171 178 181 184 185 177 183 189 184 182 183 170 171 172 181 173 172 178 180 184 191 188 186 185 186 175 176 192 176 174 188 179 181 184 176 175 176 175 176 177 181 180 182 186 185 180 178 180 180 183 180 183 182 182 186 187 188 184 190 185 184 183 188 189 189 184 186 184 187 187 188 188
202 202 202 203 203 202 202 190 187 188 194 196 198 196 194 192 187 172 179 181 182 182 178 179 178 179 178 178 181 183 183 188 184 175 174 172 182 173 174 174 181 179 187 185 175 187 184 175 176 191 178 175 180 185 179 176 184 178 176 177 178 181 180 183 180 184 183 180 181 180 177 178 183 183 181 181 182 183 186 182 184 190 186 184 189 182 188 190 189 189 186 184 183 185
202 202 202 203 202 203 202 198 192 193 193 196 194 196 194 187 187 175 177 182 182 182 175 178 179 179 178 181 178 180 184 183 184 180 176 180 177 174 181 176 176 184 185 183 174 178 187 175 174 188 175 177 179 185 177 176 178 178 177 178 177 177 177 178 179 180 186 184 180 178 180 183 185 182 183 181 181 188 184 182 184 190 189 183 185 184 182 185 185 183 185 185 184 184
202 202 203 202 203 203 202 194 190 194 195 198 196 192 189 186 183 177 182 183 184 175 175 179 180 179 182 184 179 183 185 182 175 177 175 181 179 174 174 175 186 188 183 173 173 177 187 175 175 184 188 181 177 177 184 178 176 176 179 179 178 177 178 177 181 183 186 181 180 180 180 180 184 182 181 181 184 183 182 181 182 188 190 191 190 180 183 183 184 183 184 184 183 183
202 202 203 202 202 202 203 194 190 194 196 192 195 189 187 187 188 180 183 185 183 178 180 179 182 180 183 186 180 181 182 182 175 176 178 177 176 176 172 177 177 186 182 178 174 174 176 178 176 177 181 184 179 179 179 181 178 178 179 179 178 177 178 178 182 183 184 181 179 178 179 182 180 179 179 182 184 181 183 185 182 183 191 187 181 183 181 181 181 184 184 183 182 184
203 203 202 202 202 202 202 200 189 193 199 195 192 188 187 181 181 182 180 184 185 174 181 180 185 181 184 185 178 179 181 173 175 178 180 177 183 176 178 181 183 183 174 174 173 174 175 177 175 177 178 189 183 180 177 177 179 179 178 179 179 179 178 183 179 182 182 182 181 181 183 181 180 178 179 180 182 182 183 183 183 185 190 191 186 182 181 181 183 183 182 182 184 184
203 203 203 202 202 202 202 200 196 194 198 188 185 185 182 178 176 176 179 178 187 177 182 182 183 181 188 181 178 179 179 172 180 177 174 179 174 188 177 175 178 172 175 172 173 175 177 176 176 175 176 186 184 178 177 178 178 179 177 178 179 179 179 182 180 182 184 184 179 179 179 179 179 179 180 182 180 183 180 181 181 181 182 191 190 186 181 186 181 181 182 186 182 181
203 203 203 203 202 202 202 198 194 191 189 189 185 183 182 174 175 173 175 173 182 183 183 180 188 182 186 179 181 185 177 171 180 183 178 181 174 180 181 181 181 170 173 172 173 174 175 175 177 185 178 182 189 180 180 181 180 178 178 177 178 177 179 180 180 180 183 184 181 179 178 180 179 179 181 181 180 180 180 180 180 181 187 188 193 188 182 188 184 184 187 183 181 181
203 203 203 203 202 202 202 196 195 194 192 194 191 186 179 175 176 169 181 170 179 190 181 176 185 185 184 178 179 184 177 173 182 178 185 184 181 187 181 179 170 172 172 171 173 176 177 176 177 177 177 182 180 188 182 184 181 179 178 177 177 178 180 182 182 180 180 182 182 181 179 180 180 180 181 181 183 183 183 184 183 182 188 191 191 190 183 189 185 184 182 182 181 182
