Climate/data/grids_germany_multi_annual_precipitation_1981-2010_07.asc
NCOLS 654
NROWS 866
XLLCORNER 3280414.711633467
YLLCORNER 5237500.62890625
CELLSIZE 1000
NODATA_VALUE -999
[rows 663 to 713 of 866, columns 384 to 479 of 654]
87 83 80 86 98 96 99 100 101 99 103 103 102 109 95 90 99 102 101 99 98 98 88 96 97 99 97 92 93 94 91 93 92 88 89 94 95 98 101 102 105 103 98 92 92 91 94 90 97 95 102 80 100 102 99 98 92 95 95 91 88 78 85 84 82 94 92 92 91 104 106 100 105 82 96 98 111 111 107 110 122 102 96 89 91 95 87 105 103 109 107 114 112 111 110 113
93 102 94 79 85 96 100 98 87 98 103 105 92 90 88 88 103 103 102 100 102 100 100 93 93 96 99 91 95 99 96 91 93 90 91 92 94 97 96 98 101 102 104 100 94 98 89 83 102 97 87 89 94 96 96 96 93 97 97 92 88 79 86 82 84 91 98 102 105 102 105 105 97 87 96 99 102 106 105 115 103 102 91 90 92 84 85 94 93 114 113 113 112 111 117 115
110 106 104 97 92 78 92 99 100 101 103 105 103 103 103 86 104 104 104 101 103 103 101 103 100 81 85 98 99 94 95 98 94 94 93 92 97 95 94 96 99 98 98 98 93 88 87 77 101 95 88 94 79 83 94 94 85 98 98 91 93 83 79 80 81 93 100 87 83 83 84 85 83 84 83 95 94 97 101 105 93 94 87 83 88 81 82 95 95 106 107 114 115 115 116 122
104 105 106 103 104 87 82 83 84 97 102 105 108 108 108 88 89 87 86 86 103 103 94 95 102 86 84 101 101 97 95 100 98 98 98 92 93 92 94 95 91 92 90 96 87 88 80 79 82 89 86 87 96 91 93 94 84 93 89 80 80 82 80 80 81 81 83 82 82 82 80 79 83 99 105 96 86 86 89 94 93 90 86 87 86 90 96 96 101 95 100 103 121 116 109 99
101 103 103 102 102 102 88 83 87 105 98 104 105 110 100 87 87 105 104 84 81 81 80 81 81 83 100 100 103 100 99 99 99 102 96 89 88 92 93 94 92 83 88 87 86 90 83 83 69 70 87 89 94 90 93 94 90 83 82 80 81 80 81 81 83 82 82 83 82 82 80 78 80 80 80 80 80 80 82 91 86 84 82 93 81 89 102 104 99 95 102 104 118 111 104 101
97 102 102 98 96 99 99 92 81 98 103 105 110 106 83 86 86 84 85 85 99 101 80 81 81 85 86 103 106 105 106 104 103 116 110 100 95 99 103 97 89 93 90 88 91 86 88 83 89 86 91 88 98 103 94 84 81 82 82 90 86 85 84 83 83 81 83 83 83 81 82 81 80 80 82 80 81 80 84 85 85 85 85 95 84 82 92 90 92 94 90 93 97 101 95 111
94 103 102 102 102 107 100 98 85 97 99 103 100 97 83 104 105 108 94 79 79 79 79 103 101 81 81 106 105 108 110 109 114 117 106 105 99 95 99 98 98 89 96 96 87 88 87 93 88 88 88 83 98 103 103 103 85 87 92 93 94 91 90 88 84 83 83 82 83 81 82 82 81 81 81 81 82 83 83 85 86 85 84 82 81 81 81 80 83 91 92 92 87 89 92 97
90 102 100 101 101 111 103 83 87 102 100 107 105 105 92 83 105 103 104 102 101 98 98 101 105 108 106 88 100 113 111 111 116 118 112 103 109 102 98 96 99 90 96 100 104 104 90 86 96 88 86 97 91 94 107 99 102 91 85 99 101 97 93 89 85 83 84 84 83 82 83 82 81 82 82 82 83 83 84 85 85 85 84 82 83 83 84 84 86 87 88 87 98 88 88 98
99 86 100 102 101 100 105 99 83 100 81 81 79 90 80 93 103 104 103 100 100 97 96 100 100 101 105 107 85 112 122 111 105 120 112 104 107 100 101 98 100 100 99 104 100 98 98 94 100 99 97 97 92 99 101 99 93 90 85 97 100 94 91 86 88 87 85 83 84 83 84 83 82 81 82 83 83 83 85 84 84 84 84 83 83 84 86 87 89 90 88 88 88 88 87 89
98 83 89 102 91 102 109 102 87 95 81 105 107 93 100 104 100 100 100 100 100 98 93 98 99 96 101 101 85 112 107 97 95 121 111 97 105 102 100 97 97 97 101 103 101 97 98 101 102 99 101 100 96 93 95 104 95 96 86 98 102 94 93 88 87 90 86 83 83 81 83 82 82 83 83 84 83 84 84 85 84 84 85 83 83 84 87 89 90 89 89 87 88 89 86 87
98 100 93 84 84 102 105 104 100 100 87 102 106 108 103 106 103 100 99 95 95 93 92 94 98 96 95 84 103 88 101 113 99 108 115 108 104 106 100 97 101 99 103 105 102 105 100 101 97 104 105 104 99 103 109 106 100 86 90 98 100 96 93 92 89 90 85 85 83 83 83 83 82 83 83 84 83 85 84 85 85 85 85 84 84 86 89 91 92 92 92 89 88 88 87 88
97 86 100 103 100 86 92 87 93 106 106 86 105 105 107 105 103 101 96 98 96 94 91 88 89 89 97 94 102 106 106 111 89 114 110 106 108 110 104 103 99 103 104 108 107 107 103 109 103 99 105 101 101 95 93 86 88 100 94 92 96 93 93 93 91 89 90 85 84 84 83 83 84 83 83 85 86 85 87 86 86 86 84 84 86 86 89 92 93 96 92 90 88 88 87 87
93 98 101 104 103 106 107 104 109 108 105 83 107 106 106 104 102 101 98 98 97 96 95 90 88 88 87 94 100 103 104 102 85 101 97 83 102 110 105 101 103 100 99 107 107 103 111 106 100 94 97 98 99 96 89 93 95 104 94 96 95 96 93 94 95 92 92 87 84 84 83 84 84 84 84 85 86 87 87 88 88 85 86 86 86 87 90 93 92 93 93 89 88 88 87 87
97 97 99 102 103 104 104 113 113 104 89 85 105 107 103 103 101 100 99 98 99 96 93 87 87 83 91 96 98 103 105 94 98 102 101 100 89 102 95 91 107 96 106 102 106 107 105 102 105 99 98 91 96 94 91 85 83 83 93 99 88 91 89 90 86 87 86 86 84 83 84 84 84 84 85 85 86 87 89 88 88 87 87 87 86 86 89 92 91 91 91 88 88 87 87 87
97 94 94 96 102 100 103 108 111 91 105 93 101 104 99 100 100 99 99 98 97 94 96 92 93 88 92 93 93 98 104 92 83 98 96 98 101 101 84 98 102 92 103 94 107 108 107 110 103 102 92 97 90 91 86 92 85 81 82 85 88 89 86 89 85 87 90 89 89 87 88 86 86 86 87 87 87 89 91 91 90 88 87 87 87 88 89 90 92 90 89 89 88 87 86 86
93 89 90 94 97 82 102 100 87 87 107 95 99 93 90 93 93 91 91 96 90 91 94 92 88 93 89 89 91 94 102 98 89 94 98 99 97 102 90 96 80 80 82 85 86 102 105 97 110 99 93 93 86 97 81 81 80 92 87 91 90 87 88 93 92 92 88 89 88 91 87 86 87 87 88 90 88 90 94 95 91 91 88 88 87 87 88 89 88 90 88 88 88 87 86 85
89 84 84 89 80 75 79 90 91 83 104 99 89 93 97 89 89 86 87 89 96 97 87 93 94 88 95 99 97 95 91 91 93 89 93 98 96 98 98 93 101 104 95 99 105 94 84 83 82 84 91 83 83 79 82 84 87 94 89 85 88 89 91 94 90 86 86 87 87 94 91 85 86 86 89 91 89 91 93 94 92 90 89 89 86 87 88 88 88 88 89 88 86 87 87 85
86 84 90 93 72 85 90 81 81 87 94 94 94 98 95 90 87 85 86 89 87 82 86 85 83 81 94 99 97 104 91 92 83 91 93 91 96 95 96 94 101 104 95 100 95 99 85 83 82 82 80 80 79 80 91 88 88 85 93 87 90 90 88 90 84 92 88 90 88 91 90 86 87 87 90 91 92 91 91 92 92 93 90 88 87 88 88 88 88 87 88 88 88 85 85 85
89 86 78 83 74 92 100 92 96 88 96 89 90 89 92 90 88 85 86 85 96 98 89 92 93 90 84 88 87 92 91 84 97 90 93 92 92 94 92 92 92 94 89 82 105 99 103 98 88 81 81 93 85 86 91 90 85 92 91 94 88 91 89 88 90 92 90 90 91 88 91 88 88 88 88 91 91 92 97 93 93 91 91 89 89 89 89 88 89 86 88 89 88 88 88 87
93 89 86 83 78 100 99 92 83 76 88 90 93 88 95 87 84 90 84 86 92 102 97 89 89 90 86 89 90 82 88 91 90 93 96 91 91 94 87 89 81 83 82 90 97 83 84 80 85 83 77 85 92 91 88 86 83 84 85 86 90 91 94 87 92 91 91 92 89 91 90 90 89 91 90 93 93 93 97 98 92 89 89 90 89 88 88 87 87 88 88 88 88 87 87 88
98 89 75 81 91 94 98 93 87 84 83 87 89 91 93 89 87 88 83 86 93 93 91 90 93 89 90 91 93 97 100 91 98 94 92 94 92 88 86 83 87 86 91 93 94 84 87 89 87 83 91 76 92 90 90 92 90 91 90 95 93 90 89 91 89 93 93 92 89 90 91 93 92 91 89 90 92 94 93 91 88 87 88 88 87 87 87 85 87 88 87 88 86 87 88 88
83 77 91 92 94 95 95 88 78 86 87 85 87 91 92 90 91 88 89 94 91 90 94 104 90 86 86 87 89 95 95 90 96 89 91 95 92 92 88 82 93 90 98 96 100 91 88 85 83 83 80 80 82 85 89 89 96 94 79 95 94 89 93 94 91 93 91 88 89 86 87 91 88 86 86 87 88 88 88 88 88 89 88 88 88 87 86 87 89 86 87 87 86 87 88 87
76 88 90 93 94 93 92 85 77 75 82 84 86 90 92 91 90 89 87 93 95 93 96 98 91 92 88 91 93 92 92 92 97 91 90 91 94 90 85 85 93 89 96 93 96 93 87 87 87 84 80 80 84 82 80 86 85 89 93 93 90 92 89 92 92 92 86 88 89 86 89 87 85 85 86 88 87 88 87 88 90 93 89 90 89 85 86 91 90 88 86 87 88 87 88 88
95 91 89 87 88 87 89 86 82 80 83 84 88 89 87 90 88 89 88 90 91 91 93 88 94 92 89 91 89 87 86 90 92 91 92 88 90 88 84 88 90 89 87 94 97 94 82 83 83 83 82 81 78 87 83 85 87 88 89 90 94 93 90 87 86 86 82 82 83 83 87 84 85 86 88 88 87 89 91 88 95 93 92 89 89 84 87 91 92 91 88 86 87 88 87 88
90 90 85 88 91 88 91 85 88 91 90 92 86 87 88 91 91 89 89 87 90 88 92 85 88 87 89 89 89 87 93 89 87 91 93 90 86 86 83 90 85 88 88 96 94 88 84 81 85 86 84 87 83 80 83 91 87 94 91 94 91 92 87 85 82 82 81 82 81 82 85 87 87 86 92 91 89 92 89 90 91 95 94 90 85 84 90 92 94 93 90 92 91 90 89 89
95 94 86 95 93 94 94 94 96 92 90 87 90 88 91 90 90 92 93 87 86 87 89 92 94 87 89 89 88 88 89 88 89 85 86 89 89 83 84 87 87 89 88 94 93 91 86 82 82 81 82 87 84 83 84 85 92 96 95 93 90 89 86 84 83 82 83 87 82 87 91 88 87 87 94 91 92 93 93 96 95 91 92 87 86 89 87 93 96 94 94 91 91 90 90 91
105 95 90 94 93 92 91 91 90 83 84 86 86 89 91 90 91 93 91 86 87 91 86 91 83 88 87 85 87 88 87 88 89 92 87 86 87 84 84 85 87 87 88 89 92 88 84 84 83 82 83 87 90 87 84 79 99 94 93 90 91 89 88 88 88 86 89 89 84 85 92 89 90 89 92 92 95 94 94 91 94 89 87 89 90 92 90 91 96 90 91 95 91 91 93 92
95 95 97 94 93 94 91 89 87 83 83 83 83 85 89 89 91 85 84 84 87 93 86 86 84 82 85 87 87 86 92 86 85 86 84 85 85 85 84 84 86 86 87 87 88 86 85 85 86 86 85 87 92 86 89 93 95 92 91 91 92 93 91 92 92 89 93 92 89 88 95 91 87 88 89 88 86 92 93 89 90 90 91 91 92 94 92 96 94 91 98 98 95 94 95 90
92 89 90 93 89 88 89 89 87 86 85 84 86 83 85 88 85 84 82 85 86 86 84 86 86 88 89 87 89 88 87 83 84 83 83 85 85 85 85 84 86 87 86 86 86 87 86 88 87 89 90 89 95 97 90 92 97 94 90 93 90 99 91 98 92 91 95 91 92 95 92 93 85 88 87 86 88 84 87 90 90 92 92 91 95 96 93 96 94 96 96 95 95 93 92 89
89 89 90 91 89 88 89 86 86 83 83 84 83 83 85 82 83 82 83 84 85 84 85 86 88 86 89 90 89 88 87 85 83 83 84 86 84 85 83 83 86 88 92 89 89 88 86 87 86 91 94 93 92 99 94 97 96 92 89 97 91 93 95 94 91 92 96 97 92 94 95 90 93 90 87 86 83 83 87 91 93 95 94 95 95 100 96 98 98 98 96 98 93 92 89 94
89 86 87 87 86 87 86 85 84 86 87 82 82 83 84 82 83 83 83 84 84 82 85 85 86 89 87 92 89 90 89 84 83 84 84 85 85 87 85 86 86 91 93 91 88 86 89 89 90 91 92 97 98 96 95 92 96 89 93 98 98 92 96 96 94 99 96 91 95 90 94 94 93 85 87 81 82 85 85 92 93 99 93 91 97 99 97 99 102 96 94 94 98 93 90 95
85 85 85 87 85 84 85 85 85 83 84 83 83 84 82 82 82 82 81 82 82 82 86 87 88 85 87 90 87 87 87 83 83 84 84 84 85 85 85 84 86 91 92 92 87 88 90 90 97 98 96 92 102 102 96 98 93 91 95 97 99 95 93 99 99 102 97 94 95 89 88 92 88 87 82 82 84 86 89 93 94 95 96 96 95 102 99 100 103 103 104 98 94 92 95 95
85 84 85 86 86 85 85 84 84 84 84 84 84 84 83 84 83 84 84 83 83 83 87 87 88 85 81 88 88 85 83 82 83 83 84 85 85 85 86 86 88 91 93 93 89 87 88 95 96 93 100 97 98 98 96 99 96 91 91 97 98 98 95 97 99 94 99 101 94 88 93 88 85 84 84 85 89 91 87 94 100 100 95 94 95 101 100 104 99 102 101 97 92 95 98 100
89 89 87 86 86 86 84 84 84 84 86 84 84 84 84 84 84 84 84 83 81 82 84 83 82 81 82 83 83 82 84 84 83 83 83 85 86 86 86 89 94 93 93 93 88 90 95 90 91 90 94 93 95 97 95 97 92 92 91 97 96 103 98 99 101 95 91 94 93 89 90 85 85 89 88 92 94 90 87 97 98 102 102 95 99 102 101 97 98 95 99 93 95 97 94 96
92 90 88 87 87 86 84 84 84 85 85 84 84 85 84 84 83 83 84 82 81 83 83 82 82 82 83 83 83 84 84 84 83 83 84 85 87 88 92 96 96 94 92 93 89 91 93 96 94 96 91 98 99 100 97 96 98 92 93 98 102 99 96 97 102 99 91 93 94 94 87 85 94 94 95 92 96 87 87 90 99 102 93 101 101 98 97 97 97 94 93 96 101 93 102 98
91 91 88 85 86 86 86 86 86 85 84 84 85 84 84 84 84 84 84 82 82 83 82 82 83 83 84 84 84 85 85 85 84 86 86 88 86 90 100 95 101 96 95 90 92 95 93 97 98 96 97 94 100 97 95 99 98 93 93 100 97 98 99 92 99 93 97 95 90 89 86 98 92 92 89 92 94 92 92 92 98 99 99 98 98 95 104 98 101 93 98 103 102 102 98 97
87 86 85 87 88 87 86 87 87 87 86 86 84 85 85 84 84 85 85 83 84 84 84 84 85 85 85 85 85 85 86 90 87 88 90 90 90 91 95 99 101 98 94 90 95 96 97 89 97 97 96 100 100 99 100 101 97 93 96 99 97 99 100 96 91 92 91 88 87 89 88 95 91 95 91 96 93 89 88 98 96 95 98 99 99 101 100 95 93 98 98 99 107 107 103 103
86 87 87 88 88 88 87 87 86 87 86 86 86 85 87 85 85 85 86 85 84 84 84 85 84 84 85 86 86 86 87 90 91 92 91 92 98 101 100 97 96 94 92 92 100 99 92 89 90 93 97 94 100 99 102 102 100 93 98 96 101 100 96 97 95 89 90 92 90 94 87 95 98 95 98 94 89 91 93 97 100 97 93 92 98 92 93 95 98 105 102 102 109 101 103 102
88 88 89 89 89 89 89 87 86 88 88 86 86 85 87 85 85 86 86 85 84 86 85 86 86 86 86 86 86 87 88 91 92 94 94 100 99 101 97 94 92 96 90 98 93 101 95 95 91 94 93 98 102 97 98 103 100 95 95 98 100 97 95 94 91 94 99 93 94 92 88 91 96 98 98 93 98 94 92 98 100 100 96 93 91 89 99 96 100 99 108 110 103 100 100 107
89 89 91 90 90 90 90 90 90 88 88 87 87 87 87 87 86 86 86 86 87 87 87 87 86 87 89 90 88 88 91 90 90 90 94 94 95 100 97 96 101 97 91 100 98 97 95 94 91 96 98 98 100 99 97 97 93 93 98 102 100 97 100 94 90 92 95 91 96 92 90 85 95 96 95 101 99 95 91 100 101 99 93 89 98 93 96 98 98 99 101 102 102 108 103 101
91 90 91 92 92 93 91 91 91 90 89 88 87 88 88 88 88 87 88 89 88 88 88 88 88 88 90 90 90 91 90 90 96 96 95 98 99 106 102 103 97 96 91 92 91 89 88 89 93 94 95 99 96 94 101 101 94 96 98 100 98 98 100 95 90 94 97 95 94 95 91 87 91 97 97 95 96 93 98 98 103 104 95 99 100 99 97 98 104 102 97 105 100 102 104 100
91 92 92 93 93 93 92 92 92 92 92 90 89 89 89 89 88 88 89 90 88 88 88 88 88 88 89 91 92 91 95 93 94 98 99 96 105 104 104 100 101 91 92 94 83 96 96 93 94 95 99 101 97 101 100 99 92 95 101 103 99 97 94 92 98 96 90 97 93 91 91 86 94 96 99 97 96 97 99 98 102 99 103 102 101 99 93 98 100 101 94 101 93 93 94 94
91 92 93 95 94 93 93 94 92 93 91 89 90 90 89 89 88 88 89 90 89 89 89 89 89 89 90 92 94 92 93 94 96 97 97 103 106 104 104 99 95 92 94 99 98 94 92 95 99 100 103 105 101 102 99 93 97 97 98 103 98 94 91 97 98 101 102 97 94 92 89 89 93 93 98 99 97 94 96 95 103 100 98 100 99 103 94 90 90 89 91 93 93 92 94 95
91 92 95 96 97 97 95 95 95 92 92 90 90 88 89 88 88 89 90 90 91 90 89 90 90 91 93 93 91 93 96 96 99 99 102 99 107 107 100 101 102 92 94 94 93 94 97 96 102 102 98 100 100 97 95 93 93 98 104 99 94 94 94 97 98 98 97 95 91 89 91 93 97 93 97 95 93 89 97 96 95 95 100 93 102 100 87 89 90 91 92 92 92 94 95 95
92 92 95 98 100 99 97 95 94 92 93 90 90 89 88 89 88 89 89 91 90 92 91 92 94 96 96 91 90 95 96 98 97 101 100 105 105 108 107 104 99 92 96 96 94 100 99 96 103 99 101 98 101 97 97 97 102 101 99 98 99 93 96 101 97 96 95 94 94 93 93 95 97 96 93 92 99 95 91 97 94 99 100 91 91 90 90 89 89 90 91 94 92 93 94 96
92 92 96 97 100 98 97 94 94 92 92 94 91 93 90 90 89 89 90 91 92 94 96 96 96 96 99 92 92 93 98 98 104 95 103 104 108 108 105 98 98 104 97 97 98 100 98 104 103 101 99 97 97 100 100 101 103 101 98 99 98 98 100 100 100 100 97 96 94 94 95 93 93 94 99 95 94 94 95 87 89 89 90 92 91 91 92 91 90 90 93 94 93 95 95 95
91 92 95 97 99 98 95 94 95 93 96 97 93 93 93 96 98 91 90 92 93 97 96 96 96 98 93 92 94 97 98 96 106 102 102 110 107 104 101 99 96 103 97 100 101 102 106 104 104 98 100 102 102 101 101 102 102 98 102 100 103 100 100 100 94 95 100 97 90 91 94 92 93 92 94 91 88 90 86 88 88 90 92 93 92 93 93 92 92 90 92 94 94 95 103 100
91 92 95 96 95 95 95 95 93 91 102 97 99 96 101 96 96 92 92 95 97 100 97 94 105 98 93 92 94 96 105 102 101 100 108 107 107 106 102 101 96 102 101 99 105 104 104 107 104 101 103 104 101 103 104 103 104 103 103 101 102 98 96 101 96 95 99 95 95 88 93 95 86 89 87 85 85 85 87 86 89 92 94 96 97 95 101 101 96 105 98 106 101 111 108 102
91 93 94 94 94 95 94 96 95 99 108 107 102 96 104 96 94 94 97 99 98 102 106 100 101 93 92 95 96 95 98 106 104 107 111 105 101 99 99 100 97 100 100 102 104 108 107 107 105 99 104 106 106 100 101 101 102 104 104 101 98 102 97 93 98 94 98 101 101 95 96 93 87 83 83 84 84 84 87 88 89 91 95 97 99 99 110 100 106 110 100 107 101 111 104 111
96 97 93 92 93 94 95 96 100 105 104 99 97 104 99 93 94 95 97 100 104 105 108 109 103 93 93 100 103 97 96 104 102 107 109 107 108 106 107 101 96 101 102 104 102 108 108 106 103 101 106 104 105 103 99 100 101 99 101 101 98 99 101 97 95 97 100 99 94 95 88 85 82 82 84 85 85 85 86 88 89 90 104 106 104 114 109 106 106 109 102 109 102 112 104 115
97 93 92 96 98 102 102 98 106 106 102 100 105 93 93 94 96 99 102 105 103 108 104 104 102 94 95 93 101 103 105 106 104 113 112 110 112 109 103 101 100 104 104 100 103 105 107 103 107 105 105 102 100 99 103 99 97 94 97 101 100 102 104 104 102 94 97 100 98 91 89 86 85 84 85 85 85 86 88 94 96 107 112 112 102 113 116 107 110 110 106 107 107 113 108 114
