Climate/data/grids_germany_multi_annual_air_temp_mean_1981-2010_07.asc
NCOLS 654
NROWS 866
XLLCORNER 3280414.711633467
YLLCORNER 5237500.62890625
CELLSIZE 1000
NODATA_VALUE -999
[rows 615 to 655 of 866, columns 94 to 187 of 654]
184 182 182 177 180 180 181 184 185 180 180 184 189 187 174 169 180 187 183 178 177 176 179 180 176 179 179 183 188 190 186 189 188 185 184 185 183 183 183 185 187 189 187 187 189 191 190 188 187 184 188 188 191 188 186 185 187 188 189 188 192 186 188 188 195 197 197 197 197 198 198 199 200 201 201 202 202 202 202 202 202 202 202 202 202 202 202 202 203 203 203 203 203 203
184 181 180 178 178 182 182 182 180 180 184 183 188 189 181 177 184 183 183 185 184 179 181 183 184 179 178 182 182 191 191 189 190 190 185 188 187 187 184 186 187 187 188 186 186 187 187 187 188 185 188 188 186 188 186 187 190 190 189 187 192 183 186 188 194 195 195 199 200 201 201 201 201 201 202 202 202 202 202 202 202 202 202 202 202 202 202 202 203 203 203 203 203 203
183 178 179 178 185 178 178 181 182 181 184 187 184 190 185 183 181 181 185 185 182 182 183 185 187 186 178 185 191 185 189 190 187 185 186 188 191 186 185 187 187 187 187 187 188 190 188 187 187 186 186 190 186 188 185 187 190 188 192 187 190 188 184 191 192 193 197 200 200 201 201 201 201 201 202 202 202 202 202 202 202 202 202 202 202 202 202 202 203 203 203 203 203 203
180 177 176 179 183 184 182 179 181 179 181 186 188 189 186 183 178 179 179 182 184 184 186 187 187 188 188 188 188 187 190 191 191 188 189 189 191 189 185 186 185 186 188 189 189 188 188 188 189 186 188 185 185 185 185 188 188 189 190 190 184 180 185 187 194 194 199 199 201 200 200 200 201 201 202 202 203 202 203 203 203 203 202 202 202 202 203 203 203 203 203 203 203 203
182 179 177 175 178 183 183 181 181 185 188 185 189 187 179 179 180 184 183 184 181 182 183 186 187 188 190 189 186 188 189 190 191 192 192 189 188 190 188 186 186 187 188 188 189 188 188 188 188 183 183 186 185 185 186 188 190 187 188 181 187 183 184 192 193 197 199 199 200 202 202 202 202 203 203 203 203 203 203 203 203 203 203 203 202 203 203 203 203 203 203 203 203 203
183 179 178 182 184 185 190 181 180 184 185 189 189 183 181 183 185 185 185 186 185 185 185 187 188 187 188 188 189 191 190 188 190 189 189 187 190 186 184 188 187 188 188 189 188 188 188 184 181 189 180 180 185 186 185 185 183 181 187 180 191 179 179 189 191 198 200 201 202 202 202 202 202 202 203 203 203 203 203 203 203 203 203 203 203 203 203 203 203 203 203 203 203 203
178 181 181 182 183 184 184 182 187 186 185 182 184 190 184 187 186 187 186 186 187 185 185 187 189 189 190 190 190 187 187 189 189 191 190 186 187 192 192 187 191 188 191 190 187 185 187 182 188 186 181 188 184 186 187 185 186 183 181 177 185 189 183 189 196 198 201 201 202 202 201 202 202 202 203 203 203 203 203 203 203 203 203 203 203 203 203 203 203 203 203 203 203 203
177 180 182 182 183 183 180 182 186 180 179 179 184 187 188 189 189 189 188 189 189 188 187 187 189 189 189 189 187 189 188 189 188 189 190 191 187 189 190 188 191 188 187 188 188 189 186 183 182 190 184 186 186 186 189 191 187 188 178 192 196 193 194 194 192 200 199 200 201 201 201 201 202 202 203 203 203 203 203 203 203 203 203 203 203 203 203 203 203 203 204 204 204 203
178 179 184 185 184 184 183 184 179 181 183 187 189 185 185 188 186 186 187 187 188 190 189 188 188 188 187 188 189 189 189 189 189 190 191 189 191 191 191 188 189 190 184 187 185 187 189 185 185 184 184 187 186 185 190 194 194 193 198 188 191 193 198 196 194 197 200 200 200 200 201 201 202 202 202 203 203 203 203 203 203 203 203 203 203 203 203 203 203 204 204 204 203 203
179 177 177 182 183 185 188 181 180 185 186 187 189 187 186 186 187 186 187 187 188 189 190 190 190 189 189 189 190 190 190 190 191 191 192 192 192 192 191 191 191 191 187 188 189 192 190 192 186 184 184 189 189 186 188 189 195 195 186 185 182 186 193 191 189 196 199 200 201 201 201 201 202 202 202 203 203 203 203 203 203 203 203 203 203 203 203 203 203 204 204 203 203 203
175 174 179 184 184 183 184 185 185 186 185 186 187 186 186 187 187 187 188 188 188 189 190 190 189 189 189 189 190 189 189 189 190 189 191 191 190 189 191 188 191 191 187 187 188 185 185 184 189 185 184 188 193 185 188 182 190 184 182 185 189 190 185 185 189 194 200 200 201 202 202 202 202 202 202 202 203 203 203 203 203 203 203 203 203 203 203 203 203 204 204 203 203 203
175 175 183 185 185 185 186 183 188 185 189 188 188 187 188 188 189 189 189 189 189 189 189 189 189 189 188 184 186 185 184 187 188 188 189 189 190 187 191 189 188 188 187 183 185 185 185 190 185 192 184 193 191 187 183 185 174 190 182 181 184 189 186 192 188 192 200 202 202 202 202 202 203 203 202 202 203 203 203 203 203 203 203 203 203 203 203 203 203 204 204 204 203 203
175 174 176 181 184 186 186 186 188 185 186 187 188 188 188 189 189 189 188 188 188 186 187 187 185 183 180 180 183 183 183 186 188 187 182 184 186 185 187 189 190 185 188 182 182 184 187 187 188 181 184 190 193 193 188 182 186 190 179 180 182 186 178 185 187 193 201 202 202 202 202 203 203 203 203 203 202 203 203 203 203 203 203 203 203 203 203 203 203 204 204 204 203 204
177 178 182 181 183 185 185 186 186 186 186 187 187 188 188 188 188 188 180 181 181 182 182 177 180 180 179 180 182 185 181 185 181 181 186 183 180 184 180 185 186 184 181 181 187 184 184 182 182 181 187 187 186 194 191 191 178 182 187 182 191 183 186 192 189 198 202 203 203 203 203 203 203 203 203 203 202 202 203 203 203 203 203 203 203 203 203 203 203 204 204 203 203 204
178 180 183 185 185 185 186 186 187 187 187 187 187 188 184 180 181 180 181 179 177 180 175 175 181 174 180 180 185 184 186 182 187 183 187 186 187 181 180 186 185 183 185 187 188 185 179 184 181 179 184 183 180 191 196 186 184 182 177 181 189 182 182 187 192 200 201 202 202 203 202 202 203 203 203 203 203 202 202 202 202 202 202 202 203 203 203 203 203 204 204 203 203 204
181 181 184 183 185 185 187 187 187 187 187 188 187 187 183 180 179 181 181 175 180 181 178 180 178 182 178 178 181 182 183 186 180 182 182 185 182 180 180 181 180 178 182 181 187 184 179 184 178 179 180 179 185 185 190 190 195 183 186 186 188 187 191 188 195 201 203 202 202 202 202 203 203 203 203 203 203 203 203 202 203 202 202 202 202 203 203 203 203 204 204 204 204 204
184 185 184 185 185 186 186 187 187 187 184 184 179 182 176 181 180 175 175 178 183 176 182 175 180 182 182 179 182 181 184 183 179 180 183 180 180 184 179 184 181 182 180 177 182 181 181 181 180 180 183 181 188 186 192 187 199 181 183 192 195 183 186 189 201 202 203 202 202 202 202 202 203 203 203 203 203 203 203 203 202 202 202 202 202 203 203 203 203 204 204 204 204 204
185 184 185 186 185 186 187 187 187 186 180 182 177 178 176 179 175 180 181 176 181 176 183 183 176 176 183 176 178 182 186 186 187 185 179 179 178 178 179 180 178 176 174 180 185 184 181 180 188 179 186 187 185 191 190 188 196 197 198 199 188 182 187 195 202 201 202 202 202 202 202 202 203 203 203 203 203 203 203 203 203 202 202 202 202 203 203 203 204 204 204 203 204 204
186 185 186 185 185 185 187 186 184 184 178 180 177 182 178 175 178 179 180 182 184 177 183 175 181 178 181 176 182 183 184 182 180 180 182 182 183 179 178 176 176 174 171 178 183 181 185 188 179 189 187 189 184 184 190 196 187 183 183 191 195 182 194 201 202 202 202 203 202 202 202 203 203 203 203 203 203 203 203 203 204 202 202 203 203 203 203 203 204 204 204 203 204 204
186 186 185 185 185 185 185 182 182 183 182 177 180 184 182 178 183 178 178 182 176 180 175 177 175 177 181 182 179 184 177 182 178 178 177 181 183 176 179 181 175 182 180 184 189 181 180 190 193 187 182 187 187 190 194 190 178 184 191 196 194 203 203 203 203 203 203 203 203 202 202 203 203 203 203 203 203 203 203 203 203 203 203 203 203 204 204 204 204 204 204 204 204 204
186 186 185 185 186 186 186 181 179 185 183 179 184 178 182 177 178 177 182 179 180 184 177 179 174 178 176 176 180 181 181 183 182 181 180 180 178 176 176 180 182 182 179 181 175 175 183 188 188 191 193 191 191 197 190 189 176 176 187 193 192 185 197 200 202 203 203 203 203 202 202 202 203 203 203 203 203 203 203 203 203 203 203 203 203 204 204 204 204 205 205 204 204 204
188 185 186 186 186 185 185 181 178 185 177 178 180 178 179 176 177 179 179 183 182 180 177 174 178 182 182 184 178 180 176 182 180 175 176 177 180 181 182 180 176 182 183 181 171 180 183 184 184 186 182 192 186 190 187 182 181 184 183 177 181 192 198 201 202 203 203 203 203 202 202 202 203 203 203 203 203 203 203 203 203 203 203 203 203 204 204 204 205 205 205 204 204 204
188 187 187 186 187 184 181 185 184 178 177 178 179 183 181 177 178 178 185 176 174 174 178 173 174 174 178 183 184 176 176 176 180 181 176 175 179 178 175 175 172 179 173 172 175 181 179 182 187 188 188 184 189 182 187 178 177 178 179 177 181 191 198 201 202 202 203 203 203 202 202 202 203 203 203 203 203 203 203 203 203 203 203 203 204 205 204 205 205 205 205 204 204 204
186 187 187 187 186 184 184 185 180 180 180 177 178 185 184 177 178 180 181 178 175 176 181 181 174 178 174 183 182 179 177 174 176 178 175 177 175 174 177 179 173 173 170 174 183 181 178 190 189 187 180 191 186 181 181 186 171 177 171 175 190 195 198 200 202 202 203 203 203 202 202 203 203 203 203 203 203 203 203 204 204 204 204 204 204 205 205 205 205 205 205 205 204 204
185 186 188 185 184 183 185 181 178 179 180 183 180 179 184 184 178 180 181 175 175 182 174 177 174 175 179 172 182 175 180 173 174 174 175 177 181 172 177 173 172 168 169 174 181 178 183 181 188 182 184 188 184 177 178 175 171 181 182 173 192 196 199 200 201 201 201 201 201 201 202 203 203 203 203 203 203 204 204 204 204 204 204 204 204 205 205 205 205 206 206 206 204 204
183 180 186 188 184 186 182 181 180 184 179 180 181 184 177 177 178 176 177 177 176 176 180 174 174 174 180 173 181 181 177 172 177 178 175 178 173 174 173 174 178 169 170 180 172 185 180 181 182 179 176 184 179 179 175 172 174 172 175 193 194 198 200 201 201 201 201 201 202 202 202 202 203 203 203 203 203 204 204 204 204 204 204 204 204 205 205 205 205 205 205 205 205 204
185 182 188 186 180 179 177 178 179 181 181 185 180 178 180 179 182 178 181 179 175 175 176 176 173 178 177 183 181 175 175 174 176 174 180 176 175 175 177 172 174 180 176 179 174 183 172 180 176 181 172 172 172 178 179 174 174 185 172 188 194 197 200 202 201 200 201 201 202 202 202 202 203 203 203 203 203 204 204 204 204 204 204 204 205 205 205 205 206 205 205 205 205 204
188 188 188 188 182 179 181 179 183 180 183 182 181 185 182 178 179 177 176 176 180 181 173 173 172 176 180 182 175 176 178 178 173 179 173 178 171 176 179 172 173 175 177 181 179 173 179 175 177 180 185 180 181 172 188 171 181 176 186 195 195 197 200 201 200 201 201 202 202 202 202 202 202 203 203 203 204 204 204 204 204 203 203 206 206 206 206 206 206 205 205 205 205 205
189 189 189 184 185 185 181 182 186 185 184 179 178 181 179 178 177 174 176 178 178 175 178 181 181 174 174 173 175 180 178 174 180 173 178 173 173 174 171 171 169 172 173 174 186 173 180 177 178 188 190 182 184 186 182 188 182 169 185 193 195 198 200 200 201 201 202 202 202 202 202 202 202 202 203 202 203 204 204 204 203 204 206 206 206 206 206 206 206 205 206 205 205 205
190 182 183 183 188 188 185 188 186 185 187 182 183 180 178 178 181 178 175 179 181 175 181 174 174 179 171 170 176 172 177 177 172 173 173 172 183 173 179 171 169 182 170 178 184 181 181 189 178 188 179 176 189 190 176 169 185 186 189 194 197 198 200 200 201 201 201 201 201 201 202 202 202 202 202 202 202 203 203 203 204 205 205 205 206 206 206 206 206 206 206 206 205 205
186 184 183 185 183 188 187 185 186 182 185 185 186 181 181 180 180 180 181 179 176 176 174 176 180 175 171 173 176 178 174 177 171 180 179 179 172 182 174 177 174 178 183 186 174 191 189 185 192 185 184 175 188 192 181 179 172 182 194 196 197 198 200 200 200 201 201 201 201 201 201 201 202 202 202 202 202 203 204 204 204 205 205 205 206 206 205 205 205 206 206 206 205 205
185 186 184 183 180 184 188 184 181 179 183 183 181 184 182 184 182 177 178 172 172 172 173 179 173 180 178 175 183 178 174 179 181 182 181 179 181 176 179 168 174 171 178 183 191 192 177 177 189 181 194 186 186 194 180 184 174 190 192 196 197 199 199 199 200 200 200 201 201 201 202 202 202 202 202 202 203 204 204 204 204 205 205 205 205 205 206 205 205 206 206 206 206 205
184 182 182 181 184 185 185 183 180 179 179 179 182 185 183 180 180 177 176 175 169 168 167 172 170 173 176 179 180 182 182 179 171 180 182 182 184 182 177 175 177 184 180 187 185 188 185 191 183 188 188 195 193 194 176 180 189 193 194 195 196 198 199 199 199 200 201 201 201 201 202 202 202 202 202 202 202 204 204 204 204 205 205 205 205 205 205 205 205 206 206 206 205 205
189 182 185 183 184 188 186 187 183 181 182 181 182 179 179 176 181 173 172 173 177 169 169 168 168 173 171 172 175 173 182 177 178 173 185 180 176 173 181 183 177 176 184 183 193 194 195 182 188 189 186 189 196 193 186 190 189 193 194 195 197 198 200 200 200 200 200 201 202 202 202 202 202 202 202 202 202 204 204 204 204 205 205 205 205 205 205 205 205 206 206 206 205 205
186 183 185 185 189 183 188 183 182 180 183 180 180 182 182 178 177 176 179 175 173 173 174 167 166 168 176 178 171 176 179 181 182 181 178 182 183 188 178 176 182 182 186 186 189 190 192 195 186 182 190 196 196 197 197 196 194 196 196 195 197 199 200 201 201 201 201 202 202 202 202 202 202 202 202 202 202 204 204 204 204 205 205 205 205 205 205 205 205 205 206 205 205 205
184 183 183 188 183 184 184 186 180 182 185 186 180 180 178 182 176 177 173 172 171 169 174 169 172 173 171 174 177 173 183 173 181 180 183 179 186 188 189 183 187 188 192 193 194 183 182 191 190 181 192 196 196 189 190 197 198 199 199 198 199 200 201 201 201 201 201 202 202 202 202 202 202 202 202 202 202 204 204 204 204 204 204 204 205 204 205 205 205 205 205 205 205 204
183 184 186 185 183 189 185 182 185 184 182 184 181 176 176 179 175 178 175 172 170 173 169 169 168 175 174 175 169 178 181 178 184 183 187 182 181 178 183 185 187 191 191 187 191 189 193 183 188 193 194 189 186 188 189 196 193 197 199 200 200 200 201 201 201 201 201 201 202 202 202 202 202 202 202 202 202 204 204 204 204 204 204 204 204 204 204 204 204 204 204 204 204 204
183 185 187 184 183 184 182 188 187 186 181 181 182 180 178 176 176 180 178 175 171 169 168 170 173 175 175 175 179 179 179 179 181 180 187 178 187 184 186 186 184 193 190 189 183 192 190 190 193 190 189 178 175 185 191 192 194 196 198 199 200 200 201 201 201 201 201 201 202 202 202 202 202 202 202 202 203 204 204 204 204 204 204 204 204 204 204 204 204 204 204 204 204 204
185 185 188 184 184 183 187 182 184 -999 -999 183 179 178 178 178 175 175 179 178 173 171 175 173 170 176 175 177 174 174 176 179 181 181 186 184 182 187 188 180 188 186 186 188 193 187 190 190 188 188 174 182 188 188 193 194 196 195 198 198 199 200 200 201 201 201 201 201 201 201 202 202 202 202 202 203 203 204 204 204 204 204 204 204 204 204 204 204 204 204 204 204 204 204
184 185 185 184 183 186 -999 -999 -999 -999 -999 183 185 179 178 175 177 174 174 174 178 177 170 172 169 173 178 178 177 172 176 178 184 186 186 181 185 187 172 184 184 183 188 188 193 186 190 188 190 193 190 190 184 186 195 195 196 196 198 199 199 199 199 200 200 200 200 201 201 201 201 201 202 202 202 202 204 203 204 204 204 204 204 204 204 204 204 204 204 204 204 204 204 204
187 187 184 183 182 184 -999 -999 -999 -999 -999 -999 -999 -999 -999 177 177 175 179 176 172 174 172 170 177 178 178 179 182 180 186 186 179 182 188 190 183 188 184 188 183 185 187 187 181 189 188 190 190 188 194 194 195 189 197 197 195 196 197 198 198 199 199 199 199 200 200 200 200 200 201 201 201 202 202 203 203 204 204 204 204 204 204 204 204 203 203 203 204 203 203 203 203 203
