Climate/data/grids_germany_multi_annual_precipitation_1981-2010_16.asc
NCOLS 654
NROWS 866
XLLCORNER 3280414.711633467
YLLCORNER 5237500.62890625
CELLSIZE 1000
NODATA_VALUE -999
[rows 126 to 167 of 866, columns 188 to 281 of 654]
-999 -999 -999 -999 -999 -999 -999 -999 -999 -999 -999 -999 -999 -999 -999 -999 -999 -999 -999 -999 -999 -999 -999 -999 -999 -999 190 189 189 189 189 188 191 191 192 192 194 195 197 198 199 200 200 199 199 198 198 195 197 196 196 196 198 198 200 199 199 198 201 199 199 198 197 198 198 200 205 214 212 208 204 205 206 208 211 211 215 215 215 215 220 220 218 218 217 216 219 220 221 219 222 219 218 217
-999 -999 -999 -999 -999 -999 -999 -999 -999 -999 -999 -999 -999 -999 -999 -999 -999 -999 -999 -999 -999 -999 -999 -999 -999 -999 -999 -999 190 189 191 191 192 192 193 195 195 195 198 203 204 204 203 199 200 199 196 197 195 195 195 196 198 198 198 200 201 200 201 199 196 199 197 197 197 197 198 199 200 201 203 205 205 206 208 210 212 212 215 217 214 214 215 214 217 218 218 220 219 222 221 222 218 218
-999 -999 -999 -999 -999 -999 -999 -999 -999 -999 -999 -999 -999 -999 -999 -999 -999 -999 -999 -999 -999 -999 -999 -999 -999 -999 -999 -999 -999 192 192 194 194 194 194 195 195 195 201 204 204 204 204 200 200 200 198 195 196 195 196 196 198 198 198 200 201 200 200 199 197 196 200 199 202 203 200 200 202 202 204 205 205 205 207 209 210 210 214 214 214 213 215 216 216 217 219 223 222 218 220 219 219 222
-999 -999 -999 -999 -999 -999 -999 -999 -999 -999 -999 -999 -999 -999 -999 -999 -999 -999 -999 -999 -999 -999 -999 -999 -999 -999 -999 -999 -999 193 193 194 -999 -999 -999 -999 196 198 203 204 204 204 204 200 200 200 197 195 196 196 196 196 198 198 199 199 199 198 200 199 197 196 200 202 205 205 202 204 203 204 204 205 205 206 209 209 210 210 212 214 215 215 214 217 221 219 221 221 223 222 218 218 218 217
-999 -999 -999 -999 -999 -999 -999 -999 191 189 191 -999 -999 -999 -999 -999 -999 -999 -999 -999 -999 -999 -999 -999 -999 -999 -999 -999 -999 -999 -999 -999 -999 -999 -999 -999 -999 -999 203 203 204 -999 -999 -999 -999 -999 -999 197 196 196 196 196 197 198 198 199 199 200 199 198 197 197 201 204 205 205 205 201 204 205 204 204 205 207 209 211 212 215 215 214 217 215 223 217 220 221 220 221 221 221 217 218 216 215
-999 -999 -999 -999 -999 -999 190 192 192 187 190 -999 -999 -999 -999 -999 -999 -999 -999 -999 -999 -999 -999 -999 -999 -999 -999 -999 -999 -999 -999 -999 -999 -999 -999 -999 -999 -999 -999 -999 -999 -999 -999 -999 -999 -999 -999 -999 -999 196 194 194 194 194 197 199 199 199 199 198 196 196 197 198 201 204 204 201 202 202 204 204 204 206 210 215 215 215 215 215 218 221 222 221 219 220 220 219 218 220 223 219 213 213
-999 -999 -999 -999 -999 194 194 193 193 187 186 187 188 -999 -999 -999 -999 -999 -999 -999 -999 -999 -999 -999 -999 -999 -999 -999 -999 -999 -999 -999 -999 -999 -999 -999 -999 -999 -999 -999 -999 -999 -999 -999 -999 -999 -999 -999 -999 -999 -999 194 194 194 196 197 197 197 197 196 196 196 198 198 198 198 199 200 200 200 200 204 204 205 212 217 217 218 220 215 221 221 218 217 219 219 218 218 218 217 217 217 216 214
-999 -999 -999 -999 -999 193 193 193 192 190 186 186 189 -999 -999 -999 -999 -999 -999 -999 -999 -999 -999 -999 -999 -999 -999 -999 -999 -999 -999 -999 -999 -999 -999 -999 -999 199 199 199 199 200 200 197 197 195 194 -999 -999 -999 -999 -999 -999 194 195 196 197 197 197 196 196 196 199 199 199 199 199 199 200 200 200 202 204 205 211 216 217 222 224 219 218 216 217 220 219 219 219 218 217 217 216 218 216 212
-999 -999 -999 -999 197 197 195 191 191 192 187 188 187 192 190 -999 -999 -999 -999 -999 -999 -999 -999 -999 -999 -999 -999 -999 -999 -999 -999 -999 -999 -999 -999 197 198 198 199 199 200 200 197 194 194 193 193 193 192 192 -999 -999 -999 -999 195 195 197 198 198 198 199 199 199 199 199 199 199 199 199 199 200 199 200 202 209 215 216 222 227 221 214 214 215 214 217 218 218 217 216 214 215 214 213 214
-999 -999 -999 191 195 200 197 195 192 188 190 189 190 193 190 192 -999 -999 -999 -999 -999 -999 -999 -999 -999 -999 -999 -999 -999 -999 -999 -999 -999 198 197 198 198 198 198 199 199 200 196 194 194 194 192 194 192 191 189 -999 -999 -999 -999 195 196 196 198 201 200 200 199 199 199 199 199 199 199 201 199 198 198 202 208 212 214 218 221 218 213 212 214 214 214 213 217 216 213 213 215 211 212 215
-999 -999 192 191 194 197 195 197 201 192 189 191 191 191 192 192 193 193 -999 -999 -999 -999 -999 -999 -999 -999 -999 -999 196 195 198 199 200 200 200 198 198 198 198 198 198 200 196 194 194 194 194 195 193 192 188 188 -999 -999 -999 -999 196 196 199 200 200 200 200 199 199 199 199 199 199 199 199 198 196 198 204 212 214 215 215 213 213 213 212 212 214 213 214 215 215 212 213 212 213 215
-999 -999 193 192 196 198 198 197 200 197 192 191 192 192 192 192 192 192 194 192 192 193 193 194 194 194 195 196 196 196 198 200 200 199 199 198 199 199 199 199 199 199 196 195 194 192 191 191 189 182 183 185 185 -999 -999 -999 -999 196 200 201 201 201 201 199 199 199 199 199 199 197 196 198 198 199 205 208 211 213 211 213 213 215 212 211 211 211 211 213 211 213 210 212 213 213
-999 -999 195 195 200 202 202 204 205 201 194 193 193 192 194 193 193 193 194 192 194 193 193 193 193 194 194 195 198 198 198 200 200 201 200 200 199 199 199 199 199 198 197 197 197 191 190 188 182 176 181 185 186 -999 -999 -999 -999 -999 201 202 202 202 202 200 199 199 199 199 198 197 196 197 196 197 201 204 205 205 206 206 207 207 208 208 206 209 210 208 208 208 208 208 208 212
-999 195 196 197 201 202 204 207 209 203 194 193 192 194 192 192 192 192 193 193 193 193 194 194 194 194 195 197 198 197 200 202 203 202 203 200 201 201 200 199 199 199 197 195 195 191 189 185 184 181 182 186 190 190 -999 -999 -999 -999 202 205 205 205 202 201 201 199 199 199 199 197 195 196 198 197 199 198 198 199 199 197 196 200 201 203 203 205 207 207 206 207 206 208 208 213
-999 195 195 198 201 201 204 204 209 205 201 193 192 192 193 192 192 192 193 194 193 194 193 194 194 195 196 198 197 197 200 203 202 202 202 201 202 201 202 200 200 200 198 195 195 196 192 187 185 185 186 189 190 190 193 -999 -999 -999 202 205 206 205 202 201 201 200 199 199 199 198 195 195 197 197 197 197 197 195 192 194 194 195 196 201 201 202 204 206 206 206 206 209 209 208
-999 195 197 198 198 204 208 209 212 212 203 194 193 193 192 193 192 192 193 194 194 194 193 195 195 194 196 197 197 197 201 203 203 202 202 200 201 201 202 200 200 200 199 198 195 194 191 187 185 185 187 189 190 190 -999 -999 -999 -999 -999 205 205 205 202 201 201 199 199 199 199 199 196 195 197 197 198 197 195 190 188 189 192 191 192 195 202 201 202 204 204 205 205 206 206 208
-999 193 197 197 198 207 209 215 215 210 202 197 196 193 193 192 193 193 194 193 192 192 193 194 195 195 196 196 197 199 201 201 201 203 202 200 201 201 202 202 202 201 201 200 198 196 193 190 191 190 190 190 191 193 195 -999 -999 -999 -999 200 201 201 202 201 200 198 199 198 198 197 197 196 195 197 197 191 190 187 182 179 182 186 190 194 196 200 200 202 203 203 203 205 209 209
-999 192 197 197 201 203 207 211 210 210 201 196 195 194 193 192 192 192 193 191 191 191 193 193 194 195 196 196 196 198 201 201 201 201 201 204 200 201 202 203 203 203 202 202 202 199 197 196 195 193 193 193 195 195 195 198 -999 -999 -999 -999 199 199 200 199 199 199 198 198 198 197 198 198 197 197 198 191 190 188 179 173 178 184 188 192 196 197 200 202 204 204 201 201 203 206
192 192 192 197 197 201 207 208 212 212 206 198 195 194 198 192 192 192 193 195 191 191 192 193 193 194 194 196 197 197 200 201 201 201 200 203 200 200 203 203 203 204 203 202 202 202 198 195 195 195 194 194 194 194 195 197 197 -999 -999 -999 198 198 198 199 199 198 198 198 198 198 198 198 198 199 199 191 191 189 182 179 182 183 188 194 194 195 199 202 201 204 201 201 205 206
192 192 192 196 197 197 201 203 207 210 212 198 198 197 195 195 195 192 191 195 192 193 193 193 194 194 194 197 198 198 198 201 201 200 203 203 203 205 203 203 204 205 204 203 202 202 199 196 195 195 195 194 194 193 196 196 196 -999 -999 -999 198 198 198 198 199 198 198 198 198 198 199 199 199 197 197 196 191 193 187 183 183 184 187 191 194 194 197 199 198 199 199 202 204 206
192 191 192 192 192 192 197 201 204 207 196 197 196 195 199 197 200 198 193 197 192 190 189 189 192 192 194 195 196 198 199 201 201 203 204 208 219 205 203 203 204 205 205 203 203 203 199 198 197 197 197 196 196 195 195 195 195 197 -999 -999 -999 197 198 198 198 196 196 196 198 198 199 199 200 201 205 201 199 193 192 189 189 188 189 193 193 196 197 197 197 199 203 205 203 203
190 190 190 188 187 187 194 194 194 199 194 191 191 194 197 194 200 196 193 191 191 191 189 189 189 190 193 195 195 197 198 201 201 209 216 219 217 205 204 206 206 203 206 205 205 204 200 199 199 197 197 196 196 195 194 196 196 196 -999 -999 -999 196 196 196 196 196 196 196 196 196 199 201 201 202 207 206 200 199 195 193 194 193 192 193 195 193 197 198 198 199 203 206 204 204
190 190 190 186 186 186 188 194 196 199 197 200 191 191 194 196 196 196 195 191 192 192 189 189 189 189 191 194 195 195 199 201 201 205 211 223 215 205 208 205 205 205 205 205 204 205 200 199 199 199 197 196 196 195 194 196 195 196 196 -999 -999 -999 -999 -999 196 196 197 196 196 196 199 202 201 201 206 203 203 200 198 196 196 195 194 195 195 194 196 198 197 198 205 203 204 203
190 189 187 186 186 184 185 190 192 195 192 199 197 195 194 196 199 199 196 193 192 190 187 187 189 189 190 193 195 195 198 201 201 205 208 209 209 205 204 204 205 207 207 207 204 204 203 199 199 198 197 196 195 195 194 196 195 193 196 195 -999 -999 -999 -999 196 196 197 197 196 198 199 200 201 201 204 203 203 200 201 196 196 194 194 192 196 194 197 197 197 198 200 202 203 199
188 186 187 184 183 182 181 190 192 189 191 191 193 196 199 200 201 202 201 194 195 192 187 187 187 189 189 193 194 196 199 199 201 201 205 205 202 202 207 206 207 210 211 207 206 204 203 200 199 198 197 196 196 195 194 193 196 196 196 194 196 -999 -999 -999 -999 198 197 197 197 198 199 199 199 199 200 201 200 200 197 195 195 194 192 192 194 194 196 196 197 199 199 199 200 197
185 185 185 183 183 182 181 188 190 185 188 189 193 195 199 201 202 204 203 198 195 193 187 184 187 187 189 193 195 195 197 200 201 201 201 202 205 204 211 211 213 214 211 207 206 206 203 200 199 198 197 196 196 195 195 194 194 193 194 195 195 196 -999 -999 -999 198 -999 198 198 198 198 198 198 199 199 197 198 198 196 195 195 194 192 194 196 195 194 193 195 196 196 196 195 196
187 184 185 183 183 183 186 188 190 186 195 196 193 191 196 203 202 202 202 198 195 192 189 186 186 188 191 195 195 195 197 201 201 201 201 205 205 205 209 215 220 217 216 206 206 206 203 199 199 199 197 196 196 196 195 195 195 195 196 195 196 196 196 -999 -999 196 -999 198 198 198 198 198 198 198 198 197 197 198 196 195 194 194 193 196 196 195 192 192 194 195 194 190 191 193
187 184 184 183 183 186 186 188 186 188 192 191 192 197 200 197 198 202 201 199 194 192 190 189 189 189 192 195 195 201 200 203 201 205 205 205 207 210 212 211 212 213 210 210 206 204 203 199 199 198 197 196 196 196 196 196 195 196 195 197 197 198 196 196 -999 -999 196 -999 199 198 196 198 198 197 196 195 197 196 195 193 193 191 193 196 193 193 192 194 194 194 193 191 191 191
186 185 184 184 183 186 187 186 189 192 191 190 193 198 199 201 200 202 201 200 200 196 196 195 194 192 194 196 198 201 203 202 199 202 204 204 212 221 221 213 210 210 207 206 203 203 202 199 199 197 197 196 196 196 196 196 196 196 196 197 195 197 194 194 -999 -999 195 -999 195 196 196 196 194 193 195 195 197 193 195 194 192 190 195 194 191 191 192 195 193 192 193 192 189 190
182 183 183 184 187 187 188 190 191 191 195 194 195 198 199 203 205 206 207 207 207 206 201 201 200 198 196 198 198 202 201 202 202 203 207 208 213 222 221 210 204 202 203 203 202 202 201 198 197 197 197 197 198 198 198 196 196 197 197 196 196 196 195 194 194 -999 -999 194 194 196 195 195 194 194 195 194 195 192 196 195 194 191 193 192 192 191 191 192 192 192 191 190 190 190
182 182 184 184 187 188 188 190 191 191 192 196 197 197 200 205 204 207 209 210 210 210 206 203 201 200 199 198 198 202 199 203 202 203 203 208 208 218 218 210 204 200 203 202 202 202 204 197 197 197 197 198 198 198 196 196 196 199 200 196 196 197 197 194 195 -999 -999 195 194 194 196 195 194 193 195 195 195 194 194 193 190 193 194 194 191 191 191 192 192 192 190 190 190 190
182 182 182 187 187 187 189 189 191 193 192 197 197 198 200 202 206 208 215 212 213 212 210 206 203 201 200 199 198 198 198 200 202 203 207 208 208 212 217 207 204 205 199 202 205 204 204 200 197 197 197 198 198 198 196 196 197 198 196 196 196 198 196 195 195 -999 -999 195 195 194 195 195 194 193 194 195 193 193 192 193 195 193 193 194 193 193 190 189 192 192 191 191 191 191
181 184 183 183 187 187 193 190 190 194 195 194 196 197 202 202 203 210 214 217 220 217 210 207 205 201 201 199 200 199 200 201 204 203 207 209 208 209 210 206 201 199 199 200 208 200 198 196 197 196 198 198 196 195 198 196 200 196 196 197 199 198 197 197 197 195 -999 -999 195 194 195 195 195 193 193 192 193 192 194 195 196 195 193 192 191 189 191 192 191 191 192 190 192 190
180 181 181 183 181 188 189 190 191 195 192 195 195 196 198 202 200 206 213 222 215 215 211 208 209 202 201 200 200 200 199 201 202 205 207 205 204 206 209 200 198 198 203 201 205 199 197 196 195 195 196 195 198 196 196 199 198 198 198 199 199 200 198 198 198 195 193 -999 -999 194 196 195 195 193 192 193 194 196 195 194 193 193 193 192 191 191 190 190 190 190 191 189 189 189
180 183 181 182 184 186 192 190 190 191 195 195 195 195 201 205 205 207 211 217 218 212 214 211 209 208 201 200 200 200 199 202 202 202 204 204 205 208 220 205 201 198 198 197 197 197 196 198 198 199 198 196 198 196 199 198 199 198 198 199 200 201 200 198 199 199 197 -999 -999 198 197 195 195 194 191 192 196 195 194 193 193 193 193 192 191 191 190 190 190 191 189 190 189 189
180 179 181 182 184 193 188 188 190 191 191 189 190 194 200 207 206 208 211 213 218 210 211 209 209 207 205 204 203 203 202 202 203 202 203 203 207 208 214 201 198 197 196 197 197 195 195 198 198 199 196 197 199 198 197 199 199 199 201 203 200 210 200 201 199 199 199 199 -999 -999 -999 195 195 195 193 190 193 193 194 193 193 193 192 193 191 191 191 191 191 190 189 189 189 188
181 181 180 181 185 185 187 187 188 186 190 188 190 196 203 202 206 207 210 210 211 209 209 207 205 204 205 208 204 203 203 202 202 208 210 203 205 210 213 200 196 196 196 194 194 197 199 200 201 197 195 195 196 197 198 198 202 202 209 205 204 206 202 202 202 202 201 201 201 -999 -999 -999 194 192 190 189 193 193 195 193 192 192 191 188 190 192 192 190 189 190 187 186 187 190
-999 182 181 181 184 185 187 187 187 188 187 187 188 191 197 203 202 206 205 205 204 204 204 204 203 203 204 204 207 204 203 200 200 200 199 198 198 199 198 194 194 195 194 194 196 196 199 201 199 195 194 194 195 197 200 200 202 200 208 211 205 203 208 211 208 207 204 202 202 200 -999 196 -999 -999 189 188 188 191 190 189 189 191 191 191 190 190 194 189 191 192 187 185 184 188
-999 181 180 184 184 184 183 187 187 187 186 188 188 188 191 201 202 202 204 203 203 203 202 202 202 202 204 204 204 204 204 201 201 201 199 198 198 194 198 194 194 194 193 196 196 199 199 199 195 197 195 195 196 196 199 202 202 201 204 206 203 205 208 212 214 211 203 202 201 200 198 -999 -999 -999 -999 188 188 189 192 190 188 190 192 196 195 194 194 193 193 193 189 191 184 185
-999 180 179 180 183 182 187 187 187 183 184 187 188 188 194 198 202 202 204 203 203 201 204 204 209 207 207 207 207 207 202 201 207 203 199 198 198 198 198 195 195 192 193 195 196 199 195 198 198 197 197 198 198 198 201 200 202 205 202 205 203 206 211 211 213 213 202 202 201 200 198 195 193 190 -999 -999 -999 187 191 189 190 195 200 208 204 198 197 193 196 192 191 189 187 189
-999 175 175 176 180 180 180 183 183 184 184 186 187 189 192 198 198 201 202 202 202 202 202 202 207 203 203 202 202 202 202 202 200 199 198 198 198 198 196 194 192 190 190 192 192 192 195 195 196 196 196 198 198 198 200 200 204 201 206 203 202 206 211 211 211 209 209 202 201 198 197 196 192 188 188 -999 187 -999 -999 -999 -999 -999 -999 187 204 203 194 195 192 190 190 186 193 194
-999 -999 172 171 171 173 177 179 180 182 184 189 191 189 191 194 198 196 198 202 202 202 203 202 203 203 204 207 204 203 202 200 200 200 198 197 196 193 193 189 189 188 188 187 190 191 194 194 194 194 196 196 197 197 198 198 202 202 204 201 201 208 209 209 210 209 209 211 199 199 197 194 192 192 188 186 -999 -999 -999 -999 -999 183 183 -999 -999 -999 185 191 191 187 188 194 196 198
