Climate/data/grids_germany_multi_annual_precipitation_1981-2010_07.asc
NCOLS 654
NROWS 866
XLLCORNER 3280414.711633467
YLLCORNER 5237500.62890625
CELLSIZE 1000
NODATA_VALUE -999
[rows 408 to 458 of 866, columns 288 to 383 of 654]
75 86 75 73 72 74 75 74 72 75 73 71 71 75 73 72 74 71 72 70 70 73 74 73 74 73 73 73 71 68 68 66 68 69 71 70 74 72 80 83 83 83 79 77 71 70 69 64 61 63 67 71 72 74 78 79 70 74 75 77 64 62 63 65 65 67 68 72 63 60 59 59 58 57 54 57 61 59 62 63 60 61 61 59 59 57 57 58 58 60 61 66 62 62 63 61
74 76 70 70 73 72 75 68 72 70 72 73 86 82 83 77 80 79 76 73 75 72 75 72 72 72 71 71 72 67 66 66 70 70 71 73 71 80 85 83 85 83 78 71 74 67 66 63 61 60 62 66 69 72 74 78 78 75 76 67 65 65 62 61 64 65 69 68 67 63 59 59 57 58 57 56 57 59 59 58 57 58 58 58 57 57 57 58 59 60 60 61 61 62 63 62
74 76 73 75 76 69 72 69 72 74 90 79 75 82 83 83 85 83 86 88 76 74 75 74 72 71 70 69 71 68 65 68 67 67 68 69 72 83 84 82 79 78 77 71 71 64 66 64 61 62 62 64 68 68 73 75 76 70 66 64 77 76 65 61 61 59 63 64 67 65 62 62 60 62 64 61 59 61 58 58 56 56 58 57 57 56 58 58 59 59 61 61 61 61 62 62
76 81 74 81 77 72 70 69 84 86 83 86 83 76 79 81 85 81 80 85 88 79 76 82 77 73 73 70 69 67 67 65 63 66 68 72 85 82 81 77 74 74 72 78 76 66 64 59 58 62 63 64 66 67 70 74 77 71 64 73 74 77 65 64 62 60 58 59 59 62 65 60 59 64 68 68 67 61 58 58 58 58 58 58 58 57 58 58 59 60 60 60 61 61 62 62
79 80 76 87 89 84 73 72 71 85 85 85 78 83 77 74 78 81 83 83 89 86 80 81 79 76 74 79 76 76 74 71 68 70 79 80 79 77 75 73 74 72 73 74 74 73 69 67 65 58 62 63 64 66 70 73 74 73 73 72 74 78 73 74 73 63 62 65 61 61 60 61 65 59 62 65 68 69 61 60 58 59 59 59 57 58 61 63 60 60 61 61 61 61 62 62
79 89 78 90 87 79 72 76 79 75 87 87 85 85 85 83 82 79 84 85 86 83 81 80 78 78 82 81 83 82 80 78 75 77 76 77 76 73 71 71 72 76 73 75 75 70 69 68 64 62 61 65 66 68 68 70 71 71 72 67 75 78 75 73 69 68 68 68 70 68 63 65 61 59 64 72 68 65 67 64 59 59 59 58 58 58 59 62 64 64 65 64 61 62 62 62
78 82 88 88 86 76 84 78 77 73 73 84 85 85 88 86 83 87 86 84 83 82 76 79 80 79 82 85 83 81 79 77 75 75 76 74 76 72 71 71 76 73 74 75 75 69 67 66 62 63 64 64 64 68 67 65 67 68 68 68 69 71 76 76 74 74 74 72 67 74 71 75 73 67 65 71 72 73 69 69 68 62 61 60 60 60 60 62 66 66 66 65 65 62 63 62
84 78 79 85 85 76 81 85 84 82 80 83 83 85 88 89 84 87 85 83 83 76 74 73 75 76 77 81 85 85 83 80 77 75 75 78 77 75 74 75 76 73 74 75 72 70 67 65 64 62 63 68 66 65 65 66 64 66 68 66 66 69 73 75 76 75 73 73 68 74 75 73 66 67 59 67 66 67 70 75 69 67 66 60 60 60 60 62 65 68 70 70 67 68 64 63
85 79 75 75 74 77 84 86 86 79 77 80 84 82 84 83 89 88 85 81 80 77 77 73 72 75 76 79 80 82 80 79 81 80 80 79 77 75 76 78 76 73 70 74 72 69 67 65 65 65 62 62 64 66 66 65 66 65 65 66 64 67 69 72 75 75 73 72 71 72 73 72 70 67 66 62 62 63 66 66 67 68 63 63 61 61 60 61 64 66 69 75 70 70 70 67
76 80 81 76 75 74 74 78 84 87 83 73 76 74 77 79 84 87 87 84 82 82 78 74 72 74 75 75 76 76 77 75 77 79 78 76 77 79 80 78 77 74 73 71 72 71 69 66 63 61 61 60 60 61 65 68 67 66 64 64 64 65 67 70 72 73 72 71 70 68 70 68 68 64 63 60 60 64 66 66 64 62 61 66 66 65 61 61 62 65 67 74 74 73 69 72
72 79 77 80 86 79 78 77 78 82 76 81 72 74 72 76 80 85 85 86 84 81 81 78 74 77 71 75 74 74 72 75 74 76 76 75 73 73 74 74 74 74 74 71 70 71 67 67 65 64 61 61 60 60 61 66 67 67 66 66 62 63 65 68 69 71 73 71 69 68 66 67 65 62 62 59 60 63 63 64 61 61 61 61 63 67 63 62 62 64 68 72 77 72 74 72
83 81 86 85 80 81 86 78 76 74 76 76 76 72 75 75 86 88 82 87 85 83 81 80 82 80 78 74 75 72 71 71 74 73 74 73 73 73 71 73 69 72 72 71 71 69 69 69 67 64 62 63 61 61 63 64 66 67 68 65 64 63 67 68 69 70 69 68 67 64 64 64 69 60 60 59 61 60 60 59 59 60 61 60 61 62 65 65 62 64 67 70 74 76 76 73
77 78 80 76 76 90 87 86 76 75 82 75 75 74 87 85 88 86 84 85 87 83 81 82 80 80 78 77 75 73 69 68 71 70 72 71 72 72 72 71 72 70 70 67 70 68 67 67 67 67 65 63 63 62 65 67 66 65 64 63 66 62 65 67 68 68 67 68 66 64 65 63 62 61 62 61 60 59 59 59 59 60 60 60 60 61 63 68 65 68 66 71 73 78 79 75
76 79 85 87 88 96 86 77 72 77 77 73 74 74 87 82 85 83 82 83 87 81 81 79 78 79 76 74 72 71 70 71 65 67 68 66 73 71 70 71 72 73 72 66 66 68 68 66 67 68 68 64 63 66 66 67 68 67 68 66 64 65 63 61 65 64 64 64 65 64 62 61 63 65 64 63 63 63 63 61 59 60 60 60 60 61 63 66 69 69 72 71 70 77 77 76
71 71 72 81 89 94 81 81 78 72 80 75 72 75 87 75 83 80 78 80 84 76 80 76 76 75 73 70 69 68 66 67 67 68 66 67 75 74 73 72 70 69 68 69 66 66 66 67 69 69 70 67 68 67 67 68 69 66 66 66 67 67 66 63 62 65 65 63 61 61 64 62 63 63 63 63 64 63 63 60 60 59 60 60 60 62 62 62 66 70 73 77 76 79 79 79
76 69 75 93 99 92 88 85 85 78 77 80 73 79 85 72 73 78 80 86 83 86 83 79 75 73 73 70 68 66 67 67 66 63 64 67 71 70 72 71 68 66 65 65 65 67 63 68 70 72 74 72 73 70 70 70 69 68 69 68 66 67 68 66 65 64 60 61 61 62 61 63 64 65 64 63 61 62 60 61 59 60 59 60 60 61 62 65 65 69 73 77 76 78 80 79
70 73 78 79 86 82 99 88 86 83 78 79 71 77 82 73 86 78 85 89 89 89 85 82 78 74 73 71 70 69 68 66 66 64 64 65 67 65 66 69 68 65 65 64 62 63 63 68 65 69 73 77 74 73 74 71 70 70 69 68 68 67 66 67 66 65 62 60 60 60 60 64 65 60 61 61 60 62 60 60 60 61 63 63 62 62 63 64 67 67 71 75 74 80 78 77
72 72 77 78 81 87 90 82 82 90 78 76 69 72 82 71 86 85 86 85 89 89 89 86 80 77 75 73 72 69 67 66 63 64 65 65 65 63 62 63 62 61 62 63 63 63 65 68 70 73 71 72 72 74 75 75 73 71 70 69 70 69 67 67 66 66 61 60 60 60 59 60 61 60 60 60 60 58 59 60 60 61 61 63 64 63 64 65 67 68 69 72 74 73 74 74
68 74 72 78 80 86 90 82 82 81 76 70 80 81 71 76 77 86 78 88 88 87 86 83 82 80 77 75 73 70 68 66 64 64 63 63 63 63 61 62 62 63 64 63 66 64 66 71 72 72 73 75 71 71 72 74 73 70 68 67 67 66 67 66 66 66 63 62 62 61 61 60 62 64 63 63 62 61 60 62 59 60 60 61 61 63 64 63 63 65 70 71 72 71 73 70
70 70 70 69 73 75 78 80 77 81 70 80 81 81 80 75 75 73 86 81 87 91 87 83 84 82 79 77 73 70 67 65 64 63 62 60 61 60 61 63 64 63 65 65 66 68 70 71 73 71 74 76 74 72 69 69 68 68 65 64 65 64 63 66 67 64 63 63 65 63 65 65 64 60 62 63 62 62 61 61 60 59 61 61 61 62 61 62 63 64 66 68 69 70 70 70
74 68 68 67 67 67 69 70 69 77 70 82 77 80 90 86 80 89 75 90 93 90 87 84 82 81 80 77 74 71 66 65 65 65 64 63 61 61 60 61 61 64 66 64 65 65 67 71 70 68 70 73 76 75 69 63 68 68 64 63 64 61 62 65 64 64 65 63 63 63 62 62 60 62 62 62 62 63 61 59 60 60 61 61 61 62 62 62 62 65 66 71 71 73 74 73
75 68 69 67 67 67 67 68 69 72 69 69 70 79 85 92 85 89 89 79 82 88 88 85 86 82 81 77 74 70 67 65 65 63 62 61 60 62 61 61 61 62 64 65 64 65 67 67 69 67 69 71 72 74 72 68 61 65 64 65 64 64 65 65 65 62 62 62 60 60 62 63 65 62 63 65 65 63 64 60 60 60 60 61 61 62 62 62 64 64 68 70 71 75 76 74
72 69 72 73 69 67 68 67 67 67 68 70 70 73 79 81 91 82 86 89 88 89 89 86 83 81 80 76 73 70 67 67 66 65 64 64 62 62 61 62 66 65 62 64 66 65 65 65 66 65 69 69 68 70 68 68 65 64 64 64 64 66 65 64 65 63 65 62 62 59 60 61 62 63 62 62 65 61 60 59 59 59 60 61 61 63 62 62 63 66 66 68 71 74 75 76
70 69 71 73 71 68 69 71 66 68 69 79 77 71 73 76 78 91 88 84 81 82 87 88 88 86 78 78 74 70 68 67 66 66 64 63 63 62 61 61 61 61 62 63 65 65 65 65 63 69 70 68 68 66 64 66 64 64 62 62 66 65 65 66 65 65 63 60 61 60 58 61 63 64 62 62 60 60 59 58 59 60 61 61 62 62 63 63 65 65 67 70 71 72 74 74
72 71 74 73 72 72 71 68 69 76 82 78 72 71 80 90 92 90 82 81 84 87 86 86 87 86 83 81 74 70 66 64 63 65 64 63 62 62 62 62 62 61 62 63 63 62 63 65 69 70 70 68 67 65 66 65 64 65 64 62 63 65 65 64 61 61 62 64 62 59 59 61 64 60 60 61 61 61 61 59 59 60 61 62 63 64 62 63 64 64 68 70 71 72 71 70
76 71 76 73 76 73 72 72 76 79 75 79 70 69 78 83 83 87 85 85 81 87 82 87 83 89 85 83 75 70 69 67 63 61 63 61 62 62 63 61 62 62 62 62 63 63 63 66 68 70 71 71 68 68 67 65 65 65 64 64 64 62 62 61 61 61 60 61 61 60 60 61 60 62 61 61 61 61 60 59 59 62 63 65 66 65 64 65 64 67 68 70 71 71 71 70
74 75 77 76 76 83 79 75 73 77 76 77 75 67 68 76 76 76 79 87 89 87 85 78 77 78 88 76 75 71 68 67 65 64 61 62 63 62 64 64 62 62 63 63 61 62 62 66 68 68 70 71 69 68 68 68 67 67 67 64 63 62 61 62 62 61 61 61 61 61 62 62 64 64 63 63 62 63 64 62 64 62 66 69 69 68 66 65 67 68 68 70 70 73 69 69
74 78 76 75 79 85 88 83 77 78 78 74 75 68 67 68 75 73 76 82 76 83 82 84 74 78 85 81 79 73 69 68 67 66 64 64 64 62 62 64 62 62 63 63 63 64 63 65 69 68 67 70 71 71 68 67 67 65 65 64 63 63 62 62 63 61 61 62 63 63 63 63 63 63 65 64 65 65 65 63 65 64 68 68 68 69 69 68 67 67 67 68 68 69 69 69
76 83 78 77 80 82 82 79 81 78 77 73 74 67 67 67 67 66 66 74 74 76 82 81 79 74 84 84 81 74 70 68 68 67 65 63 63 62 63 62 62 63 63 63 63 64 63 65 65 66 67 69 70 70 69 69 66 64 64 64 64 63 63 63 63 64 63 64 64 64 62 63 63 63 63 63 63 65 63 64 65 66 68 70 70 70 69 68 71 70 70 68 68 68 70 69
77 77 86 81 80 85 83 84 80 77 74 77 77 80 72 66 71 74 66 69 72 77 78 76 76 71 81 85 79 75 74 72 69 67 66 65 64 62 63 64 64 62 62 63 63 66 66 66 66 65 65 66 68 63 67 63 66 64 66 68 65 64 65 64 64 65 63 63 63 63 63 63 64 63 63 64 63 63 63 64 65 65 67 68 70 71 70 70 71 71 70 69 69 69 70 70
70 74 75 79 76 78 91 87 93 93 91 78 74 81 78 74 74 69 76 66 66 68 65 78 77 74 79 85 84 79 76 73 73 70 68 66 65 63 65 64 64 64 65 65 65 66 65 67 66 66 64 62 63 67 68 69 68 69 69 71 67 65 64 64 63 62 63 62 62 64 65 63 63 65 62 63 64 64 65 66 64 66 66 67 69 72 70 70 70 72 72 71 69 69 72 73
77 80 87 77 79 74 77 84 87 91 90 76 79 89 89 77 72 73 83 80 76 75 71 78 75 78 79 76 85 81 78 78 75 74 71 69 67 68 67 66 67 64 65 66 68 65 66 66 65 66 64 64 63 63 68 70 71 72 72 71 70 67 66 65 63 64 64 63 63 65 63 64 66 65 65 62 64 64 64 65 66 65 66 66 67 69 69 70 69 69 71 70 70 69 72 73
77 81 84 88 87 79 77 76 79 85 86 89 87 86 84 84 73 81 83 83 68 72 69 71 65 72 70 72 82 84 83 81 79 77 74 73 72 70 69 68 68 66 69 66 67 64 69 68 67 66 65 64 63 65 67 67 69 68 70 70 70 69 66 63 63 64 65 64 64 65 65 67 66 66 64 64 65 64 65 66 65 65 66 66 66 66 68 68 68 66 68 69 69 69 71 72
73 77 90 86 86 86 82 81 77 77 80 82 82 78 85 81 73 85 79 77 79 69 72 64 65 65 75 77 79 80 83 83 81 81 80 78 74 73 72 71 70 69 68 68 68 68 70 70 66 67 66 64 64 64 65 66 68 67 67 68 66 66 66 66 64 64 62 63 63 64 64 65 69 66 67 66 66 64 65 65 65 67 68 66 66 67 68 68 68 68 70 70 70 69 72 72
74 77 79 83 87 82 85 84 84 80 74 77 74 78 81 83 73 84 81 80 76 73 66 64 64 65 68 80 75 76 84 85 85 86 83 79 76 74 74 74 73 69 70 69 68 70 67 68 66 68 68 64 67 65 70 70 68 68 67 69 66 68 66 65 65 65 64 63 65 66 66 67 66 66 67 67 66 64 66 67 67 68 67 68 68 69 70 70 70 70 71 71 70 71 72 72
75 72 81 81 86 80 82 82 84 81 81 77 74 77 77 79 79 80 78 75 63 71 73 68 69 68 68 72 80 82 74 83 83 84 84 82 78 77 76 75 74 74 73 71 71 70 71 70 68 68 69 69 70 74 79 82 72 68 68 66 66 66 65 65 66 66 64 65 66 66 67 68 68 67 68 67 68 69 69 68 68 68 68 68 70 71 72 73 73 73 73 73 73 73 72 72
78 75 82 78 84 77 77 82 84 85 85 83 76 75 70 71 75 72 76 63 63 75 70 74 73 73 68 71 71 73 74 84 85 86 82 82 80 77 75 74 74 76 77 75 73 72 72 70 70 72 72 71 71 77 81 83 83 72 70 67 68 66 68 66 64 63 64 65 66 66 68 69 68 69 70 67 68 71 71 70 69 68 69 69 70 73 74 76 76 76 76 75 75 73 75 73
76 79 73 80 75 83 82 84 83 81 82 83 83 81 77 69 67 65 63 68 75 77 75 76 77 77 73 72 72 78 82 79 79 82 84 80 77 77 73 71 70 72 74 75 74 74 73 71 71 73 71 69 72 75 79 80 83 81 72 70 69 69 68 66 65 68 66 66 66 67 68 68 69 69 70 69 69 70 71 72 69 69 68 69 71 76 79 80 81 79 79 78 76 75 76 74
79 79 74 75 78 84 84 77 82 75 84 85 83 80 79 77 69 64 64 66 67 76 76 74 77 77 78 77 74 74 76 82 83 76 75 79 78 74 71 72 70 69 71 72 75 74 74 73 71 70 69 69 70 70 74 75 78 81 80 79 74 72 72 71 70 67 69 67 66 67 67 69 70 73 69 69 72 73 72 69 67 69 70 69 70 73 78 81 84 83 82 82 79 78 77 75
82 76 76 76 78 88 75 76 72 78 79 79 82 80 76 73 69 65 66 64 74 75 74 76 75 75 73 71 73 74 80 81 78 75 71 70 71 69 69 70 68 69 69 69 72 73 73 72 68 69 70 69 69 69 69 70 72 72 77 79 79 80 79 80 77 73 72 69 66 67 67 68 71 69 69 68 67 70 72 70 69 70 69 70 70 70 71 73 80 86 89 88 84 83 79 77
79 77 74 76 79 79 73 72 73 70 72 77 77 82 83 75 70 67 66 68 66 72 69 72 74 74 74 73 72 70 73 72 77 78 72 69 69 68 69 68 70 71 70 68 67 67 68 68 68 69 67 67 69 68 68 68 69 71 73 76 76 77 77 78 77 76 76 74 74 70 70 69 72 70 69 68 67 69 70 69 71 70 71 69 68 69 72 70 74 79 88 87 83 82 78 74
75 78 77 82 84 76 76 74 74 72 70 71 70 77 78 85 79 71 73 69 68 67 72 70 74 74 74 74 73 71 70 70 74 76 73 70 68 67 67 67 70 71 71 69 68 66 66 65 66 66 66 67 67 67 69 69 68 69 71 72 76 75 75 75 76 74 76 77 75 70 68 68 69 69 67 67 69 71 69 69 71 69 71 69 69 69 68 70 74 72 75 78 76 75 72 70
84 79 80 82 80 77 78 76 70 67 67 67 67 70 70 70 67 67 66 76 71 73 74 69 70 72 74 74 72 70 68 68 71 73 73 70 69 68 66 65 66 68 69 66 66 65 66 65 66 65 65 67 68 69 69 68 66 69 71 71 72 75 74 75 74 73 75 77 76 72 67 67 68 67 67 67 69 69 69 69 69 72 71 71 70 70 70 72 72 74 74 71 72 71 71 70
82 82 79 76 75 72 78 72 67 70 67 69 66 70 68 68 67 69 67 71 73 74 71 67 69 71 72 69 66 66 66 69 71 73 73 72 70 69 66 63 65 66 66 65 64 66 69 65 65 64 69 68 68 68 70 69 68 68 70 70 73 73 73 73 72 73 74 73 75 73 71 71 67 67 66 66 68 69 70 67 70 71 72 71 71 71 72 71 71 71 72 73 70 70 71 71
76 80 77 80 80 72 72 70 67 68 76 75 68 74 75 73 75 74 80 67 65 70 72 67 68 69 71 69 67 65 67 67 69 71 72 70 66 64 65 67 65 65 65 65 66 68 69 69 65 66 66 68 68 69 69 69 68 68 69 69 71 72 72 73 72 73 73 73 75 75 75 71 71 66 67 67 68 69 71 69 70 72 70 71 73 73 71 70 72 73 72 74 72 72 71 72
76 74 71 80 77 72 67 67 71 75 74 69 71 73 73 76 73 73 75 72 70 69 67 66 66 66 66 65 70 69 68 67 67 67 65 65 70 70 70 70 69 66 63 65 67 70 73 71 68 68 66 68 68 68 69 69 69 68 69 69 70 71 71 72 73 72 73 72 74 74 73 74 71 70 69 69 69 69 69 71 71 72 72 71 75 74 72 71 73 73 73 74 74 73 74 73
79 78 75 73 76 71 69 65 66 68 74 69 71 73 74 77 80 77 80 76 66 74 69 75 68 72 67 69 69 74 75 75 72 69 69 66 69 69 71 72 72 69 64 67 69 71 75 77 74 73 67 67 68 68 69 70 71 72 70 69 71 70 72 71 72 71 72 73 74 74 74 73 71 70 75 73 70 70 71 71 73 73 74 76 77 76 77 77 77 77 77 76 74 74 76 76
77 73 71 71 68 68 65 64 65 68 74 72 69 77 70 75 75 77 79 77 72 76 75 73 74 73 74 70 67 67 70 71 73 75 79 69 67 68 70 72 71 68 66 70 71 71 75 76 76 70 68 70 69 69 69 69 70 69 70 71 72 72 72 71 72 72 72 74 74 73 73 72 68 74 75 77 77 75 72 72 78 74 76 77 77 79 81 81 81 80 80 79 77 73 75 78
78 76 71 69 69 67 65 66 66 72 73 75 74 71 67 73 72 82 79 80 80 76 77 74 80 82 71 78 70 69 72 67 68 70 68 71 66 67 67 69 68 67 67 68 68 70 70 74 74 71 70 70 69 68 68 69 69 67 70 70 71 73 73 73 73 72 72 73 73 73 72 68 73 73 77 79 77 76 79 76 77 79 79 81 82 81 83 84 82 79 78 77 79 77 78 78
74 70 69 66 67 67 66 66 66 68 69 69 72 72 72 71 72 71 75 75 74 76 79 79 85 79 80 75 74 73 75 72 70 69 67 68 66 66 66 65 66 65 67 69 71 72 72 72 73 69 68 69 70 72 69 69 70 68 69 69 71 70 73 71 72 72 73 73 72 72 72 67 74 76 75 77 78 78 83 80 83 83 83 85 71 88 88 88 86 83 82 78 76 79 77 76
73 69 69 68 67 66 68 68 69 67 69 69 70 73 76 77 73 73 71 73 73 73 79 78 85 77 79 81 80 74 80 78 72 75 75 65 71 70 67 67 67 68 66 68 68 68 68 70 69 69 68 70 72 71 73 75 76 77 68 69 69 70 71 72 72 72 71 70 68 70 70 65 68 72 73 72 75 76 81 82 84 84 85 87 86 89 88 88 87 85 84 83 81 75 78 72
