Climate/data/grids_germany_multi_annual_precipitation_1981-2010_08.asc
NCOLS 654
NROWS 866
XLLCORNER 3280414.711633467
YLLCORNER 5237500.62890625
CELLSIZE 1000
NODATA_VALUE -999
[rows 312 to 363 of 866, columns 192 to 287 of 654]
76 75 76 76 75 74 74 77 77 78 78 79 80 82 83 85 90 92 89 82 83 80 80 80 80 81 81 81 82 81 81 83 83 82 81 83 86 93 97 94 92 91 86 84 84 83 79 80 79 78 77 75 73 74 77 78 81 83 80 78 81 80 84 84 82 77 74 71 70 68 70 72 76 71 70 69 70 70 69 70 70 69 70 69 69 69 69 70 70 69 69 67 67 67 68 67
75 75 75 75 74 74 75 76 77 77 78 79 79 77 79 80 80 80 78 79 89 83 90 90 88 87 86 83 84 82 80 83 85 87 81 84 91 89 89 87 85 84 83 83 83 82 83 81 81 80 80 76 75 74 74 77 80 77 78 79 79 78 83 86 89 84 80 78 76 72 71 72 72 69 69 70 70 69 68 69 70 70 69 70 69 69 69 69 69 69 68 67 68 68 68 68
75 75 77 76 75 74 75 76 78 77 77 76 77 78 78 79 77 77 78 78 79 81 85 87 87 87 88 88 89 87 83 82 83 82 82 87 89 88 84 83 83 82 82 82 82 84 86 85 85 86 81 79 76 76 76 77 77 79 79 79 80 83 86 87 79 80 79 79 85 79 77 72 72 69 69 70 69 69 70 69 69 69 69 68 68 68 69 68 68 67 67 68 68 68 67 67
75 75 78 78 75 75 75 74 75 76 77 77 77 77 78 78 77 77 77 78 78 81 85 85 85 84 82 85 88 89 89 89 86 83 82 82 88 85 85 85 84 82 84 84 86 85 87 87 89 86 88 85 81 77 77 77 79 77 78 81 86 84 88 91 78 75 75 75 79 75 76 75 71 70 69 69 69 70 70 70 69 69 69 68 68 68 68 67 67 68 67 69 69 69 68 67
75 75 76 76 76 74 75 74 75 75 76 76 77 76 76 78 77 77 78 78 80 81 84 85 85 82 82 82 82 84 86 89 98 89 90 85 92 90 92 88 87 86 85 85 86 89 90 90 92 92 89 86 81 82 78 77 78 79 78 80 86 86 89 90 77 76 73 74 74 74 72 72 72 70 70 69 70 69 70 69 69 68 67 67 67 67 67 67 67 68 67 68 69 69 68 67
74 74 76 75 76 75 77 74 75 74 75 75 77 76 77 77 78 77 79 79 79 80 82 85 84 84 82 81 81 83 85 83 83 84 84 85 84 85 84 87 94 94 92 91 88 86 88 91 85 87 92 89 88 82 79 78 77 80 77 78 81 83 80 86 75 76 75 75 73 73 73 70 70 70 71 70 69 69 69 68 69 67 67 67 67 67 66 66 67 66 67 68 68 68 68 67
74 72 72 72 72 73 73 74 73 75 76 76 76 77 78 78 81 81 81 81 83 83 81 81 82 83 82 81 81 79 79 80 81 81 81 83 81 82 80 81 79 81 84 82 81 87 86 89 87 86 92 91 93 83 83 79 78 78 77 75 78 77 79 76 79 77 76 74 73 72 72 71 70 69 69 70 69 69 70 69 68 67 67 65 67 66 66 68 68 67 67 67 67 67 68 68
74 73 73 73 72 73 75 77 78 79 77 80 79 79 79 80 83 82 79 86 85 83 83 81 82 81 81 81 81 81 81 81 81 81 82 82 82 82 80 79 78 78 77 78 87 87 82 81 86 84 90 90 89 89 87 85 82 78 78 77 77 77 77 75 79 86 78 75 74 74 72 72 70 70 69 70 68 68 68 68 66 65 65 65 65 65 66 67 69 67 65 66 66 66 67 67
73 73 74 74 72 73 75 80 82 82 80 81 81 83 84 80 85 86 80 86 85 83 81 81 81 81 81 81 81 81 81 81 81 82 82 82 82 82 80 78 78 77 77 78 78 79 79 77 77 81 85 83 90 93 96 88 84 78 77 76 77 80 79 75 77 80 87 78 76 74 72 71 72 71 69 67 67 67 67 68 66 65 64 65 65 65 66 66 69 68 66 66 66 66 66 67
73 73 74 76 73 76 76 78 81 82 83 82 84 85 85 83 89 84 78 80 83 81 85 89 84 86 84 82 83 81 81 81 81 82 82 82 83 83 79 78 78 77 77 78 78 77 77 79 78 79 78 77 84 95 95 85 81 81 77 77 76 76 76 77 83 85 85 90 77 75 74 72 71 70 68 67 67 66 66 65 64 64 64 65 65 64 65 65 67 66 65 66 67 66 66 66
74 74 73 79 74 75 77 79 79 81 84 85 86 90 88 85 87 82 82 81 82 83 85 87 90 93 93 87 85 84 83 82 81 81 83 85 89 88 89 80 77 77 77 77 77 76 76 78 78 76 77 78 81 88 92 90 83 80 78 76 74 76 79 82 86 86 84 80 81 75 75 72 71 70 70 67 67 66 66 63 63 63 64 65 65 66 64 65 66 66 66 65 67 66 66 67
75 75 75 78 76 76 84 81 82 84 85 87 87 90 87 89 85 85 88 96 89 85 88 91 87 88 88 91 89 85 85 84 82 81 82 86 91 93 94 90 79 78 77 77 76 76 76 75 78 77 81 80 81 80 82 82 78 78 76 74 75 75 76 77 78 80 84 85 77 83 76 73 72 71 68 69 69 68 66 63 63 63 64 66 67 67 66 65 67 69 66 65 67 67 67 67
74 74 74 76 79 75 82 83 89 88 85 86 85 84 84 86 84 84 90 97 90 87 87 91 90 91 95 91 96 89 86 83 81 81 83 86 91 91 87 88 86 79 78 76 76 76 75 74 75 81 78 79 83 82 79 78 77 76 76 75 76 77 76 76 77 78 78 78 77 85 82 82 74 72 71 69 68 66 65 64 63 63 65 71 76 69 66 66 69 71 67 66 66 67 70 70
77 75 74 76 76 77 81 81 84 85 83 81 84 84 84 84 86 87 86 91 93 91 93 91 94 90 93 97 96 91 87 84 83 80 83 83 91 91 85 83 81 80 78 77 76 75 75 74 74 77 76 77 83 80 84 83 78 76 75 75 76 78 77 74 74 76 77 81 86 85 84 87 78 74 71 70 67 66 66 64 65 65 67 66 74 73 69 68 69 73 69 67 66 66 68 70
75 78 78 76 77 77 79 80 84 83 86 85 82 82 85 84 86 87 86 88 93 91 90 90 97 99 93 93 96 91 88 87 82 83 81 83 88 88 90 86 91 88 82 78 76 76 75 74 74 73 74 74 77 80 78 83 76 74 74 76 78 78 77 77 76 76 75 78 84 90 88 83 84 73 69 69 68 65 66 65 67 67 67 70 72 73 73 71 69 72 68 68 67 66 67 68
76 76 78 76 75 76 77 80 87 81 81 81 80 81 86 86 88 91 94 89 93 91 91 91 93 100 97 92 91 95 88 82 84 82 81 81 84 85 94 93 89 86 82 80 78 77 76 76 74 72 71 72 73 75 81 77 75 75 77 75 75 76 76 78 76 75 75 77 79 84 80 77 77 71 68 67 66 66 65 65 65 68 67 68 72 73 72 75 71 72 68 68 69 68 67 67
76 75 75 77 75 75 77 78 80 84 80 79 80 83 85 86 90 91 94 97 92 90 94 94 90 96 98 93 88 95 84 82 83 79 81 81 81 87 93 93 87 83 87 85 82 79 77 75 78 77 73 73 73 74 75 75 75 76 73 74 74 76 78 84 86 75 75 74 74 76 75 72 72 71 68 66 66 66 66 66 67 66 67 68 70 72 73 71 77 71 70 69 68 68 67 66
77 76 76 75 76 76 75 76 78 82 79 79 83 83 85 87 88 93 94 93 95 95 94 92 92 92 91 90 90 93 89 83 84 81 82 82 83 86 90 88 89 85 87 87 85 83 81 79 78 81 76 73 73 74 74 74 74 77 79 76 74 74 77 92 86 86 78 75 74 74 73 72 70 69 68 66 66 66 66 66 66 65 68 68 69 73 73 74 69 72 69 70 70 70 70 68
76 76 75 75 75 77 76 75 76 77 77 78 85 87 89 90 89 88 87 89 94 95 96 96 93 96 96 91 91 90 86 90 86 85 79 84 82 87 88 89 86 86 86 86 83 81 83 83 81 77 75 73 73 72 74 74 76 81 81 77 75 74 77 92 84 79 77 75 75 75 73 73 71 70 68 67 66 66 66 66 66 66 66 68 68 70 75 73 74 71 70 74 75 74 73 71
77 74 75 76 75 76 77 78 76 76 77 79 83 86 91 89 89 85 85 87 91 96 96 94 97 97 94 92 90 94 88 90 89 85 83 82 87 88 87 86 86 83 83 85 85 81 81 84 85 83 74 74 74 73 73 73 74 79 82 78 76 75 76 83 85 81 77 77 76 75 73 74 73 70 70 69 67 65 66 66 67 67 68 68 69 68 69 71 73 75 72 72 73 77 80 74
74 74 75 76 76 76 77 79 77 77 77 78 81 81 83 90 90 87 86 87 91 92 90 99 97 97 94 95 94 99 95 92 87 85 82 82 85 86 87 87 84 84 82 80 81 81 81 79 75 75 75 77 73 73 73 73 74 76 78 78 78 76 75 80 91 83 78 77 78 77 76 75 74 73 71 69 67 67 67 67 67 67 68 69 70 70 70 69 70 72 72 76 74 77 82 76
74 73 74 75 76 76 77 78 79 79 78 78 78 80 82 85 90 89 87 86 88 90 92 93 99 99 101 93 91 93 95 93 91 86 85 84 86 87 87 85 86 88 89 88 83 82 80 78 76 75 75 74 73 73 73 74 75 77 77 78 81 78 77 79 80 87 78 78 81 84 84 81 77 73 70 69 69 68 68 67 67 67 69 70 72 73 72 70 70 70 72 73 75 81 78 69
73 73 72 74 75 75 76 78 79 79 78 79 79 80 81 82 85 87 88 88 89 90 94 94 97 94 97 88 89 88 96 95 93 90 87 91 93 97 92 93 94 98 91 91 88 86 84 81 79 76 77 77 74 73 73 76 74 74 77 79 78 83 78 77 79 84 83 77 78 82 91 93 84 75 72 71 71 74 70 68 68 69 71 80 79 74 74 72 72 71 70 70 72 74 72 73
73 70 70 73 75 75 77 77 78 77 78 78 80 80 81 83 85 85 87 88 89 90 96 102 96 91 95 86 86 88 89 91 92 90 88 91 92 95 90 91 93 93 94 94 94 91 90 90 84 86 81 78 75 74 73 71 75 78 76 77 77 76 79 78 75 78 87 81 77 80 86 91 89 83 74 72 72 72 75 69 70 71 75 83 83 79 83 76 75 72 70 69 70 71 73 71
73 72 72 74 75 75 77 78 77 78 79 79 79 80 81 83 83 85 84 86 87 86 88 89 90 88 85 85 85 86 84 86 87 90 89 88 91 92 90 92 91 91 95 97 96 94 93 98 88 85 82 76 75 75 73 71 71 72 72 72 73 75 74 74 75 75 81 87 79 78 79 83 81 83 77 73 73 74 76 72 70 72 78 86 85 85 83 82 78 76 71 70 69 68 69 68
74 74 74 74 76 76 78 78 77 78 79 79 80 79 80 82 83 83 84 85 85 85 85 86 87 87 84 83 83 82 83 85 85 91 93 90 92 93 89 92 95 99 100 103 97 96 93 93 94 92 86 76 78 77 73 72 71 73 72 74 72 72 74 74 75 75 81 90 78 76 77 77 77 79 81 84 76 74 75 81 71 70 75 81 85 81 81 78 81 80 72 70 70 69 69 69
76 76 76 76 76 78 78 80 79 79 78 78 80 80 80 79 81 82 83 84 85 85 85 83 83 83 85 84 84 82 83 82 83 87 88 92 89 96 93 96 98 99 95 104 101 99 97 91 85 84 80 77 82 77 75 72 71 71 71 73 73 72 72 74 77 77 77 81 79 77 77 76 80 79 78 82 84 77 74 75 76 71 72 75 84 84 77 80 81 79 75 72 70 69 68 70
79 79 78 79 80 80 79 80 80 79 80 79 82 81 81 80 81 81 83 84 85 85 85 84 82 83 84 85 86 87 89 82 82 83 87 86 86 92 89 93 87 90 94 101 103 102 102 93 87 80 76 76 84 78 74 72 72 71 72 78 80 75 73 74 76 75 76 78 85 78 78 76 77 80 78 80 84 87 77 75 74 73 73 74 80 84 80 76 77 80 77 71 70 70 70 74
82 81 81 81 81 80 82 83 81 81 80 79 80 83 81 80 81 82 83 84 88 89 86 85 83 85 85 87 89 92 89 84 81 83 84 83 85 90 87 88 90 93 93 95 98 94 90 87 90 84 78 77 79 79 77 74 73 71 72 73 73 78 77 81 75 75 74 75 82 85 79 78 77 78 79 79 80 84 81 76 75 76 75 74 81 81 76 73 74 78 77 72 70 70 72 73
83 84 84 84 83 84 83 83 82 81 80 81 79 79 80 80 81 83 83 84 87 88 89 87 83 83 84 84 85 86 88 83 83 81 80 82 84 86 84 94 95 89 88 86 86 88 87 84 82 76 75 77 80 80 77 75 77 72 72 72 71 72 72 75 81 75 73 74 77 84 87 81 79 79 79 78 77 78 82 78 74 78 75 74 76 79 85 79 75 74 80 74 71 70 71 75
88 89 87 86 86 85 85 85 82 82 82 81 83 79 79 79 81 82 86 86 86 87 87 86 84 83 82 84 82 84 83 83 82 82 82 81 83 85 86 92 93 86 88 84 82 81 79 77 76 77 83 76 79 80 78 80 78 75 78 73 74 74 72 72 72 78 75 75 76 78 83 85 79 81 80 78 78 76 75 78 78 76 75 75 74 77 75 77 78 78 79 79 75 72 73 77
93 91 93 91 90 88 87 85 84 84 83 83 83 81 80 82 81 81 87 87 84 86 89 84 82 86 82 82 82 83 81 80 83 85 86 84 84 85 87 89 92 92 92 83 80 80 78 81 84 81 83 83 86 84 81 84 84 76 80 73 76 77 75 74 82 74 75 75 76 76 79 91 83 81 83 82 81 82 78 76 80 79 76 78 73 77 77 74 77 82 81 83 78 75 73 74
88 91 94 94 93 91 90 87 88 85 84 83 82 82 81 82 82 82 84 85 85 86 85 85 82 88 84 82 83 80 83 84 85 83 80 87 87 87 92 87 86 87 92 83 80 80 88 90 86 86 89 86 87 85 83 80 81 81 80 76 78 78 71 75 84 80 75 76 76 75 77 84 88 83 87 91 87 82 82 79 75 81 77 77 77 72 76 76 75 77 76 85 82 79 76 75
87 88 91 95 93 95 90 87 89 88 87 86 84 83 82 81 82 81 81 82 85 88 86 82 83 83 84 84 82 80 80 84 82 81 79 81 83 87 96 88 87 85 81 84 78 82 80 87 88 89 87 86 85 83 84 84 81 81 82 78 78 82 71 77 89 83 83 76 77 76 77 79 88 87 90 90 85 82 77 78 82 81 83 82 77 76 71 77 74 76 73 78 77 81 76 75
86 86 89 89 92 93 96 91 90 88 87 87 85 85 83 82 82 81 81 82 84 85 88 86 85 85 86 84 85 81 79 79 81 79 82 83 89 84 90 86 90 85 84 85 79 82 87 84 84 87 89 89 86 84 85 83 82 83 79 82 83 79 72 87 87 80 82 83 78 76 77 80 82 90 89 93 85 83 86 86 86 87 83 81 76 76 75 69 73 77 78 72 76 75 77 77
85 86 87 88 87 90 91 93 99 93 91 87 87 87 86 85 84 82 82 82 86 86 87 85 85 85 88 85 83 82 81 81 79 80 80 84 84 84 91 82 82 83 78 78 81 81 79 84 85 86 87 87 80 81 86 85 84 82 78 79 79 78 71 86 91 88 90 85 85 82 81 78 80 82 89 86 92 89 83 95 88 89 88 79 80 84 78 76 71 69 74 72 71 73 74 77
84 85 86 87 87 86 89 90 90 93 94 88 90 88 88 87 85 86 85 83 82 85 86 85 90 89 89 84 84 82 80 80 79 79 79 82 86 83 83 80 80 79 78 77 81 84 81 82 83 83 86 86 84 80 81 82 85 82 80 73 73 73 72 76 82 86 92 91 88 81 80 80 81 82 83 87 95 86 82 86 85 86 86 83 78 81 88 73 70 69 73 76 76 73 77 75
84 85 85 86 86 87 87 89 88 89 89 90 92 92 87 89 88 86 87 86 84 85 85 86 88 89 90 87 86 83 81 81 80 82 82 82 84 83 81 85 83 88 83 80 78 81 78 79 81 80 84 84 81 82 82 84 74 82 73 75 81 85 81 76 82 84 84 88 87 82 83 87 82 80 81 83 87 93 92 90 84 91 88 85 84 78 78 81 78 71 69 71 74 78 73 74
83 84 85 84 86 86 87 87 87 86 88 89 91 93 98 94 99 90 87 87 88 86 87 87 89 92 93 90 89 86 84 83 82 84 88 86 81 82 85 91 92 92 89 82 80 79 80 79 81 82 84 84 83 84 82 82 75 75 75 73 81 85 84 84 85 81 79 81 88 85 87 92 86 80 81 81 83 88 92 92 86 84 86 90 91 82 77 81 86 79 72 72 79 79 74 74
83 83 85 85 86 86 86 86 87 88 88 90 91 92 95 98 94 91 90 87 87 89 86 89 91 90 91 88 88 86 85 83 83 82 83 80 81 85 85 90 95 97 97 86 80 78 82 83 87 86 85 81 80 81 80 78 76 75 75 73 80 82 77 78 74 76 77 79 81 85 84 86 91 83 79 76 78 81 84 87 88 89 86 86 91 85 78 77 81 86 76 68 74 74 79 75
83 83 84 85 85 85 87 86 86 87 88 88 90 92 95 101 98 100 90 89 88 88 89 90 90 91 90 87 86 86 84 82 82 82 80 82 81 83 85 85 90 95 97 94 86 79 86 84 83 82 78 79 79 79 77 79 76 78 79 80 80 82 75 75 75 75 76 78 81 80 82 82 89 85 78 82 78 78 78 80 81 83 84 86 89 82 76 76 76 79 84 69 70 73 73 77
83 82 83 84 85 85 84 87 86 87 88 88 89 91 94 96 98 102 92 98 94 90 91 91 90 91 88 87 84 83 85 83 82 82 81 83 83 81 83 80 83 86 85 87 86 82 80 81 82 81 80 80 82 78 86 83 79 76 75 74 74 76 81 84 79 81 76 79 81 82 80 82 84 80 77 82 85 83 81 79 78 76 77 79 79 76 74 74 75 76 78 69 68 74 75 71
81 82 83 83 84 85 84 85 85 87 87 88 89 89 91 93 96 100 96 96 95 95 95 93 92 92 91 96 90 84 84 82 82 81 81 83 85 82 81 80 80 85 86 83 82 81 82 83 83 86 83 83 82 82 90 85 87 86 82 75 73 83 88 88 82 82 81 81 82 81 81 79 86 80 78 80 88 81 81 85 80 76 75 74 76 75 73 72 73 76 74 68 68 74 71 71
81 82 82 82 82 84 85 85 85 86 87 88 88 89 89 92 95 97 99 102 101 95 96 96 95 95 92 94 92 84 83 81 81 82 80 80 82 81 82 80 80 82 80 83 86 84 82 86 88 92 84 84 83 87 90 90 90 89 88 74 74 76 76 77 79 79 81 82 83 83 81 81 83 82 80 80 79 80 81 82 81 79 75 73 71 73 72 72 74 77 74 72 67 70 73 71
81 81 82 82 82 83 84 84 85 85 86 87 87 88 89 91 92 95 96 98 104 103 98 100 97 97 92 87 87 85 83 81 81 80 78 80 82 84 82 82 79 79 80 79 79 79 82 83 85 93 93 86 86 85 85 88 86 87 78 74 74 76 75 79 81 82 81 83 84 84 83 91 85 87 83 84 75 77 75 76 76 78 79 75 74 72 73 76 77 78 78 74 68 67 71 72
81 81 81 80 81 82 82 83 84 85 85 86 87 87 87 90 91 92 94 95 101 97 101 101 100 98 94 89 91 84 82 80 79 80 78 80 80 82 83 81 79 79 80 82 81 84 84 84 86 92 90 85 86 86 80 83 80 85 76 75 75 76 78 81 84 85 87 86 87 86 83 93 90 84 85 87 75 74 75 76 76 76 74 75 74 71 73 75 80 79 79 80 76 72 67 71
80 80 80 79 79 80 81 83 83 85 86 85 86 86 86 87 88 90 94 92 95 97 106 107 113 100 95 92 93 86 82 79 79 77 77 81 80 79 80 80 79 81 85 84 83 85 85 83 82 82 83 83 84 85 85 79 79 76 76 77 77 78 81 84 85 89 90 90 90 89 86 82 83 82 87 80 74 72 73 73 73 73 72 71 69 68 72 72 74 75 80 76 68 67 72 69
80 80 78 78 78 80 81 81 83 84 84 85 86 87 86 86 86 87 88 91 99 101 107 106 112 100 96 92 89 84 83 80 77 77 77 79 79 81 80 80 81 82 83 85 84 86 83 83 83 82 80 81 82 79 81 78 77 78 77 77 78 80 82 85 89 90 90 93 91 89 86 80 84 78 84 76 72 72 71 71 73 72 71 69 67 66 65 65 65 72 71 71 67 71 73 70
80 80 78 78 78 80 81 82 83 83 84 85 86 86 87 86 86 86 88 92 96 101 106 105 108 100 96 93 89 88 83 79 78 77 77 79 77 78 79 78 79 78 82 83 84 84 84 84 81 81 81 85 84 78 77 77 77 77 77 78 80 81 84 86 89 88 89 93 92 90 86 85 79 78 75 78 72 72 71 71 72 68 67 67 68 66 65 63 62 65 70 69 68 70 75 73
80 79 78 78 78 79 81 80 81 83 83 84 86 86 86 86 86 86 89 91 96 97 104 107 105 99 96 91 88 84 81 78 79 78 78 78 78 78 79 78 80 82 81 84 85 84 86 83 81 81 78 82 83 85 84 76 76 76 78 80 80 83 86 89 89 93 92 96 95 89 83 87 83 79 75 75 75 72 70 69 69 69 68 67 66 66 64 63 63 64 65 69 72 72 74 74
78 79 79 79 79 78 79 80 81 82 84 84 85 85 85 86 85 87 90 93 94 100 106 103 105 96 92 90 93 84 84 81 80 79 80 80 82 79 83 81 81 82 83 86 87 84 87 83 83 82 79 77 77 85 86 76 75 75 79 82 83 86 88 91 92 95 96 98 89 90 89 85 82 77 74 73 71 73 71 70 70 69 68 67 66 65 65 64 64 64 65 68 75 75 70 71
78 78 79 78 79 79 79 81 80 82 82 82 84 84 85 87 88 88 90 94 94 98 97 103 103 95 92 92 87 88 85 88 86 84 84 85 83 82 83 82 80 81 82 86 87 85 79 86 80 85 83 78 78 84 86 76 76 77 81 84 82 88 90 90 93 96 96 90 90 94 89 84 79 77 74 75 74 76 73 69 67 67 68 66 65 64 65 65 65 63 64 64 66 73 69 73
