Climate/data/grids_germany_multi_annual_precipitation_1981-2010_10.asc
NCOLS 654
NROWS 866
XLLCORNER 3280414.711633467
YLLCORNER 5237500.62890625
CELLSIZE 1000
NODATA_VALUE -999
[rows 510 to 560 of 866, columns 288 to 383 of 654]
102 102 98 100 100 96 93 86 89 79 72 67 64 61 63 62 53 54 56 54 53 52 58 55 58 57 60 60 62 63 60 60 63 59 57 60 63 69 62 66 58 63 63 64 62 59 55 55 54 61 60 62 66 69 72 71 70 75 71 70 71 74 67 67 66 65 79 71 78 81 89 83 85 92 94 102 104 107 91 109 108 109 107 97 110 107 94 80 85 89 86 95 91 94 87 90
99 101 106 107 105 101 96 91 82 74 71 65 64 62 61 64 61 53 53 51 52 51 51 53 56 53 54 54 58 56 54 56 57 57 61 62 65 65 67 62 59 58 64 64 60 61 59 59 55 56 58 61 62 67 69 71 74 75 70 72 71 68 68 67 68 69 71 70 71 73 75 77 93 103 107 95 104 95 97 107 112 111 114 107 96 91 93 81 90 81 93 91 88 91 91 90
101 101 105 102 99 95 88 89 86 77 71 71 65 65 62 64 63 60 55 53 59 58 53 50 54 52 52 55 51 52 55 55 54 57 58 60 63 65 69 60 58 58 62 66 65 63 63 61 61 64 68 61 61 63 65 68 68 68 70 67 71 67 67 67 67 71 73 69 70 74 79 81 85 94 103 92 94 101 107 107 103 103 113 101 90 90 87 84 91 85 89 93 82 88 85 89
100 93 103 102 99 93 80 77 81 77 70 64 66 65 64 64 63 57 60 54 54 57 53 49 52 54 54 57 55 55 54 54 55 57 57 57 58 56 56 60 60 58 60 66 63 62 58 58 57 62 64 70 64 60 62 64 64 65 66 66 67 67 67 67 69 69 70 70 75 79 81 80 82 83 88 78 86 86 97 107 108 99 103 104 86 85 94 86 76 84 89 88 81 81 83 83
98 89 95 94 99 95 89 78 73 70 67 66 67 64 61 62 63 71 62 60 57 58 54 51 49 51 54 53 55 58 57 57 58 57 57 58 57 56 54 54 56 57 62 67 65 60 60 58 60 61 66 67 65 62 61 62 63 63 64 64 63 64 66 70 71 70 68 71 74 75 76 78 77 80 76 80 77 84 95 104 104 86 91 95 97 89 92 78 85 89 86 88 81 90 87 86
105 92 87 86 95 89 87 80 70 69 67 64 64 60 63 61 63 66 66 61 55 54 52 50 52 53 57 58 57 55 55 58 57 57 56 58 58 59 57 54 53 54 59 61 66 64 61 61 64 65 62 64 67 66 68 61 64 61 63 63 63 66 66 67 69 70 70 70 75 77 78 72 72 75 80 80 74 79 78 87 88 87 89 95 87 88 82 85 89 88 87 90 84 91 87 86
98 89 88 82 81 80 75 70 69 68 68 66 66 63 62 59 59 62 59 61 60 55 53 49 50 53 57 58 54 54 57 54 54 54 57 58 56 54 53 53 52 53 55 58 76 70 60 61 61 64 64 63 65 65 65 66 68 69 65 64 65 66 71 73 72 68 71 71 74 77 81 74 70 71 78 78 72 78 80 82 80 84 89 96 89 84 90 79 80 89 86 82 88 89 88 85
92 90 86 81 78 74 71 69 69 68 69 67 64 63 64 62 56 61 59 57 59 53 50 50 52 55 55 54 53 54 54 55 57 54 57 57 54 57 55 52 52 52 53 55 61 57 57 57 58 63 58 61 61 63 66 63 65 68 68 64 64 69 70 73 73 75 72 75 73 73 78 77 73 68 70 73 75 71 79 80 77 79 79 86 89 87 88 80 88 86 92 80 90 90 88 89
101 90 90 86 76 75 75 71 66 66 69 72 67 64 62 61 58 57 58 59 53 52 51 54 52 54 53 52 55 56 58 57 57 56 54 52 52 53 53 52 51 53 55 65 71 60 56 53 57 59 56 56 57 60 63 62 67 69 68 65 66 65 65 66 69 73 75 73 77 73 80 76 75 70 71 70 77 69 71 71 77 81 80 86 87 78 88 72 87 86 90 81 89 89 86 87
92 89 88 82 80 85 77 72 68 65 67 64 67 63 59 58 57 62 54 57 54 51 55 55 53 50 50 52 56 56 57 57 58 55 52 52 51 52 52 51 51 52 53 65 74 60 55 50 54 54 56 57 55 57 57 60 63 64 65 67 69 67 67 69 69 70 74 78 72 78 73 78 79 71 70 73 68 74 77 73 72 80 83 71 73 77 78 78 85 90 87 81 80 88 80 83
89 95 92 92 91 87 75 71 72 65 63 69 68 64 59 63 59 58 55 53 52 51 55 55 55 55 53 50 54 57 58 57 55 55 53 51 51 51 51 50 50 50 52 60 58 53 53 53 52 53 57 57 57 56 57 58 62 62 65 65 65 66 68 69 71 69 71 74 75 77 73 77 79 72 68 72 67 71 78 77 71 69 69 70 70 72 75 83 72 76 86 78 77 82 85 79
92 92 91 91 88 81 73 69 70 69 67 64 68 67 65 60 58 55 54 54 51 56 54 55 55 56 54 54 54 58 55 53 53 54 50 51 51 50 51 51 53 52 50 51 51 51 52 52 52 53 54 53 54 58 59 59 57 59 60 63 61 60 62 67 68 70 74 77 78 71 78 78 76 76 69 68 66 71 73 70 76 69 67 69 69 69 70 69 69 69 78 80 86 77 76 88
92 88 84 81 81 83 81 78 76 67 66 62 61 67 61 60 57 56 57 57 52 54 53 54 53 52 52 51 55 58 55 57 50 52 55 54 51 51 51 54 55 55 51 52 53 51 52 52 52 53 53 53 53 56 56 58 58 59 59 60 62 61 62 61 64 63 68 71 76 73 75 67 72 74 72 67 65 66 73 77 68 69 66 67 68 68 68 68 69 68 72 77 82 78 75 79
81 80 78 77 80 72 81 76 69 69 68 61 63 59 60 58 58 55 58 58 55 51 50 48 48 51 51 53 58 55 54 55 51 53 53 54 54 52 54 57 53 55 54 53 53 53 54 53 57 58 53 52 52 56 58 55 57 58 58 56 58 58 58 61 61 61 63 67 70 74 68 73 65 72 72 68 63 70 73 75 68 66 66 65 68 67 67 67 68 70 68 70 78 81 73 72
78 72 74 77 72 70 76 78 77 75 70 65 63 65 59 55 55 56 52 57 51 55 53 57 53 53 54 54 57 55 51 54 55 55 54 52 50 50 53 54 57 60 57 53 54 55 58 57 55 58 57 54 53 53 57 57 59 56 56 57 57 57 57 59 59 59 62 64 67 71 72 64 65 72 69 68 63 71 71 72 65 65 64 67 77 66 66 65 66 65 68 69 72 79 68 70
83 77 69 71 76 72 71 76 74 71 70 66 63 60 60 57 54 53 52 51 55 58 55 59 55 50 51 51 52 54 55 56 56 54 52 51 50 49 53 53 54 60 59 54 53 58 56 54 56 54 55 54 53 56 61 61 62 60 57 57 56 57 58 58 59 58 59 61 62 67 68 68 65 70 64 71 65 70 70 63 65 63 63 65 65 65 63 63 66 63 66 66 71 75 68 67
80 79 72 68 71 75 66 74 66 75 66 67 65 61 59 59 56 53 52 58 59 55 59 58 54 55 53 51 50 51 53 55 54 52 49 49 49 52 54 57 55 55 55 55 53 59 59 55 54 52 52 54 52 52 52 58 59 61 57 54 55 56 56 58 58 59 59 59 60 61 62 63 61 66 64 64 60 67 61 61 62 61 63 64 61 62 62 64 64 63 65 64 67 72 66 68
79 74 70 73 69 76 73 65 70 75 67 67 65 65 60 58 53 52 52 56 60 60 61 57 55 55 54 52 51 53 51 52 52 51 48 49 49 49 52 51 52 51 53 55 55 57 60 56 54 52 53 51 54 51 53 54 52 56 57 54 53 55 59 60 59 58 58 60 59 59 58 58 58 59 59 60 59 59 62 71 63 62 62 63 60 60 60 64 63 62 61 65 64 69 68 66
72 72 69 66 65 66 70 72 64 73 66 60 66 66 60 55 53 53 56 57 56 59 60 61 60 59 53 54 53 53 52 51 49 51 48 48 48 48 51 52 54 56 52 52 54 55 54 53 53 55 53 50 50 50 47 49 50 53 57 53 55 58 58 63 59 58 58 59 59 58 58 57 56 58 59 60 59 60 60 65 66 68 62 61 59 59 61 63 62 60 61 63 67 64 67 65
79 72 71 69 68 71 65 65 68 70 59 60 57 58 56 56 53 54 57 59 59 63 62 60 60 59 59 55 56 52 50 48 49 48 49 49 48 48 49 50 56 56 52 51 53 54 53 52 53 53 51 50 49 50 45 45 48 53 52 54 56 55 57 60 63 62 60 60 60 58 57 57 55 56 59 60 60 61 62 66 66 67 69 66 65 60 60 62 61 60 61 63 64 64 64 64
75 73 72 72 72 76 73 73 61 63 60 63 65 60 57 55 55 55 60 61 62 61 61 59 59 58 58 57 58 54 54 51 51 50 48 48 49 49 49 50 51 51 53 53 53 55 55 55 51 52 52 54 54 47 44 38 43 52 53 54 56 59 62 61 62 62 65 64 63 61 58 56 57 57 58 57 59 61 64 63 63 64 62 62 63 63 60 60 61 61 63 65 64 72 73 71
74 73 70 69 70 76 69 62 62 62 67 70 69 66 61 57 63 60 61 63 63 62 59 57 57 55 56 55 53 53 52 52 50 55 51 51 50 50 50 54 54 51 53 55 57 56 55 56 55 54 56 57 54 50 45 42 45 49 53 54 52 56 59 61 61 61 66 68 66 68 62 59 58 60 65 63 62 63 65 65 66 64 62 63 64 67 66 61 61 60 62 63 63 73 66 67
78 72 67 69 68 71 72 63 67 73 70 71 69 66 61 58 56 62 63 64 62 62 58 54 54 54 53 55 54 53 52 51 51 55 58 53 52 51 51 53 54 53 53 54 55 58 56 54 54 55 53 52 51 53 52 45 47 48 52 55 52 55 61 61 61 59 62 67 66 66 67 61 64 70 67 63 65 65 63 68 65 63 64 67 68 64 65 62 60 60 60 62 63 73 71 74
77 73 66 71 67 68 68 63 62 70 68 68 69 64 63 59 57 62 65 63 62 61 57 54 54 53 52 54 54 53 53 52 52 53 58 62 57 53 55 55 55 53 52 55 58 56 56 54 53 53 52 52 50 53 51 50 48 47 53 53 54 54 59 58 60 58 66 63 66 68 68 62 63 67 63 62 62 62 62 65 65 65 63 64 66 64 66 68 60 62 61 62 63 74 74 72
74 73 66 65 62 61 67 60 61 68 67 69 67 65 66 67 59 60 61 59 61 57 54 54 53 55 54 55 54 55 54 56 54 55 61 63 60 63 59 54 55 54 55 54 55 56 55 55 53 53 56 56 53 50 50 50 50 49 49 53 57 57 59 60 60 60 60 63 65 68 65 63 61 63 67 64 62 60 62 63 63 63 64 64 66 64 63 62 61 67 70 63 71 72 76 71
69 72 70 67 70 67 67 58 57 58 64 66 65 65 64 67 62 61 60 61 54 54 56 54 54 54 56 56 59 56 56 56 56 61 66 65 64 62 60 56 59 58 54 53 54 57 55 57 56 59 54 57 58 53 55 55 54 55 55 53 52 57 57 57 55 58 63 64 64 67 64 63 59 62 65 63 57 62 60 63 62 61 61 61 65 64 63 67 63 61 65 68 73 71 73 74
68 70 70 69 69 71 64 59 59 64 63 62 70 68 67 65 61 63 61 59 54 61 58 56 54 56 57 57 57 59 59 59 59 64 66 65 64 61 56 56 58 55 55 55 54 59 59 61 57 57 57 57 55 54 54 55 57 57 57 57 53 54 55 56 61 57 64 64 62 63 64 61 58 60 58 57 61 61 60 58 58 58 60 60 62 64 62 64 60 59 66 70 68 70 68 71
67 68 69 67 67 66 66 57 61 58 59 58 59 65 66 64 61 61 62 55 59 58 58 56 55 58 57 56 58 57 56 56 56 66 64 67 60 56 55 54 54 56 55 56 55 57 59 60 59 59 60 56 57 56 56 57 54 57 57 58 55 53 54 57 58 62 63 63 62 67 63 61 59 60 63 62 64 60 58 59 58 58 59 60 59 62 61 61 61 58 62 62 63 62 62 62
66 68 67 66 69 68 63 59 59 63 62 58 63 67 66 64 61 59 61 57 57 61 59 56 56 58 57 60 61 56 52 54 57 58 56 65 60 58 54 52 54 54 56 55 54 58 59 60 58 60 58 59 58 57 58 58 56 56 60 58 57 56 54 55 59 58 62 61 60 62 60 60 57 61 63 61 61 61 59 57 56 59 59 60 61 59 59 59 58 58 59 60 60 60 60 60
66 68 66 65 67 65 66 61 59 59 59 63 64 64 64 62 60 56 60 58 55 56 56 56 57 57 56 57 56 53 52 57 58 58 57 61 68 63 56 55 54 55 55 56 56 62 58 59 59 60 57 66 66 62 62 59 58 58 56 56 60 56 54 54 57 63 61 59 59 60 55 55 59 57 58 60 64 63 59 58 57 62 58 57 60 59 59 58 57 56 63 61 57 57 59 61
66 69 67 67 68 65 61 58 56 61 65 63 63 66 66 60 60 58 57 56 59 54 57 57 56 56 59 57 54 56 55 57 56 55 57 61 64 64 62 58 55 56 58 58 61 59 58 59 59 58 59 59 58 59 59 61 57 57 55 54 58 56 54 56 63 63 61 58 59 56 54 55 58 59 62 63 61 60 56 56 57 56 57 59 58 58 60 58 55 56 57 57 59 59 59 60
70 70 67 68 67 67 62 57 56 64 59 64 61 65 66 62 60 59 61 56 57 60 53 54 54 54 55 58 53 55 55 55 55 56 55 55 56 56 66 60 58 56 56 55 59 56 59 62 60 58 57 57 56 57 56 64 66 63 59 58 56 56 54 54 59 63 60 59 58 55 53 56 59 60 60 62 62 61 57 57 57 56 55 56 57 56 58 59 55 56 56 59 63 62 60 63
68 66 64 66 63 64 64 58 55 61 59 63 60 65 63 64 61 61 59 57 60 57 54 57 59 60 59 56 55 56 57 56 56 56 55 55 55 55 56 65 66 58 56 55 56 58 60 64 61 61 60 60 64 57 56 61 63 67 60 58 58 54 54 53 55 61 58 55 54 50 52 54 60 61 63 60 57 61 57 56 55 54 55 55 58 54 54 55 56 58 58 65 63 63 62 63
63 65 64 61 61 62 56 61 55 58 60 60 64 63 63 62 62 61 60 57 60 59 56 55 59 60 60 59 59 59 58 55 56 58 58 56 55 55 54 66 67 58 57 55 57 59 61 62 61 61 62 57 57 58 55 57 57 66 61 56 55 55 53 55 54 56 57 51 51 50 52 55 58 60 61 57 57 58 55 55 55 55 55 55 55 54 54 55 55 58 58 61 64 62 64 63
61 63 60 54 54 59 60 53 68 57 61 63 62 62 60 62 61 62 61 59 61 57 56 60 56 59 59 59 57 59 62 59 57 56 56 57 57 56 53 56 53 56 57 57 55 55 59 58 58 57 60 54 54 56 56 56 59 60 67 58 57 58 54 54 53 54 56 48 47 50 53 56 59 66 59 58 55 55 56 57 58 62 60 58 56 57 56 57 59 54 55 57 57 58 60 62
57 59 55 58 54 57 65 64 64 61 62 63 61 61 62 60 62 62 61 61 62 59 59 61 60 59 60 60 60 60 60 61 60 56 56 55 55 58 54 56 54 53 55 61 58 58 59 55 55 54 54 59 59 57 55 55 58 59 68 66 66 64 60 54 53 51 52 47 50 48 48 57 60 62 59 57 55 55 58 56 58 68 61 59 58 58 59 61 58 57 55 55 55 57 57 58
55 56 55 57 57 62 59 65 66 65 62 61 61 60 61 59 63 62 63 63 65 61 63 60 62 62 62 62 60 60 62 60 61 60 61 58 57 58 57 55 54 54 55 57 61 62 61 62 57 57 58 60 59 59 57 55 59 59 58 59 69 65 57 57 54 50 49 47 48 47 53 53 56 55 58 53 55 57 58 64 58 58 59 67 62 58 58 63 61 59 63 58 55 55 57 60
54 54 60 64 66 56 61 65 60 65 60 62 60 61 58 60 60 62 62 64 64 64 65 64 62 62 63 62 63 62 62 62 62 61 59 61 59 56 58 56 55 55 54 54 60 63 60 61 59 60 60 61 60 59 58 56 56 57 59 60 69 65 56 55 56 51 49 47 49 49 52 54 55 54 56 55 55 58 62 64 68 62 57 65 65 62 59 64 64 59 58 58 59 59 57 57
55 65 60 64 65 64 64 58 62 65 62 60 60 58 58 57 59 64 64 64 59 64 63 61 66 65 64 64 65 62 60 60 60 59 58 61 60 59 58 56 55 55 54 56 61 65 64 62 61 61 61 59 60 59 58 59 61 59 57 58 67 64 60 56 53 52 54 55 50 49 56 54 53 54 53 55 55 58 63 69 70 60 60 59 59 62 62 61 60 61 64 60 59 60 59 59
56 60 62 62 65 63 62 63 60 63 59 60 58 58 57 59 59 60 61 63 58 62 60 65 65 66 63 63 63 63 63 61 62 62 60 59 61 58 56 56 55 55 56 57 62 65 62 63 61 63 61 60 59 59 61 61 65 60 60 57 61 62 62 64 54 52 54 57 54 54 55 53 51 52 53 55 56 63 68 70 64 64 62 60 60 63 63 62 65 71 76 69 62 63 68 66
59 63 63 60 57 60 59 60 58 63 62 59 58 57 58 58 59 60 61 61 57 60 63 65 64 61 64 59 64 65 63 62 61 60 61 57 60 58 55 54 56 56 55 56 61 68 71 68 66 64 70 64 65 67 67 63 59 58 57 56 56 56 60 64 55 52 53 56 56 56 55 54 52 53 54 57 60 68 68 64 66 68 70 67 68 67 69 69 73 74 71 70 63 64 66 70
63 62 60 59 55 56 57 57 60 59 61 58 56 55 59 56 59 60 59 58 59 60 62 63 65 65 63 65 66 65 62 61 61 63 61 59 56 56 57 56 55 55 56 57 62 71 71 67 67 65 66 64 65 61 59 60 61 60 61 57 57 65 63 59 54 54 55 59 59 58 56 51 54 54 55 55 57 61 61 58 62 64 75 72 74 72 72 72 66 72 70 69 64 67 70 68
63 61 60 56 55 59 55 57 61 60 59 57 56 54 58 56 58 59 57 58 58 59 60 60 61 60 58 65 61 65 63 61 61 63 64 62 59 56 56 55 55 56 55 56 59 64 64 72 70 70 69 69 68 63 63 66 60 58 56 56 55 59 63 62 56 53 55 60 57 55 55 52 54 54 54 60 64 63 59 64 65 65 74 75 76 75 70 74 69 68 70 65 71 69 68 67
62 60 56 58 59 58 56 58 60 58 59 55 56 55 55 55 55 58 55 58 54 58 61 57 62 60 61 63 64 58 60 61 61 64 63 65 63 58 56 58 55 56 55 58 59 62 70 63 69 68 71 70 71 68 65 70 63 58 58 64 55 56 61 63 55 55 62 62 60 57 57 54 54 55 56 59 63 72 65 62 63 69 73 74 73 75 73 69 70 74 64 71 74 74 74 75
63 59 59 59 60 59 56 60 60 60 55 55 56 55 54 54 55 55 54 55 55 57 60 57 61 54 64 61 59 62 59 61 63 61 66 66 63 60 59 59 55 55 56 58 62 60 62 66 68 67 65 70 68 70 66 65 61 60 58 57 56 57 57 60 58 54 57 62 61 59 57 53 54 57 62 64 72 73 75 67 64 67 76 75 75 73 71 70 68 73 71 72 72 68 73 72
61 57 59 61 60 56 55 58 60 57 54 56 55 56 55 53 54 53 53 52 54 53 57 58 59 57 55 60 63 65 62 62 64 64 58 59 60 60 59 57 56 56 57 58 64 60 60 64 64 64 66 67 67 67 64 66 68 68 62 60 57 56 57 62 59 58 57 56 59 59 54 54 58 58 59 61 62 70 73 73 66 72 76 74 73 71 73 71 71 66 71 63 71 71 72 73
58 60 60 60 60 58 58 60 59 57 55 55 55 55 54 53 52 53 52 52 53 52 50 51 51 57 58 63 64 63 62 65 66 63 61 56 62 57 60 58 57 57 55 57 58 58 60 66 64 63 63 63 64 64 63 63 61 67 62 59 59 55 57 59 63 59 55 58 59 56 54 54 58 60 58 60 61 67 71 75 73 74 74 75 75 76 73 73 72 70 66 71 72 71 72 71
56 60 58 58 60 56 58 58 59 55 56 54 55 53 53 52 52 52 51 51 50 50 51 53 53 52 58 61 62 65 62 62 63 63 61 60 60 57 57 56 59 57 57 57 60 57 64 64 63 61 57 58 61 63 64 60 60 58 58 58 57 57 57 56 57 58 55 59 57 54 54 59 58 61 59 59 63 72 76 76 72 67 72 73 72 72 73 70 70 69 71 71 71 71 71 72
59 58 57 58 58 55 60 60 59 58 54 54 54 53 52 52 52 51 50 50 50 52 52 55 57 51 54 58 61 61 60 59 57 59 59 60 60 56 56 55 56 57 56 57 63 57 62 63 61 61 61 59 59 62 62 61 63 62 61 60 58 60 57 58 64 57 55 57 55 55 55 60 60 58 60 60 67 75 77 68 70 65 73 75 72 70 73 72 73 69 73 73 73 72 73 71
57 57 58 58 54 58 61 57 56 56 56 52 52 52 52 52 50 50 50 50 50 51 52 52 55 55 52 56 59 58 57 56 55 58 56 54 55 55 57 56 57 57 55 54 57 55 55 60 62 60 59 57 60 58 60 62 61 70 68 68 65 60 58 59 65 58 56 56 55 55 56 58 58 60 60 61 62 68 65 66 63 73 73 75 73 71 72 72 73 72 72 72 72 72 71 71
56 57 58 54 57 62 60 59 57 55 54 54 52 52 53 50 50 50 50 51 52 52 52 51 54 54 55 54 53 54 52 53 53 52 52 53 53 54 56 57 57 56 56 55 55 55 54 61 60 60 57 59 55 58 60 62 62 62 62 59 61 62 56 57 61 59 55 55 55 55 58 58 58 61 61 62 61 62 61 61 69 70 72 74 74 71 72 73 73 73 71 71 72 72 72 72
