Climate/data/grids_germany_multi_annual_air_temp_mean_1981-2010_05.asc
NCOLS 654
NROWS 866
XLLCORNER 3280414.711633467
YLLCORNER 5237500.62890625
CELLSIZE 1000
NODATA_VALUE -999
[rows 656 to 696 of 866, columns 188 to 281 of 654]
151 151 151 150 149 148 146 144 144 147 142 142 143 144 142 141 144 144 143 141 142 142 144 144 142 142 143 144 143 143 143 142 142 142 143 144 143 143 143 144 144 145 146 147 148 147 149 149 143 145 147 144 147 146 144 147 145 143 139 139 141 143 143 142 144 141 133 138 135 136 141 137 135 131 128 128 127 126 131 126 129 132 134 133 138 138 141 138 139 131 132 139 131 129
151 151 150 150 148 150 149 146 145 146 144 143 143 142 143 142 142 143 141 142 142 143 143 144 142 143 144 143 143 141 143 143 142 144 145 143 145 144 145 145 145 145 146 147 147 147 149 149 148 145 145 146 147 147 147 147 145 143 142 139 141 143 143 142 141 142 141 138 132 132 139 141 138 133 136 132 127 127 131 129 125 134 135 135 135 137 132 131 136 131 131 132 137 131
151 151 151 147 146 146 148 148 148 146 145 144 143 142 144 142 144 144 142 142 143 144 142 144 145 144 144 143 142 144 143 143 144 143 144 146 146 145 145 146 146 147 147 147 147 149 149 149 149 146 145 142 143 146 145 147 146 147 144 143 145 144 139 143 142 141 141 138 139 129 130 134 137 139 132 128 127 127 127 126 127 135 136 135 137 134 132 133 132 131 131 131 131 139
151 151 149 145 144 144 145 146 148 148 145 144 145 143 144 144 144 139 141 141 142 143 143 144 145 144 142 141 141 142 142 144 145 145 145 145 143 144 142 144 144 145 145 147 147 148 149 148 146 145 144 139 144 143 146 147 145 146 145 146 142 139 139 139 134 140 137 132 136 128 127 130 135 138 129 128 127 127 127 129 126 126 134 136 139 140 132 131 132 132 131 131 131 131
151 151 149 144 144 143 145 144 146 147 148 147 145 143 145 142 142 142 142 143 142 142 144 144 144 142 141 137 140 141 142 144 144 143 141 142 142 139 138 143 144 144 144 146 149 149 148 147 146 142 144 139 140 142 145 146 144 144 145 144 145 141 138 135 134 136 132 130 129 138 130 127 129 136 132 129 129 127 128 133 127 130 133 135 135 138 133 132 132 132 133 134 132 132
151 148 146 147 147 146 145 144 144 146 146 146 147 144 143 142 141 143 144 144 143 141 143 143 143 142 138 138 142 141 144 143 139 138 137 136 140 144 144 144 144 144 146 149 149 147 146 146 142 139 138 136 139 138 140 141 144 143 145 143 143 139 135 135 131 130 131 126 131 131 130 128 127 127 129 134 127 126 130 134 132 127 132 133 133 138 134 132 132 132 132 132 133 133
144 143 143 143 146 147 145 141 143 143 143 144 145 143 143 141 143 143 145 142 144 143 141 143 141 141 140 138 139 143 144 142 138 138 139 139 136 141 144 144 145 147 149 148 147 147 147 145 145 139 139 139 142 139 139 141 134 136 139 141 141 134 130 126 130 129 125 126 126 131 135 131 127 126 127 129 134 127 127 132 134 132 133 134 134 137 136 133 134 132 131 133 133 133
142 142 142 143 144 147 143 145 141 141 142 143 143 145 143 143 142 145 143 143 143 144 142 141 141 137 138 142 141 143 142 137 142 141 142 142 144 144 144 144 144 144 147 147 147 144 145 146 145 144 140 142 139 138 140 141 139 134 138 138 130 134 128 124 125 126 126 126 126 128 128 130 128 127 126 127 127 129 126 131 134 133 133 134 134 137 134 133 132 126 130 132 133 133
140 142 141 142 143 146 144 141 141 142 143 142 143 145 145 146 143 143 143 142 141 141 141 137 137 137 138 140 141 140 138 142 142 144 144 145 143 144 142 143 143 143 145 147 147 146 142 144 144 140 141 143 142 142 140 139 139 137 132 135 129 127 128 129 121 126 127 126 128 125 128 129 129 127 128 127 126 127 126 132 134 134 134 134 134 136 134 133 131 127 130 129 130 132
147 146 141 141 143 145 145 143 143 142 142 140 143 141 142 144 143 144 143 142 144 143 136 136 136 137 139 140 139 139 140 141 144 145 144 143 145 143 144 144 143 143 149 149 146 144 142 141 140 141 141 144 142 142 142 140 137 136 133 130 129 129 127 127 122 126 125 126 127 128 126 128 126 127 127 127 127 127 128 132 134 134 134 134 133 136 138 132 130 129 129 130 128 128
142 144 143 141 143 142 144 144 144 141 141 140 141 141 141 144 143 143 142 141 142 138 137 139 138 141 141 141 138 139 143 143 144 144 146 145 146 146 146 146 144 147 147 147 145 144 143 142 140 141 143 143 143 143 142 137 134 133 135 131 128 126 133 126 128 123 126 126 126 129 126 126 126 126 127 127 127 127 132 131 133 134 134 134 134 134 139 134 131 130 130 132 130 131
141 142 141 141 142 143 145 142 140 138 138 138 138 139 141 140 142 143 141 138 138 137 140 138 141 141 142 141 144 144 145 145 145 144 145 144 145 145 146 145 143 148 148 146 148 143 143 142 142 142 144 144 142 140 140 138 136 136 134 128 131 126 131 128 130 123 124 121 125 127 127 125 126 126 129 127 128 133 127 126 133 134 134 136 135 136 136 132 130 127 130 128 132 133
143 142 142 140 142 142 144 142 140 139 139 139 139 138 139 139 141 140 140 140 136 137 134 139 140 140 139 140 140 142 142 143 144 143 142 144 143 144 144 145 144 143 144 146 148 144 144 143 142 144 144 144 143 140 140 139 140 136 132 135 128 130 127 130 133 125 125 128 122 125 127 125 126 127 127 127 128 133 126 126 126 130 131 136 137 139 135 133 131 127 128 129 130 132
143 143 140 140 142 140 142 143 143 141 139 139 139 140 139 137 140 134 135 136 135 129 134 132 136 137 138 138 134 134 138 139 140 141 140 137 140 144 144 144 144 147 147 148 146 144 141 143 140 142 142 143 143 140 141 141 139 134 138 133 130 128 128 130 130 127 122 132 126 124 123 124 125 124 124 128 127 133 127 127 126 127 131 130 129 138 130 135 135 129 126 130 132 132
145 142 141 141 142 140 141 141 143 140 143 139 140 139 141 140 138 135 136 136 136 133 136 134 134 134 130 134 133 134 132 128 137 137 134 139 142 144 143 144 146 147 147 144 145 143 140 140 139 140 141 142 142 142 143 142 142 141 136 131 126 124 128 124 134 130 130 128 128 126 125 122 120 125 124 126 128 131 132 132 129 126 127 127 133 137 138 135 132 128 126 128 131 131
143 143 141 141 140 141 141 139 140 142 141 140 142 142 141 141 139 138 136 137 137 135 135 133 133 136 133 134 134 134 135 131 132 133 137 139 142 143 143 143 143 142 145 142 142 141 139 139 141 139 142 141 141 143 142 143 140 137 138 135 127 130 127 127 135 127 129 133 130 127 128 125 124 127 124 122 124 128 126 134 127 128 130 125 135 136 137 136 135 126 126 127 128 130
141 143 145 140 139 139 139 138 140 141 139 138 138 139 141 139 140 134 135 137 136 137 137 136 136 132 137 139 139 140 141 140 140 133 137 139 138 142 143 143 143 142 146 143 140 140 140 139 140 141 143 144 144 143 144 138 140 137 132 127 126 127 125 132 131 135 133 129 136 129 132 126 124 129 124 127 124 125 131 132 135 133 128 128 128 135 135 137 132 128 127 127 130 130
140 142 141 141 142 140 139 140 138 141 138 140 137 137 140 133 134 135 136 137 138 139 139 137 137 138 137 134 133 132 135 140 141 138 136 140 141 141 143 142 142 142 146 147 142 140 140 140 141 140 142 144 145 145 143 141 133 133 138 131 132 131 129 132 128 135 136 139 137 134 133 126 127 131 126 129 128 130 131 128 133 135 129 133 128 130 133 137 136 131 127 128 127 126
140 141 140 139 138 139 138 138 140 139 140 137 139 138 139 139 139 137 136 136 136 138 138 139 135 137 140 137 138 140 130 136 144 144 143 143 143 141 141 141 145 147 148 146 147 146 147 142 142 142 141 143 145 144 140 135 136 137 136 137 135 136 133 134 133 132 139 139 135 136 137 128 132 130 131 131 128 125 133 127 129 136 132 133 130 135 134 135 138 135 131 132 129 129
139 141 141 139 139 139 137 137 136 135 138 137 137 138 138 136 137 135 136 136 138 137 136 135 138 140 141 141 143 141 139 141 143 144 143 143 143 141 141 141 141 145 147 141 148 148 147 142 142 144 143 142 145 140 140 140 138 138 139 138 138 139 134 133 137 139 136 132 126 131 136 135 135 127 135 133 126 131 127 136 133 132 136 135 135 135 136 135 138 136 130 127 132 128
140 142 143 140 140 139 138 135 135 135 135 135 137 137 131 137 135 134 136 138 138 138 136 137 137 137 136 134 137 142 144 145 145 143 145 144 142 142 140 142 145 145 148 142 141 141 144 144 146 146 143 143 146 144 141 140 139 138 139 137 138 139 138 137 139 139 136 130 125 127 123 125 134 135 135 131 130 133 137 138 134 129 130 133 135 130 137 138 138 138 138 130 135 133
141 143 142 141 138 140 138 135 135 135 134 134 135 137 138 139 139 138 137 136 138 140 140 140 139 138 139 141 139 141 143 145 143 144 143 145 143 142 141 141 141 140 146 141 143 144 147 146 146 146 146 146 146 141 142 142 139 136 138 139 139 138 138 138 137 139 136 130 127 125 123 123 125 125 128 126 134 136 137 132 128 129 128 132 133 131 129 129 131 137 131 136 131 133
143 144 143 144 142 142 141 137 136 133 133 133 137 138 138 139 139 138 138 139 140 138 138 140 141 140 141 141 142 142 143 144 144 145 145 146 146 146 144 146 146 148 146 145 146 148 148 147 146 146 146 146 146 142 142 141 140 138 138 139 140 138 138 137 136 140 137 135 134 129 124 123 122 121 125 126 127 134 135 136 130 128 129 130 133 129 130 131 135 130 134 131 132 137
145 144 141 142 137 142 141 135 135 133 132 133 135 135 136 137 137 138 138 140 140 138 138 138 141 141 141 142 142 143 143 143 144 142 143 144 144 144 144 146 147 147 146 145 146 148 148 147 145 145 144 142 142 145 142 140 139 138 139 138 141 139 139 137 139 139 136 134 136 131 125 123 124 123 126 129 127 127 131 132 132 129 131 129 129 129 130 131 131 130 130 130 131 133
145 141 141 140 139 137 139 137 133 133 132 133 133 135 134 133 133 134 140 140 138 137 138 139 143 138 140 142 142 140 141 140 141 142 144 143 144 146 147 147 146 145 144 144 145 148 147 148 145 146 145 144 142 142 142 143 140 139 139 138 140 140 140 138 137 137 137 136 135 133 132 123 119 123 124 128 125 127 129 128 127 123 126 125 127 129 129 129 127 128 130 131 131 130
145 142 143 138 141 135 135 133 133 133 133 133 131 131 133 135 139 140 138 140 141 138 142 142 143 143 144 145 142 138 139 140 141 144 146 146 147 148 145 145 145 144 144 144 145 146 146 145 144 147 144 143 141 140 141 141 141 142 141 143 143 139 137 137 137 137 139 137 137 134 131 126 122 123 123 121 122 126 122 125 125 128 127 128 129 130 131 129 128 124 126 130 131 137
141 141 140 138 138 134 135 132 134 134 133 133 133 134 132 133 140 134 134 139 138 141 139 142 142 142 140 142 145 145 142 145 145 146 144 143 142 144 142 144 144 143 143 145 145 145 144 148 148 143 144 143 143 142 141 140 140 143 142 142 139 139 139 138 138 139 137 137 138 137 137 134 126 125 125 124 124 122 123 125 127 128 128 128 123 124 130 128 131 129 124 131 129 131
139 140 138 136 136 135 134 135 133 133 133 132 132 135 138 139 135 129 131 134 133 135 135 136 138 138 140 141 146 146 145 144 144 142 142 143 147 146 142 143 143 144 145 146 146 144 146 148 144 143 143 143 142 141 140 141 141 143 140 139 140 138 138 138 138 139 138 139 137 135 134 126 125 125 127 124 126 124 126 124 128 127 128 130 126 126 129 130 129 128 126 125 127 130
141 136 134 137 132 134 133 131 135 134 133 132 136 135 135 135 133 131 132 134 135 135 136 137 138 138 138 138 141 141 142 142 140 140 142 142 143 142 144 143 142 143 144 144 144 144 145 146 148 147 148 144 144 145 143 141 140 141 141 139 138 139 138 135 137 138 137 137 136 134 124 127 125 129 129 123 128 123 127 124 128 128 129 129 125 128 124 129 129 128 128 130 126 126
142 141 138 135 132 134 134 132 132 134 136 136 135 132 129 132 134 133 135 133 133 134 136 136 135 141 138 140 140 140 139 139 139 140 142 143 145 143 142 143 143 142 142 142 142 143 144 143 143 144 148 146 147 145 144 143 141 141 143 140 140 139 138 136 129 137 131 129 130 130 126 137 132 136 132 124 129 125 127 124 127 129 129 128 124 128 130 126 124 131 131 126 127 127
142 140 139 139 134 133 135 138 139 138 139 133 132 131 131 130 133 130 132 130 134 134 135 134 140 138 137 138 141 140 139 137 139 141 140 141 142 141 142 142 142 142 142 142 143 143 143 143 144 144 147 148 143 144 146 144 142 141 140 141 140 140 139 138 131 129 132 134 131 138 138 139 133 130 128 127 128 125 127 126 127 125 129 128 128 128 130 125 128 131 130 127 127 129
141 135 137 136 133 136 138 135 135 139 132 130 130 129 129 133 132 132 129 129 131 129 132 134 136 135 135 137 141 142 136 136 138 139 139 140 144 141 141 141 142 143 142 142 142 144 143 143 143 144 144 147 144 142 143 144 143 141 141 141 141 139 139 138 132 134 134 132 129 136 140 138 132 127 125 129 129 126 127 126 128 125 129 131 130 129 131 127 126 130 129 127 127 127
139 138 133 133 133 138 133 133 137 131 134 127 127 127 128 129 131 130 129 131 131 131 134 139 135 138 138 140 141 138 136 137 139 139 140 141 144 141 140 141 141 141 141 142 143 144 145 144 144 145 146 148 144 143 143 143 144 143 140 140 141 140 141 134 137 136 138 132 140 141 141 135 131 131 127 124 128 126 128 127 128 125 131 132 129 130 132 128 128 128 134 128 130 127
135 135 132 129 129 133 129 137 130 128 131 137 131 126 126 127 129 127 130 131 131 137 131 132 132 131 135 136 136 136 138 138 139 139 140 142 141 142 141 141 140 140 142 143 144 144 144 146 144 146 149 143 145 145 146 142 143 141 138 140 140 139 139 140 134 136 136 135 135 137 141 138 138 133 127 126 125 128 128 128 128 126 127 130 132 132 131 130 128 128 129 130 128 128
130 128 132 137 131 133 125 135 136 130 129 129 132 128 126 126 126 128 130 131 135 131 130 130 131 133 135 138 141 135 135 137 138 140 141 141 139 140 142 141 141 140 143 143 144 144 144 144 146 148 146 142 143 142 145 143 140 139 131 137 141 133 133 136 137 137 136 133 133 133 141 139 136 132 132 132 128 127 127 128 128 128 128 129 128 128 128 130 132 129 130 130 134 129
124 135 127 130 118 119 126 127 132 127 124 125 137 126 125 124 126 128 130 132 128 130 131 130 132 134 137 135 137 136 135 137 138 138 139 142 140 140 140 141 141 141 143 144 145 146 145 146 147 147 145 143 143 142 146 142 141 140 140 132 132 137 128 133 137 137 135 137 133 135 142 142 137 133 130 136 130 134 129 128 127 127 130 128 129 128 128 131 129 132 134 132 134 130
122 135 124 118 122 119 120 124 135 137 125 124 126 135 135 130 128 129 128 130 130 129 129 130 131 132 133 136 136 134 136 138 136 138 140 140 141 140 140 140 140 140 144 145 147 147 146 150 147 144 143 142 142 144 146 143 143 142 143 133 138 131 126 128 135 132 133 138 141 137 140 142 139 137 133 139 134 129 136 131 128 131 128 133 131 131 135 132 131 131 131 131 132 132
134 119 119 122 117 118 117 119 117 127 137 122 122 126 125 129 129 130 129 131 128 129 130 131 132 130 131 132 132 133 135 135 136 137 138 140 140 142 143 143 142 142 144 144 146 145 146 150 144 144 144 143 143 144 144 146 144 144 142 143 136 139 134 133 132 132 130 132 139 142 137 140 140 141 138 140 138 133 139 134 134 135 134 135 131 134 136 137 132 132 132 135 136 134
130 118 114 115 115 116 114 115 118 126 135 123 123 123 125 127 135 129 131 131 129 132 129 130 129 129 131 131 133 132 132 133 136 137 138 139 141 142 142 142 141 140 142 145 146 144 147 149 149 146 145 144 144 143 144 144 146 146 146 145 145 145 144 137 135 132 138 135 136 141 142 143 142 142 139 140 136 136 138 138 137 139 138 135 138 137 132 133 132 136 133 134 136 132
122 116 110 110 112 113 114 116 120 122 124 130 124 124 126 128 132 132 132 130 129 133 132 129 129 129 130 131 131 132 136 136 136 138 139 141 141 142 141 142 141 143 144 147 145 147 150 150 150 147 145 144 144 144 144 143 145 145 146 146 146 143 142 144 144 143 142 141 142 143 142 142 143 143 142 141 138 131 133 139 137 139 139 133 140 137 136 137 133 136 139 140 136 140
123 122 125 111 113 115 120 119 119 119 121 135 128 124 124 125 127 130 135 133 132 129 127 128 130 130 131 132 131 133 136 136 136 131 137 139 141 140 139 141 138 139 143 142 143 149 150 152 149 148 145 142 142 143 142 144 143 145 143 144 144 136 133 141 141 142 142 142 142 141 141 139 140 139 143 143 137 137 137 139 139 142 142 142 141 132 134 138 137 139 138 136 136 135
