Climate/data/grids_germany_multi_annual_air_temp_mean_1981-2010_15.asc
NCOLS 654
NROWS 866
XLLCORNER 3280414.711633467
YLLCORNER 5237500.62890625
CELLSIZE 1000
NODATA_VALUE -999
[rows 561 to 611 of 866, columns 192 to 287 of 654]
104 104 104 104 104 103 102 102 102 101 101 102 102 102 102 102 102 102 102 102 101 101 101 101 101 102 102 102 102 102 102 102 102 101 95 95 93 94 95 95 96 98 97 96 95 97 94 94 96 95 93 93 91 89 85 89 91 90 90 90 89 83 84 82 80 81 88 93 87 91 89 93 91 87 89 89 88 90 95 90 90 90 90 93 92 91 90 90 92 90 89 88 88 87 90 91
104 104 104 103 102 102 102 101 100 101 100 101 101 102 102 102 101 101 102 101 101 101 101 100 101 101 101 102 102 101 102 101 101 101 96 98 97 96 96 95 97 98 98 98 98 97 96 96 93 90 90 88 85 86 83 87 84 90 87 84 83 83 80 78 78 85 85 94 91 93 94 92 87 86 88 91 89 89 95 93 91 92 92 88 94 92 94 90 89 88 88 87 89 88 89 90
103 103 103 103 102 101 101 100 100 100 99 100 101 101 101 101 101 101 101 101 101 101 101 101 101 101 101 101 101 101 101 101 101 101 101 98 98 99 98 98 99 99 97 96 96 97 93 91 88 88 84 87 90 88 84 86 86 88 88 86 78 78 78 80 80 81 85 90 94 94 87 91 87 87 89 90 91 89 90 93 95 95 92 89 90 94 90 87 86 86 87 88 89 88 89 92
103 103 103 103 102 101 100 100 100 100 99 100 100 101 101 101 101 101 101 101 101 101 101 100 101 101 101 101 101 101 100 100 101 101 101 100 100 100 100 99 98 93 92 95 94 97 95 92 85 88 84 82 87 83 82 81 82 87 81 83 83 79 80 84 83 82 89 88 94 94 91 89 91 88 88 89 91 90 88 92 94 95 95 89 90 94 92 89 87 88 88 89 88 90 89 92
104 103 103 103 103 100 99 100 100 99 99 100 101 101 101 101 101 101 101 101 101 101 101 101 101 101 101 101 101 101 101 101 101 101 100 100 100 101 100 98 95 96 92 94 93 92 94 94 95 92 89 85 86 82 82 85 81 81 81 79 81 79 82 81 85 84 88 88 94 94 92 87 89 89 90 89 90 91 89 89 93 94 95 91 92 93 90 89 88 88 89 89 89 88 92 92
103 103 102 102 102 100 99 100 100 99 100 100 100 99 100 101 101 101 101 101 101 101 101 101 101 101 101 101 101 101 101 101 101 101 101 101 100 100 100 97 95 93 93 92 93 96 94 92 89 92 89 86 85 81 85 84 85 81 86 82 85 82 82 83 82 87 84 87 89 94 94 87 88 90 89 89 89 90 90 89 89 89 95 93 90 92 94 89 87 90 91 89 90 92 89 88
103 102 102 102 101 100 100 100 100 100 100 98 99 100 100 100 101 101 101 101 101 101 101 101 101 101 101 101 101 100 100 100 100 100 101 100 100 100 100 97 96 96 93 93 95 95 92 92 86 93 93 88 82 83 83 86 82 82 88 84 85 86 81 81 81 82 81 82 84 91 95 88 87 89 90 90 89 90 90 90 89 93 95 94 92 91 92 88 89 89 89 93 88 87 86 86
102 102 102 102 102 101 101 101 100 100 99 99 100 100 100 100 101 101 101 101 101 101 101 100 101 100 100 100 100 100 100 100 100 101 101 100 100 101 98 97 96 94 92 90 92 94 91 89 86 88 90 85 82 85 86 85 84 84 85 87 90 90 87 86 78 80 82 84 84 91 95 88 89 88 89 90 89 90 89 89 89 92 94 95 93 89 94 94 92 92 90 92 89 89 86 87
102 102 102 102 102 101 100 100 100 100 99 100 100 100 100 101 101 101 101 101 101 101 101 100 100 100 100 100 100 99 99 100 101 101 101 100 101 100 97 95 97 92 93 92 88 92 92 89 85 85 84 84 83 82 83 84 86 84 90 89 87 87 92 88 80 80 82 89 92 95 87 89 89 88 88 90 88 90 89 89 88 93 91 93 95 91 93 89 93 92 90 85 85 87 86 87
102 102 102 102 102 101 100 100 100 99 99 99 100 100 100 101 101 101 101 101 101 101 101 100 100 99 99 99 100 99 100 100 100 101 101 101 100 100 100 97 96 94 90 91 87 88 91 87 88 88 87 81 82 85 84 83 87 89 84 86 78 87 87 89 82 81 88 92 95 89 87 87 88 87 89 90 90 89 90 89 88 89 93 93 94 95 89 91 89 88 88 87 86 85 87 88
102 102 102 102 102 101 100 100 100 99 99 99 100 100 100 101 101 101 101 101 101 101 100 100 99 98 99 99 99 99 99 99 100 100 101 100 100 100 100 98 97 93 95 92 92 84 84 86 88 85 84 82 82 83 84 85 85 82 83 80 79 85 87 91 89 82 82 86 94 92 88 88 87 88 89 89 88 89 90 89 89 89 90 94 94 95 93 92 92 87 87 88 86 88 87 88
102 102 102 102 101 101 100 100 100 100 99 99 99 100 101 101 101 101 101 100 100 100 99 99 98 98 97 98 98 98 98 99 99 100 100 100 100 100 100 98 98 93 92 92 86 87 84 85 92 84 85 82 83 82 83 84 84 81 79 83 85 80 81 89 92 90 84 87 90 96 89 90 87 88 87 89 88 89 88 89 87 88 90 90 92 95 95 91 89 92 92 87 86 88 87 90
102 102 102 101 101 100 99 99 99 100 99 97 99 100 100 101 101 101 101 100 100 100 99 99 97 96 96 95 97 96 98 99 99 98 98 100 100 100 100 96 96 95 95 91 88 87 86 87 91 91 86 82 84 84 82 82 83 82 76 82 85 86 80 81 90 87 93 87 88 94 89 90 91 87 88 89 91 89 90 89 90 90 91 90 92 95 95 94 95 88 88 88 86 90 88 87
102 102 101 101 101 100 100 98 99 99 98 99 100 100 100 101 100 100 101 100 100 100 99 98 97 96 96 95 96 96 97 99 98 96 97 96 100 100 100 97 94 93 93 92 92 93 87 87 88 91 87 84 84 84 82 82 80 77 82 78 79 80 85 83 82 83 88 95 88 91 93 91 91 91 90 91 91 91 91 91 91 91 91 92 94 95 96 96 89 87 87 87 86 89 90 88
102 102 101 101 100 98 99 98 98 98 98 99 100 100 100 100 100 100 100 100 100 100 98 96 96 94 94 96 97 98 98 98 96 96 96 96 95 100 99 98 95 93 93 91 91 90 88 86 89 86 85 85 85 90 86 83 78 82 83 80 79 80 80 82 86 85 86 87 95 90 96 95 91 92 91 91 92 91 92 91 92 93 90 93 95 96 96 97 95 91 89 89 92 89 90 89
102 102 101 101 99 98 98 99 98 97 99 100 100 100 100 100 100 100 100 100 99 100 100 96 96 93 92 97 97 96 96 95 95 97 96 94 95 95 99 99 93 94 94 91 89 89 86 86 91 89 85 85 86 86 86 83 78 83 85 81 80 82 82 83 84 89 88 89 89 96 93 93 94 93 91 91 92 92 91 92 92 92 91 91 94 95 95 96 96 94 88 90 91 91 90 90
102 102 102 101 99 97 97 98 98 97 98 100 100 100 100 100 100 99 100 100 99 99 100 97 97 95 90 92 95 95 93 95 95 98 96 92 94 94 96 99 99 93 95 93 89 87 85 91 91 89 87 85 92 84 85 81 77 83 86 83 82 82 83 84 86 86 89 92 89 95 96 95 94 93 93 91 93 92 92 91 91 91 90 91 90 93 90 94 97 93 91 91 93 91 91 89
102 102 102 100 99 98 97 97 96 97 99 99 99 98 100 100 100 99 99 100 99 99 100 97 97 93 91 91 93 93 97 94 96 97 99 94 92 95 98 99 99 97 96 90 86 87 86 88 92 93 93 93 87 86 82 81 78 80 80 89 83 84 83 85 86 88 90 88 91 93 97 94 95 92 93 95 95 94 94 92 91 89 89 93 90 93 92 93 97 94 89 90 92 92 92 93
102 101 101 100 97 99 98 98 96 97 98 97 99 99 99 100 101 100 99 99 99 98 99 97 96 94 92 93 93 93 95 98 96 95 100 93 94 94 95 99 98 93 92 92 88 87 87 94 86 85 86 90 89 84 84 85 83 82 80 83 85 84 88 86 86 89 88 90 91 93 97 96 94 91 93 93 91 91 92 92 90 90 89 89 92 94 94 91 96 98 93 93 93 93 93 92
102 101 100 97 96 98 98 97 95 95 96 98 99 99 100 100 101 100 99 99 99 97 99 99 98 96 91 93 93 92 93 95 99 100 96 99 95 95 95 99 98 95 91 88 89 93 87 95 87 85 79 86 82 86 85 85 84 82 85 83 84 90 91 86 86 87 87 89 89 92 97 96 92 94 93 92 90 89 90 91 90 90 91 89 91 93 91 93 93 97 96 95 92 95 93 92
102 101 100 99 97 98 97 95 97 97 96 97 99 99 99 100 101 100 100 100 98 96 97 98 97 96 97 93 92 91 94 98 99 92 96 94 100 100 97 99 97 98 96 94 92 94 95 93 92 88 81 82 81 83 86 86 88 89 83 88 85 86 94 88 87 87 88 89 92 97 93 96 93 91 91 90 90 90 92 91 91 92 90 90 91 89 90 90 92 95 98 95 94 95 93 93
103 102 102 101 96 100 99 97 97 98 97 98 97 99 100 100 100 99 99 100 97 96 96 97 97 91 96 92 94 97 95 96 97 93 93 95 97 99 100 98 95 96 96 95 94 95 96 90 89 83 81 87 82 86 86 90 92 90 87 86 86 88 88 95 90 89 90 91 92 96 93 94 95 92 92 90 92 92 91 91 91 92 90 92 90 92 90 92 94 95 98 94 93 95 92 92
103 103 103 101 99 100 99 97 95 97 96 98 100 99 99 100 99 98 98 99 96 94 93 95 93 93 96 94 96 99 100 100 99 95 92 94 97 96 100 98 97 96 92 95 97 97 95 90 89 88 88 89 89 85 88 86 89 86 92 92 92 92 95 90 88 89 91 92 93 98 96 94 93 95 92 92 91 92 92 91 90 93 93 91 91 93 92 91 93 95 98 97 94 95 93 93
103 103 103 100 99 97 99 94 97 98 98 99 99 97 99 101 97 97 97 99 98 96 94 96 93 94 98 96 96 98 94 94 98 95 92 93 95 97 100 98 95 96 91 92 94 94 94 93 86 88 90 86 90 87 90 89 90 86 84 95 93 87 89 96 89 90 91 93 92 94 95 98 94 91 91 92 91 92 90 92 92 93 90 90 93 92 92 92 92 93 96 98 97 98 98 97
103 103 102 100 98 94 94 95 97 97 98 98 99 99 100 100 98 97 98 97 95 96 94 91 96 97 97 99 95 93 92 96 94 92 94 93 95 97 100 99 96 95 93 90 91 92 96 95 92 83 87 85 92 87 90 91 93 91 96 96 96 88 91 95 91 91 92 93 93 96 96 97 93 92 92 91 93 91 93 93 94 91 93 94 93 92 93 92 91 93 94 97 98 98 98 98
103 103 101 99 96 94 94 95 94 97 96 97 97 99 100 99 100 99 100 96 93 92 92 92 97 99 98 99 94 91 93 95 95 93 91 93 99 97 99 100 97 96 93 91 91 92 94 92 89 84 91 86 89 92 94 93 94 94 98 97 96 92 98 98 93 91 93 94 95 97 98 98 93 92 94 92 94 91 94 92 93 92 92 91 91 93 93 93 91 91 93 94 94 96 98 98
104 103 101 99 97 94 94 94 97 98 96 100 100 100 99 97 98 101 100 98 95 94 91 94 97 97 97 98 92 93 94 96 95 93 93 96 95 93 98 99 99 100 94 92 91 94 95 93 86 83 88 95 92 92 98 96 97 97 95 98 93 98 97 97 98 96 97 96 98 96 94 93 93 92 94 93 93 92 90 91 90 90 90 94 93 93 93 92 91 92 93 91 92 94 99 98
104 103 102 99 97 93 94 95 98 97 97 98 98 98 100 95 97 99 100 99 98 91 92 94 96 97 99 96 93 93 94 95 93 93 94 96 89 94 98 98 99 100 94 93 94 96 95 92 85 84 91 98 98 98 92 98 97 89 86 92 98 97 89 91 98 97 97 95 98 98 98 96 96 95 93 92 90 89 87 90 90 90 90 94 92 91 92 91 91 91 93 94 93 95 96 99
104 104 100 98 95 92 92 95 97 95 98 99 93 101 98 95 97 100 101 99 96 93 91 96 96 93 97 96 94 95 92 91 92 92 95 94 91 94 94 98 99 100 99 99 94 93 94 92 84 93 91 98 86 86 87 90 96 90 87 90 88 93 89 90 98 98 95 96 96 93 94 95 93 91 92 92 91 92 91 91 91 90 90 92 92 91 90 92 90 90 92 94 93 92 96 98
105 104 100 98 96 92 92 97 95 97 98 95 95 91 94 96 97 99 101 99 95 92 92 94 96 98 98 99 98 95 92 89 89 90 92 91 88 88 94 95 98 100 94 95 93 93 95 89 91 95 89 99 92 84 85 87 94 87 88 88 89 91 89 90 95 94 93 99 99 96 93 92 89 93 89 88 88 87 90 91 89 90 90 91 93 91 92 90 89 89 92 90 91 94 95 97
105 98 98 97 95 93 96 94 96 93 93 98 95 94 96 99 99 101 101 98 94 90 91 92 97 93 96 99 96 95 95 92 90 87 86 88 89 94 96 99 99 100 92 90 93 97 94 86 92 98 98 99 85 85 87 91 96 88 90 90 90 89 90 94 98 98 93 93 96 93 95 96 93 91 91 88 90 90 87 89 89 89 90 90 89 90 91 89 89 89 90 91 92 93 94 95
102 99 97 96 93 91 96 96 96 94 91 87 90 89 93 96 99 100 100 97 94 90 90 93 93 93 93 99 93 94 96 93 91 86 87 88 88 93 94 94 97 98 100 90 96 98 94 87 99 98 92 87 85 86 89 89 90 91 90 90 90 90 91 92 94 94 94 91 90 91 89 90 89 91 91 90 90 88 89 90 92 89 91 90 90 91 90 89 90 89 90 92 93 95 93 95
97 88 96 95 91 95 97 97 94 92 86 83 86 94 95 98 100 100 98 95 94 90 92 93 95 96 96 97 92 91 90 92 90 86 87 88 88 94 88 87 92 92 98 100 100 94 90 95 98 97 86 91 91 89 89 89 90 90 90 90 89 89 90 91 92 95 96 92 90 90 90 89 90 89 90 91 89 90 89 91 92 91 90 91 89 89 89 89 91 89 89 92 94 94 93 93
101 94 101 98 99 101 98 96 95 92 87 88 89 93 96 100 97 100 99 94 94 92 92 93 93 92 95 94 97 94 92 91 88 87 87 87 91 90 91 92 91 90 88 99 100 99 98 100 97 87 93 94 88 87 88 89 90 90 90 90 89 89 90 90 93 97 97 95 93 90 91 89 88 89 89 90 88 90 90 90 93 89 89 89 87 87 89 90 90 90 89 91 92 94 94 92
104 100 102 101 102 101 100 92 93 93 90 89 92 98 99 101 101 101 96 91 86 88 92 94 93 93 93 92 90 91 90 91 86 86 87 90 94 88 86 94 94 96 96 97 99 100 100 100 100 98 98 98 88 88 89 89 90 90 89 89 88 89 89 90 95 91 92 97 91 91 93 92 94 88 92 89 90 90 93 93 90 89 89 88 89 87 89 89 90 89 89 90 92 92 93 92
106 101 102 100 96 97 93 89 92 97 94 89 95 98 101 98 97 100 95 91 88 90 91 92 95 95 94 97 91 87 92 91 90 85 89 91 95 92 86 87 88 87 87 90 99 95 100 98 98 91 88 94 92 89 89 90 90 91 90 88 88 89 90 93 91 91 93 97 93 97 96 94 96 93 92 90 90 93 92 90 90 90 88 90 88 89 90 91 91 89 90 91 90 92 92 92
105 103 100 101 102 101 93 90 93 96 100 98 97 101 100 98 95 99 95 93 89 90 91 89 92 91 95 97 96 89 89 89 88 84 85 86 87 95 92 89 85 86 89 99 91 90 88 87 88 84 91 87 97 90 90 90 92 92 88 87 88 88 90 89 89 88 94 91 89 92 96 90 92 90 93 89 93 92 91 89 90 89 88 91 88 88 89 91 89 90 90 90 91 91 91 92
107 104 102 103 101 95 90 88 87 98 103 99 100 100 99 97 97 99 96 96 87 92 92 90 94 93 95 97 94 91 89 85 83 84 85 86 85 91 95 95 87 91 86 99 87 86 84 84 85 86 90 89 87 97 91 90 92 91 89 87 87 88 89 88 89 92 90 89 89 90 91 90 93 95 91 90 94 90 91 87 86 88 88 91 89 90 89 92 89 92 92 91 91 91 91 92
107 103 104 101 95 92 91 94 93 100 103 102 103 102 97 91 97 95 94 91 89 90 91 89 92 93 94 97 95 92 88 84 83 84 83 90 90 89 90 93 97 98 93 98 86 86 85 87 84 85 90 88 88 89 96 96 91 87 88 86 87 87 88 89 90 90 88 89 90 90 92 91 93 96 95 95 90 90 88 88 88 88 89 90 88 90 88 91 91 91 91 92 91 91 91 91
107 106 101 97 97 93 96 94 101 102 103 102 103 102 95 93 95 94 90 89 89 91 93 90 92 91 94 97 94 89 89 90 84 83 85 84 85 92 91 94 88 86 99 95 94 95 88 86 84 85 89 88 89 90 93 89 90 96 93 87 86 87 88 88 88 89 88 87 90 88 88 88 89 96 95 94 91 90 87 89 89 89 89 90 90 89 88 89 93 92 91 91 91 91 92 92
107 106 103 98 97 95 97 100 102 103 103 103 104 101 92 91 90 87 91 93 90 91 94 90 91 92 96 96 94 94 89 87 82 83 85 85 84 85 87 86 86 93 99 94 87 86 86 86 85 85 88 88 90 95 91 87 87 87 94 88 88 88 88 88 87 88 86 86 88 88 88 88 91 95 95 92 88 89 88 89 89 91 89 91 91 89 88 90 92 92 92 92 92 92 92 92
107 107 104 104 102 101 98 102 103 104 104 104 103 98 93 91 89 90 89 94 89 93 95 92 90 92 95 95 93 89 89 88 82 84 91 93 84 85 87 93 86 95 94 99 96 90 90 87 84 87 88 89 93 88 87 88 87 87 91 88 87 88 88 87 87 87 88 87 88 88 89 88 89 90 95 92 91 89 88 88 89 91 92 90 88 88 88 90 91 92 93 92 92 92 92 92
107 107 104 100 98 100 95 101 98 103 104 103 100 90 88 90 89 90 90 90 94 92 94 92 91 92 93 97 91 89 89 84 83 83 88 88 94 87 86 92 95 93 92 96 94 96 93 90 85 86 88 88 90 86 87 89 87 86 86 94 87 88 88 87 88 88 87 90 89 90 88 91 88 89 94 94 91 88 90 89 89 91 90 87 89 90 89 90 90 93 92 92 92 92 92 92
107 106 101 100 94 95 95 98 102 104 103 101 99 88 88 90 90 93 89 91 94 94 91 94 89 93 94 95 93 91 85 83 83 83 83 84 90 94 93 85 92 87 98 86 86 96 86 91 92 86 89 88 86 87 86 87 87 85 86 90 88 88 88 88 88 88 88 88 88 88 92 90 91 89 91 94 91 89 88 89 89 89 89 88 90 88 90 90 91 92 92 92 93 93 93 93
107 107 105 99 99 94 99 99 101 103 102 101 95 90 88 92 90 92 85 89 91 96 94 94 93 91 94 95 89 86 83 85 87 83 83 83 91 92 89 93 97 98 96 84 88 93 84 85 94 89 90 85 85 86 86 85 85 86 86 88 90 90 91 90 91 89 88 89 92 90 93 91 93 89 91 94 92 91 88 89 89 90 88 88 89 89 91 91 92 91 92 92 92 92 92 92
107 107 107 102 99 97 100 101 101 103 103 101 97 87 87 93 91 92 84 89 91 93 93 88 92 96 93 91 92 82 83 84 90 84 83 88 89 92 97 95 93 93 92 84 85 96 85 84 94 87 88 91 86 84 85 84 86 86 88 89 90 93 92 87 86 87 87 90 88 90 89 89 92 92 93 90 94 91 89 89 92 94 93 89 91 90 93 92 92 93 92 93 92 92 92 91
107 107 107 98 96 97 101 103 104 103 101 99 95 85 89 91 92 92 89 89 88 89 89 87 90 91 91 95 92 86 85 84 91 85 85 84 90 88 94 93 84 93 91 84 85 96 86 83 87 91 87 85 90 86 84 85 86 88 88 89 88 90 89 88 88 87 85 86 90 89 88 88 89 89 91 88 90 94 91 90 94 88 93 94 93 93 92 89 89 91 90 91 90 91 91 90
106 107 107 104 100 101 101 103 101 103 101 96 96 87 89 92 92 92 87 89 89 89 88 90 88 89 93 91 92 89 87 90 87 85 89 86 85 91 93 91 84 87 93 84 84 94 84 85 87 91 85 85 86 86 85 86 85 85 85 86 87 88 92 91 88 86 88 90 91 89 90 88 88 92 90 88 89 94 94 89 90 90 88 91 91 89 91 91 90 89 90 91 90 89 90 90
107 107 107 101 98 102 102 104 103 100 97 95 92 88 92 93 94 87 86 89 89 89 91 92 89 92 93 92 86 87 86 90 89 85 85 85 93 94 90 83 83 86 93 85 84 90 93 88 85 85 89 86 84 85 87 86 86 86 86 85 88 90 92 88 88 88 88 87 91 89 88 88 90 89 88 88 89 92 95 94 94 87 89 89 90 89 90 90 89 89 89 90 90 89 90 90
107 107 107 101 98 101 103 100 101 97 96 96 96 90 92 94 92 89 90 90 91 90 92 93 89 90 91 90 86 87 88 87 86 86 84 87 86 93 90 87 83 83 84 85 83 85 88 89 86 86 86 87 85 85 86 86 86 85 86 86 89 89 91 88 87 86 87 89 88 87 87 88 90 87 89 91 88 89 94 92 87 89 88 88 88 90 90 89 88 90 89 90 90 90 90 90
107 107 107 106 97 100 105 102 100 97 96 91 91 92 90 93 94 86 91 90 93 91 92 93 87 89 90 84 86 88 90 88 92 86 88 89 91 91 84 83 83 83 84 85 83 84 85 93 88 86 84 84 86 86 85 86 86 86 86 89 86 89 89 89 88 88 89 88 87 86 87 87 88 88 89 90 90 91 95 95 91 88 88 88 89 89 88 88 89 89 89 90 90 90 90 90
