Climate/data/grids_germany_multi_annual_precipitation_1981-2010_07.asc
NCOLS 654
NROWS 866
XLLCORNER 3280414.711633467
YLLCORNER 5237500.62890625
CELLSIZE 1000
NODATA_VALUE -999
[rows 408 to 458 of 866, columns 384 to 479 of 654]
62 64 68 72 71 71 72 70 69 69 71 71 68 68 67 69 69 68 68 68 67 68 68 68 68 68 69 67 66 66 66 66 66 66 68 68 69 69 69 69 69 69 71 70 70 70 70 71 71 71 72 72 72 72 72 73 71 71 72 75 73 73 73 73 73 72 72 72 73 73 73 74 74 74 75 76 77 77 77 76 76 76 75 74 74 74 73 75 75 76 76 74 74 74 76 73
63 64 67 71 71 71 70 71 72 72 71 70 68 68 68 69 69 68 68 67 68 68 68 68 68 68 68 66 67 67 67 67 66 68 68 69 70 69 68 68 69 70 70 70 70 70 70 71 71 72 73 73 72 73 73 73 73 73 73 75 73 73 73 73 73 73 73 72 73 73 73 75 74 77 78 77 77 77 76 76 76 75 74 73 73 74 74 73 74 76 75 75 75 75 76 73
63 65 67 69 72 72 72 72 71 70 71 71 68 70 68 69 71 70 68 69 69 69 70 70 68 68 69 68 67 68 67 65 66 70 70 69 69 67 68 66 68 68 68 70 70 70 72 72 73 74 75 75 73 75 74 73 73 73 73 75 75 73 75 74 73 73 73 73 73 73 75 77 77 78 78 78 78 77 75 75 74 73 74 74 73 73 73 75 74 75 75 74 76 75 73 72
62 62 63 66 68 71 69 70 70 71 70 70 71 71 68 70 74 71 71 71 71 70 70 70 69 69 68 68 67 67 67 68 67 68 69 69 68 69 66 67 68 67 69 70 70 71 72 73 73 73 75 75 75 73 75 74 74 73 75 75 76 74 74 75 75 75 75 73 73 73 75 77 78 80 81 78 77 78 75 74 73 73 73 72 72 72 73 72 72 73 75 75 76 76 73 72
62 63 63 64 66 70 67 71 71 70 70 71 70 70 70 68 74 74 73 72 72 70 70 71 70 69 69 69 68 67 66 68 67 68 68 69 68 69 66 67 67 68 70 71 70 71 74 73 73 73 76 75 75 75 75 73 74 73 73 76 76 74 74 75 75 76 75 73 73 73 75 78 78 80 79 79 77 77 74 73 73 73 73 72 72 71 73 72 73 73 75 73 75 75 75 72
62 63 66 65 64 66 67 68 68 78 71 70 70 71 71 69 71 75 74 73 72 72 70 70 69 69 69 70 68 69 66 66 67 68 68 68 67 67 67 67 67 70 70 71 71 72 72 74 74 75 78 77 76 76 76 75 75 74 74 75 76 74 75 76 76 76 75 73 73 75 75 78 78 79 78 80 78 76 75 73 73 73 73 72 71 72 72 72 72 73 75 75 75 75 75 74
60 64 64 65 65 65 65 70 71 70 72 71 70 68 68 69 71 72 71 73 72 69 68 67 69 69 68 68 68 68 66 68 69 67 67 68 68 68 67 67 69 69 71 71 72 74 74 74 75 77 80 78 78 76 76 74 75 75 76 76 77 76 78 77 77 77 75 75 75 75 75 75 76 76 79 80 78 76 75 75 74 75 74 73 73 72 74 72 73 73 75 76 76 76 76 74
64 68 67 66 67 65 64 65 70 71 68 74 71 71 68 68 69 70 68 68 68 71 68 66 68 69 68 70 69 70 69 70 71 69 67 69 69 68 68 69 70 70 71 73 73 75 74 76 76 78 78 76 76 76 75 75 75 76 76 77 76 77 77 77 77 77 75 75 75 76 75 74 76 77 77 78 76 76 75 73 74 75 73 73 73 72 73 73 74 76 75 78 77 76 76 76
65 65 66 66 65 65 65 65 66 71 69 68 74 71 66 70 68 69 67 67 68 72 69 68 68 69 69 69 70 70 70 71 71 70 68 68 68 68 69 70 71 71 71 73 73 74 77 77 76 77 78 77 74 76 75 75 75 74 77 75 76 77 77 77 77 77 75 75 74 76 76 74 75 77 76 77 76 76 77 74 74 74 74 74 74 74 74 74 74 75 76 77 76 77 76 78
68 66 66 66 66 66 65 65 65 67 71 72 68 73 69 73 74 72 68 67 66 70 71 69 69 69 70 70 70 70 71 71 71 71 71 68 69 69 72 72 72 71 72 75 73 75 77 79 76 77 77 76 76 75 75 76 75 76 76 76 76 77 77 77 77 76 75 75 74 76 75 74 75 75 76 76 76 75 75 75 75 75 75 74 74 74 75 74 74 76 79 78 77 78 77 78
69 72 67 66 66 66 66 65 65 65 66 66 67 67 75 73 72 70 70 67 66 66 72 71 71 71 70 71 72 72 71 70 68 68 69 67 68 69 70 70 73 73 72 74 75 75 77 76 76 77 76 75 75 75 74 75 76 76 76 76 76 75 76 76 75 75 74 74 74 75 75 75 75 75 75 76 76 75 75 76 76 76 77 77 77 75 75 73 74 73 75 75 74 76 76 77
73 75 68 70 66 66 64 65 65 65 69 74 68 70 75 74 70 73 70 67 66 67 73 73 71 71 73 72 73 73 71 72 68 70 69 69 69 67 70 71 73 73 74 74 74 76 74 74 75 75 75 74 73 75 76 75 76 76 76 75 75 75 75 75 75 74 74 74 74 75 75 75 75 75 74 74 74 74 75 76 75 76 77 77 78 77 77 75 75 74 75 75 76 77 76 74
78 76 75 71 71 66 64 65 65 69 69 74 75 71 73 71 73 73 67 66 67 64 72 74 74 74 75 74 73 73 74 72 70 69 70 69 69 71 71 74 73 74 72 73 72 74 73 74 75 75 74 75 75 75 76 76 76 78 78 75 75 75 75 75 75 74 73 74 73 75 75 75 75 75 76 74 73 74 75 75 75 76 75 76 78 76 75 75 74 74 75 76 76 75 77 77
72 77 77 76 73 71 65 67 67 65 67 73 75 77 75 76 75 76 67 66 65 64 68 74 75 75 77 76 74 75 74 73 73 70 69 72 72 73 73 75 73 75 72 72 73 73 73 75 77 77 75 75 75 75 76 78 78 78 77 77 77 75 75 75 75 74 74 73 75 76 75 75 75 75 76 74 74 74 74 75 75 75 76 77 78 77 77 76 76 75 76 79 77 77 77 77
79 79 79 76 73 71 71 69 70 69 69 70 74 78 76 76 76 76 75 71 70 69 69 69 72 76 77 77 75 71 72 69 72 72 72 73 72 73 74 73 72 74 72 70 73 72 72 73 74 76 76 72 74 74 77 77 78 78 78 77 77 77 75 74 75 73 73 73 75 76 75 75 75 75 75 75 74 74 74 74 74 75 76 76 77 76 75 77 77 77 79 79 78 80 79 78
79 77 78 77 75 74 75 78 76 75 72 74 74 76 76 76 76 75 75 76 73 71 69 68 71 74 74 74 73 71 76 76 76 74 74 72 72 72 71 71 72 72 69 69 68 73 73 74 74 76 75 75 75 76 76 78 78 81 79 79 78 76 75 75 75 75 75 74 76 76 76 76 75 75 73 78 77 77 77 76 76 77 77 77 78 78 79 80 79 78 80 81 81 81 91 82
79 80 77 76 75 74 74 77 75 74 74 74 74 75 75 74 72 71 73 76 74 71 69 70 69 73 71 70 71 75 75 72 71 72 73 72 70 70 70 69 69 68 68 70 70 73 75 76 75 74 75 74 76 77 76 78 78 80 79 79 79 75 75 74 74 74 74 74 76 76 76 76 75 75 74 78 77 77 77 76 78 78 78 79 78 78 80 80 78 81 81 82 82 82 81 82
77 78 73 76 73 74 74 75 75 75 77 74 75 73 72 72 69 69 72 73 72 75 76 79 75 76 71 73 77 70 70 69 69 71 72 71 71 71 71 71 68 69 68 68 73 73 75 77 77 75 75 76 77 75 75 79 80 80 80 79 78 76 75 73 74 74 74 74 76 76 76 76 76 75 75 76 77 77 78 78 78 79 79 79 79 79 80 80 81 81 84 85 83 83 82 83
73 76 73 73 75 73 73 73 73 76 76 77 73 72 74 71 71 78 76 77 76 80 78 79 77 76 73 78 78 74 68 68 70 72 72 73 73 74 69 68 72 73 72 72 75 76 78 76 76 76 74 75 76 75 76 77 78 78 80 77 75 75 74 72 73 73 75 75 75 76 76 76 77 75 75 76 76 78 79 79 79 79 79 80 80 79 79 80 81 82 82 85 84 82 82 84
71 71 70 74 77 74 75 77 76 78 77 76 74 73 74 71 69 76 77 78 78 79 77 78 78 75 71 77 78 73 70 73 77 75 74 69 69 69 69 71 76 75 74 76 77 77 77 77 76 76 75 74 75 77 78 76 78 78 78 76 74 74 72 71 72 72 74 74 74 75 76 77 80 77 77 77 77 76 79 79 79 80 78 78 79 77 77 79 80 82 81 83 83 82 82 84
73 73 74 73 77 76 77 76 76 78 77 76 75 74 70 72 72 75 76 79 79 78 78 79 77 75 77 78 77 74 70 70 70 72 72 69 70 73 75 77 77 76 75 76 77 77 77 77 76 76 73 74 74 76 77 76 75 76 76 75 74 73 71 71 72 72 73 74 74 74 77 77 77 77 77 77 77 76 76 77 77 78 77 76 76 79 78 79 79 79 79 80 80 83 82 84
74 74 73 74 72 73 75 78 78 78 77 76 74 74 72 74 74 73 76 78 79 79 79 78 75 74 79 79 78 74 71 72 72 71 71 70 73 74 74 76 77 78 79 77 77 77 79 77 76 75 75 74 76 77 76 75 75 77 76 73 73 73 71 71 72 73 73 74 74 74 77 77 77 77 77 77 77 76 77 77 77 77 78 77 77 77 75 76 78 77 79 80 84 83 83 81
76 75 75 73 72 72 72 75 77 78 77 77 74 73 73 74 73 73 73 74 75 78 76 75 76 75 80 76 74 73 73 74 73 74 71 71 74 75 76 75 78 78 78 78 79 79 79 79 78 78 78 75 75 76 75 75 76 76 75 73 72 70 71 71 73 73 72 72 74 74 76 77 77 77 78 78 76 79 74 76 77 78 76 76 77 77 78 76 77 76 78 78 81 85 85 82
73 74 73 71 70 71 71 71 72 75 78 79 77 76 75 74 75 73 75 76 77 75 74 74 76 78 72 72 72 78 76 77 76 75 73 73 74 75 78 77 78 79 80 79 79 79 79 79 78 79 76 74 76 77 76 74 74 76 74 71 69 70 71 71 74 72 74 73 73 76 76 76 76 77 75 76 75 78 77 76 75 76 76 77 77 76 76 76 76 77 79 79 79 81 84 83
72 72 69 69 69 69 69 73 73 72 74 76 77 76 76 77 75 72 79 78 75 77 76 79 79 79 72 72 79 79 79 80 79 77 75 73 72 75 76 79 79 81 80 80 79 79 79 81 79 79 76 74 77 77 77 75 75 75 74 70 69 68 70 71 74 74 73 73 73 73 76 76 76 76 77 77 75 79 76 75 75 77 76 77 77 76 76 75 76 77 80 80 82 80 83 82
70 71 70 69 69 71 71 71 73 73 73 74 75 79 79 76 75 77 77 75 75 77 76 79 80 77 76 79 80 80 80 81 79 80 78 70 72 77 76 79 81 81 80 80 80 79 81 79 79 76 75 76 76 76 76 75 75 74 71 70 70 68 69 72 74 74 73 74 73 75 75 76 76 76 75 77 75 77 77 76 75 76 76 77 77 77 77 76 75 77 79 80 81 82 83 83
68 70 69 69 69 70 70 71 72 72 72 73 74 79 80 77 74 74 74 72 74 76 78 80 75 73 78 80 76 80 79 80 79 78 75 72 71 74 75 78 79 81 81 81 80 80 79 78 79 78 75 76 76 75 77 75 73 73 71 71 71 70 72 74 73 75 74 75 73 75 75 75 74 77 76 71 75 75 77 77 77 75 76 76 77 77 76 76 76 79 79 79 80 82 83 84
69 69 70 71 70 70 70 69 70 69 73 73 73 75 78 78 77 74 74 73 74 76 78 75 75 71 80 79 80 80 78 77 75 76 72 73 76 77 78 80 81 81 81 80 81 80 78 79 77 78 76 77 76 73 73 75 73 73 72 73 73 73 74 74 75 76 74 75 73 72 75 75 74 76 75 74 74 75 76 78 76 75 76 77 76 77 77 79 78 78 80 80 81 80 83 83
70 69 71 70 70 71 72 72 71 70 70 72 71 72 74 73 75 74 76 74 73 76 70 69 69 71 81 79 80 80 76 76 75 76 74 75 78 80 81 81 83 81 82 81 81 81 78 78 77 77 76 76 76 73 72 72 73 73 71 73 73 73 74 74 74 74 75 73 73 73 72 75 76 76 76 75 74 74 76 78 78 77 76 77 77 77 78 79 78 79 80 80 81 83 81 84
72 72 74 72 71 74 72 72 73 71 72 71 71 73 71 70 70 70 73 75 69 71 70 75 76 79 82 81 80 79 78 78 76 74 72 77 76 76 80 81 83 82 82 83 83 82 81 79 80 77 75 75 74 75 75 73 73 72 73 73 73 73 73 74 74 74 74 74 74 75 75 76 75 76 76 76 74 74 75 77 77 77 75 77 77 77 78 79 79 79 79 80 82 82 82 83
73 75 73 75 75 75 75 73 73 73 72 73 72 73 72 72 73 73 73 70 73 75 73 70 75 78 80 80 80 78 79 79 78 76 73 73 74 79 76 78 79 83 84 84 82 82 82 80 80 78 76 77 75 77 77 74 73 73 73 73 73 73 74 74 75 75 74 74 75 75 77 77 73 75 76 74 73 73 76 77 76 76 76 76 77 77 79 80 80 80 78 81 81 81 83 83
74 75 76 76 76 76 73 73 72 73 74 73 73 74 74 72 71 71 70 71 75 78 77 76 71 79 79 77 79 78 80 79 79 78 77 74 74 79 80 80 79 84 86 85 82 83 83 80 78 76 77 75 75 78 77 74 75 74 74 73 74 75 76 75 75 75 75 75 76 77 76 75 76 75 74 74 73 73 76 76 76 77 77 76 76 76 78 80 80 81 80 78 82 80 81 82
74 74 75 76 76 76 76 75 73 73 73 72 73 72 72 70 69 70 70 74 75 77 79 78 74 78 75 79 79 79 79 79 79 78 76 76 76 79 76 80 80 84 84 84 84 83 80 80 78 75 75 74 74 74 75 75 75 78 76 75 77 77 77 75 75 77 77 77 75 75 75 77 76 76 76 76 76 75 76 76 76 78 77 77 77 76 79 80 80 82 82 82 81 82 82 83
72 75 73 73 76 75 73 72 71 72 73 72 72 72 69 70 71 73 74 74 76 78 80 82 74 75 77 81 80 81 79 80 79 80 78 77 76 77 80 83 83 82 85 85 83 82 81 81 78 78 75 75 75 74 76 81 82 83 78 77 78 78 79 76 77 75 77 77 78 76 77 77 76 76 76 74 74 76 75 75 76 77 79 79 79 77 78 82 83 80 81 80 82 82 82 81
74 74 75 74 76 74 73 72 73 71 68 70 69 69 70 71 73 74 78 80 79 80 82 84 78 79 82 80 82 82 81 79 79 78 77 75 76 75 80 82 83 84 84 86 85 82 81 77 74 74 75 75 73 74 77 79 82 82 81 80 80 78 77 75 74 75 78 77 77 78 78 78 76 74 74 75 73 74 74 75 78 77 78 79 80 80 78 78 79 82 83 82 81 84 83 81
73 73 76 77 76 75 75 73 73 73 71 73 69 70 70 73 74 78 79 82 81 81 79 73 73 77 79 83 83 84 83 80 79 78 78 78 77 82 79 84 85 86 86 83 84 83 79 78 77 78 76 72 73 78 80 80 83 84 83 80 79 76 76 79 76 79 77 77 79 78 79 79 77 75 75 76 74 74 73 76 78 78 80 80 80 80 81 81 80 84 83 81 82 81 80 80
73 73 76 77 76 75 78 75 74 70 72 72 69 71 74 76 76 78 81 82 81 81 78 72 73 77 84 84 83 82 80 80 81 80 76 77 77 82 84 85 85 87 86 84 84 81 82 78 75 76 73 73 74 80 80 81 84 82 83 83 81 76 76 80 78 78 80 79 79 78 78 78 78 78 77 74 73 74 77 77 75 78 78 80 80 80 78 82 82 84 83 81 83 81 80 82
74 73 78 78 77 75 72 72 71 70 73 71 72 75 74 75 76 77 79 81 81 77 78 70 75 82 84 84 86 85 84 80 81 83 79 78 83 83 84 83 87 87 86 82 83 84 80 80 80 72 73 76 75 83 83 83 80 82 83 83 82 82 78 78 78 81 79 81 81 80 78 78 77 74 74 74 77 76 77 78 76 76 77 80 80 80 81 82 84 81 83 83 83 82 80 81
75 76 76 77 75 74 70 70 71 73 73 70 71 72 73 73 77 76 79 79 81 79 79 79 72 80 83 84 86 85 83 84 82 84 81 80 85 86 86 87 85 87 86 87 80 79 82 76 72 79 80 79 77 80 80 81 80 82 83 81 82 79 81 81 78 80 81 81 81 79 77 75 74 75 76 79 78 77 77 77 75 77 77 77 78 80 79 82 81 83 85 83 84 83 83 84
77 76 77 70 70 70 70 71 73 71 71 70 72 74 76 76 77 78 80 81 83 81 81 75 69 75 81 77 81 84 84 84 84 83 81 79 82 87 88 87 87 87 89 87 80 75 72 72 73 79 81 80 78 75 76 79 80 77 82 82 81 80 81 80 80 81 81 79 78 76 73 76 74 77 76 77 78 78 78 77 76 76 78 79 80 80 80 80 83 84 84 83 86 86 84 86
73 70 68 70 71 71 71 71 71 70 69 73 74 74 75 78 78 79 81 81 80 79 78 70 75 79 77 82 83 83 84 84 84 84 84 81 82 84 87 88 89 91 88 88 80 76 79 75 80 83 82 81 79 78 79 81 80 79 80 80 80 81 81 83 81 81 80 78 79 77 78 75 77 76 77 80 77 78 79 76 76 77 80 80 81 80 81 80 83 84 86 85 85 82 83 86
66 66 66 70 73 72 72 72 71 69 70 75 76 76 77 78 78 76 79 82 83 80 74 69 81 84 80 83 85 85 86 85 86 86 84 82 85 85 87 88 89 90 90 89 79 78 77 83 81 82 82 79 81 77 77 78 79 79 80 79 82 80 78 83 80 79 78 76 76 76 77 77 75 79 78 79 78 82 78 77 77 79 79 79 80 82 81 83 84 85 84 85 83 82 86 86
69 67 70 72 73 74 73 72 70 68 74 74 77 80 81 79 75 75 76 78 78 74 72 70 83 83 84 86 85 86 87 86 85 82 80 80 83 84 84 85 88 91 90 90 83 78 83 84 83 81 82 80 79 80 76 74 78 77 79 81 81 80 81 83 82 81 81 81 80 78 78 79 79 77 77 79 81 77 76 77 80 80 80 80 83 83 84 82 82 83 83 85 85 85 87 84
72 73 73 76 76 74 74 73 69 69 74 79 79 81 80 79 80 83 83 84 80 73 70 70 85 85 85 86 87 85 86 84 83 82 82 82 83 88 84 88 84 85 91 86 81 79 77 76 80 80 80 82 78 77 75 72 75 76 78 79 81 79 83 82 82 82 79 79 82 80 80 82 80 79 80 80 77 78 79 82 83 83 82 80 81 85 85 83 87 88 85 86 86 85 87 87
74 74 74 77 77 77 76 73 69 69 74 79 82 82 83 84 85 82 86 84 71 71 75 74 73 73 76 78 80 86 87 86 88 83 82 83 85 89 90 89 88 85 89 87 81 79 78 75 76 78 81 80 81 80 79 77 77 77 77 80 81 82 82 83 83 81 82 80 82 81 82 80 80 80 78 78 76 79 82 83 83 83 82 82 82 82 83 84 88 89 88 88 89 90 85 84
72 76 76 74 76 76 76 73 70 73 74 80 79 80 82 83 84 80 75 75 72 76 89 82 79 85 77 78 80 83 82 83 82 85 85 86 88 91 87 84 85 86 88 95 84 81 77 79 83 78 82 82 82 83 79 77 76 77 79 80 81 83 81 83 83 83 82 83 83 83 82 81 81 79 80 78 76 80 81 81 82 84 83 83 82 82 85 86 88 90 87 89 87 87 86 83
73 72 75 72 73 76 76 75 75 76 77 80 79 81 84 86 89 85 73 73 77 78 78 90 81 78 82 80 80 81 83 79 85 86 89 86 87 88 88 91 92 90 92 93 88 84 77 74 76 79 83 86 85 84 80 79 77 76 79 80 81 80 80 82 83 83 83 83 81 80 83 82 80 81 82 78 79 77 79 81 83 83 83 83 84 84 85 88 88 90 90 91 91 89 86 85
76 73 72 71 73 74 73 75 77 79 77 78 80 81 77 78 87 75 73 74 92 93 92 87 84 83 80 82 82 81 83 81 85 86 89 88 87 88 88 93 91 88 91 91 86 83 79 76 75 77 83 82 86 84 81 81 79 78 77 80 81 80 81 80 82 81 81 82 82 83 81 82 80 77 76 80 81 77 80 79 79 83 82 85 84 86 84 87 87 91 90 87 89 86 85 88
78 79 75 73 73 73 75 77 80 78 81 81 80 79 83 87 80 74 72 77 77 78 80 80 84 87 83 85 83 83 84 87 84 89 87 87 88 89 87 89 91 89 91 88 86 83 81 81 74 76 77 84 79 78 77 77 78 78 79 81 82 80 82 78 81 83 82 83 83 81 82 80 79 75 80 82 80 78 82 80 82 83 86 85 83 85 84 87 89 88 89 87 88 83 84 86
73 76 76 78 77 76 73 79 79 81 82 83 81 82 86 83 76 74 77 83 91 87 87 91 84 91 91 86 85 83 87 88 85 91 87 88 88 88 88 92 92 87 86 87 87 86 85 80 83 78 78 80 79 84 83 78 78 79 80 80 78 80 79 79 77 81 81 83 83 82 81 78 77 80 81 81 79 81 82 82 83 84 84 84 83 85 85 86 89 87 87 84 86 89 88 92
78 72 81 82 81 78 75 73 78 81 82 80 79 80 85 81 74 73 88 91 92 94 93 92 92 92 91 85 87 85 89 90 89 87 85 88 89 87 90 90 90 90 87 85 85 85 86 85 83 78 80 81 83 84 82 79 78 78 78 78 80 79 81 79 80 76 82 79 78 79 77 78 81 80 83 81 78 80 83 83 83 82 84 84 86 86 87 89 86 90 84 88 89 86 93 93
