Climate/data/grids_germany_multi_annual_air_temp_mean_1981-2010_13.asc
NCOLS 654
NROWS 866
XLLCORNER 3280414.711633467
YLLCORNER 5237500.62890625
CELLSIZE 1000
NODATA_VALUE -999
[rows 459 to 509 of 866, columns 288 to 383 of 654]
86 86 85 88 88 88 82 87 88 86 85 84 85 87 83 82 82 81 81 78 80 81 82 80 78 77 79 77 83 81 82 76 78 81 80 83 81 80 82 83 84 83 84 84 83 83 81 83 83 83 82 82 82 82 81 81 82 81 84 84 84 84 83 84 84 84 86 86 85 86 88 87 85 83 82 80 79 77 76 76 76 76 78 78 75 75 74 76 75 78 83 80 85 85 85 81
84 84 86 88 88 85 82 84 86 85 84 83 83 83 85 86 84 83 79 77 79 81 77 80 78 81 74 73 78 83 79 81 77 77 77 80 80 78 82 83 83 84 83 84 84 83 82 81 82 82 81 81 82 82 81 82 83 84 84 84 84 85 84 85 85 86 87 85 86 87 85 84 83 83 83 82 81 79 76 75 75 76 76 77 77 75 75 73 78 82 83 85 86 77 75 75
80 81 85 88 84 85 79 82 85 83 80 83 80 85 84 85 86 84 81 74 78 78 78 81 77 67 64 67 75 75 80 68 77 78 82 83 79 78 81 81 83 83 83 83 83 83 83 81 81 81 82 81 81 81 83 83 83 83 84 84 85 85 85 86 86 85 84 85 86 87 85 84 84 85 83 81 81 79 79 75 73 72 73 75 77 81 81 80 80 82 82 82 85 84 82 74
76 83 88 88 82 82 83 82 82 81 78 80 81 81 81 84 86 85 82 80 77 77 77 78 77 67 65 76 61 65 67 75 70 76 81 79 77 78 78 80 80 83 82 83 83 83 82 82 80 82 81 81 81 82 82 83 83 83 83 81 83 85 85 85 86 85 85 85 85 87 87 86 85 84 84 83 82 82 79 77 76 72 80 81 80 82 82 83 81 80 80 85 81 80 80 81
86 88 88 87 88 85 81 79 76 81 75 74 75 79 81 84 84 85 82 80 81 79 78 77 72 66 65 72 69 69 65 67 74 76 79 78 75 77 78 75 80 79 81 81 81 83 81 82 82 81 80 80 79 81 81 82 82 83 83 84 84 86 86 86 86 85 85 86 86 86 85 85 86 86 85 85 83 83 81 79 77 76 79 82 82 82 80 79 81 84 84 82 81 77 78 79
87 88 85 86 81 83 81 79 79 82 80 79 82 80 81 84 83 84 82 80 81 81 75 75 67 71 63 65 61 63 64 65 67 77 70 71 73 76 78 74 73 78 77 81 82 81 81 81 81 81 80 80 79 82 78 76 80 82 83 84 85 86 85 86 86 85 85 86 86 86 86 86 85 85 83 83 83 82 82 80 76 77 75 74 78 79 82 80 79 80 81 82 82 80 76 80
86 89 82 80 77 80 80 81 84 83 81 85 83 81 83 81 83 82 83 82 81 78 78 74 63 67 61 61 65 65 61 66 67 65 70 63 69 72 72 75 78 74 76 78 80 81 81 80 81 79 80 80 80 80 77 73 77 79 81 82 83 82 85 81 84 85 83 85 85 86 86 85 85 83 82 83 81 81 80 81 79 76 77 78 79 78 83 84 84 82 81 81 79 79 80 82
84 88 79 74 79 83 78 80 82 81 80 82 85 81 83 82 80 82 84 83 81 81 81 78 71 68 62 65 61 59 57 70 63 67 60 62 60 73 63 65 73 76 78 77 77 77 81 81 80 78 79 81 81 81 77 75 74 75 76 78 79 80 80 82 84 84 84 85 85 85 85 85 83 82 82 82 81 80 80 79 79 77 74 74 77 80 81 77 80 78 81 82 83 83 80 80
85 82 80 76 83 85 81 81 86 83 81 86 84 81 84 79 83 84 83 84 83 82 81 81 75 77 61 70 66 65 59 61 63 61 47 55 65 62 61 60 64 68 68 72 77 79 78 78 80 80 80 80 81 80 79 75 74 75 75 74 75 76 78 80 79 83 84 84 85 85 84 84 83 82 83 82 80 79 78 78 79 78 76 79 82 80 76 78 78 77 78 81 79 81 78 77
88 82 82 80 85 85 85 79 87 84 86 84 84 86 81 79 81 83 80 83 84 83 84 79 78 79 77 73 67 66 61 60 59 57 57 60 54 63 58 59 70 68 73 78 77 78 73 76 78 80 80 80 80 80 78 79 75 74 75 74 76 77 78 79 78 76 78 84 84 84 84 84 83 82 82 80 80 79 78 79 78 78 78 80 82 76 73 74 75 75 76 79 79 75 77 82
84 88 87 81 87 87 86 87 87 87 85 84 87 87 84 83 84 79 83 78 84 85 85 82 81 79 79 76 68 61 59 66 63 64 61 58 62 60 60 60 66 66 71 72 71 71 76 77 79 75 79 78 79 79 78 77 74 74 72 72 73 72 74 77 79 78 77 83 83 82 83 83 82 83 80 79 78 78 78 79 79 80 79 77 79 77 76 74 74 74 74 74 76 77 74 75
84 88 83 87 85 80 80 84 80 79 87 87 85 86 87 87 82 82 83 83 79 85 86 86 82 80 78 79 73 72 58 67 67 67 65 59 53 61 64 58 64 68 69 74 74 74 77 74 77 74 75 78 79 78 75 76 76 74 73 72 72 74 73 74 79 78 78 75 82 82 81 79 81 81 79 78 77 76 76 76 76 78 81 79 82 79 77 75 76 77 77 75 77 75 75 75
86 87 83 84 80 80 78 85 80 80 85 85 85 85 85 86 86 86 87 87 84 84 84 85 85 84 83 78 77 70 62 62 69 54 56 66 64 63 69 63 63 63 68 70 70 74 75 69 75 68 73 76 77 77 77 76 76 74 74 74 76 77 73 75 76 78 77 84 73 77 81 81 81 81 79 78 76 75 74 74 74 75 75 78 82 80 78 77 77 75 74 74 76 75 76 75
85 84 84 80 80 81 79 79 85 77 80 82 83 83 84 84 84 85 85 86 87 87 86 87 85 83 81 75 80 75 71 68 74 59 61 69 67 64 68 63 59 62 69 73 74 76 72 68 64 65 65 66 72 72 76 76 75 75 75 74 73 76 73 74 74 76 82 83 82 80 74 79 81 82 80 77 76 74 75 74 77 78 79 81 79 80 79 74 74 72 72 72 74 78 81 73
84 83 82 72 74 81 79 77 85 77 75 73 74 77 81 83 83 84 83 86 85 87 87 87 86 85 83 83 81 77 76 76 76 64 62 69 66 63 63 62 59 66 70 68 69 74 73 73 66 64 60 67 69 72 72 73 73 74 74 73 75 73 74 76 73 76 80 81 74 75 72 74 80 80 80 78 77 76 79 81 80 80 80 79 76 76 75 76 75 73 71 73 72 72 78 81
81 81 83 77 71 78 79 76 79 84 84 82 78 71 82 83 82 83 82 83 84 83 88 87 85 84 85 84 81 76 82 82 73 69 67 77 69 60 68 59 57 59 60 65 70 73 73 69 65 63 64 70 66 74 58 65 65 72 73 73 73 72 72 73 74 80 81 72 72 68 68 71 76 80 79 80 78 78 79 79 73 76 73 76 73 69 69 74 79 77 76 80 70 80 80 80
83 83 81 70 65 75 83 80 76 78 86 85 74 74 80 80 83 82 83 82 83 82 83 87 86 87 84 83 84 77 84 78 73 69 73 78 74 74 63 55 57 59 57 63 67 70 68 71 61 57 56 60 61 65 61 61 68 71 72 72 71 73 75 76 78 81 79 76 70 74 75 74 72 78 79 77 78 79 74 73 70 69 74 77 73 76 78 78 80 81 77 82 80 81 81 79
82 82 81 75 70 75 80 74 74 76 80 84 83 81 75 80 83 79 80 79 80 81 82 87 87 86 86 83 82 85 81 77 78 74 76 75 80 67 68 60 63 61 60 61 69 66 70 62 63 58 65 71 72 65 68 59 59 68 71 73 75 74 74 75 78 80 75 74 68 75 75 77 78 78 76 77 79 77 77 71 72 74 74 74 77 78 78 80 79 82 82 84 84 86 84 79
81 79 77 76 75 78 79 75 75 73 80 77 84 83 76 76 80 70 73 72 80 78 84 84 87 87 87 84 86 80 80 79 74 72 71 78 79 77 67 74 65 51 59 61 60 61 65 63 61 57 60 62 63 61 60 61 61 69 72 72 78 73 73 74 76 77 70 70 73 75 77 78 78 75 73 78 77 74 77 75 76 76 76 76 74 73 75 78 81 77 76 76 82 78 86 87
83 84 82 80 78 79 78 78 73 72 75 78 80 82 77 77 72 77 72 69 70 81 80 82 86 87 87 86 84 81 82 80 74 79 76 83 79 79 75 62 64 57 51 57 58 57 61 56 64 57 63 66 62 67 59 61 61 68 73 77 72 70 71 77 79 77 70 68 70 74 76 77 73 77 77 78 75 75 74 75 71 74 75 74 75 73 72 76 76 74 76 73 76 77 78 88
85 83 81 83 78 78 78 76 72 58 73 77 82 84 82 80 80 74 70 65 70 70 78 80 84 87 87 87 86 84 78 77 74 82 77 83 80 73 75 69 65 58 50 52 52 52 56 58 59 57 55 57 57 63 61 63 70 64 76 78 71 75 76 72 75 78 67 71 74 76 75 75 74 75 76 77 69 74 73 68 73 72 73 72 72 72 73 74 73 72 75 77 76 82 79 84
82 78 79 75 74 77 77 71 70 74 76 79 83 80 83 81 76 72 70 71 74 77 80 81 81 83 82 87 86 84 80 76 77 79 80 80 78 75 74 75 66 66 59 51 51 53 52 55 55 59 52 54 65 55 61 64 63 61 74 69 72 72 73 71 73 71 72 75 74 75 77 76 75 76 76 76 74 74 75 76 74 76 78 73 73 72 80 75 72 74 73 77 81 83 83 84
85 81 80 75 73 72 71 75 74 78 81 82 79 79 80 76 78 69 72 77 75 75 78 77 79 84 83 87 85 80 81 83 83 83 84 82 82 74 73 74 65 58 61 57 66 64 53 54 52 52 54 57 58 54 55 61 58 65 72 66 70 74 74 74 75 74 73 72 72 76 75 75 74 76 77 75 68 74 74 76 75 73 75 80 80 78 79 80 72 72 79 79 83 84 87 89
82 82 80 75 67 61 67 65 74 76 80 82 80 78 75 70 74 74 80 80 80 82 77 79 79 78 82 87 86 85 83 83 82 76 77 83 82 74 73 65 67 64 62 71 71 71 64 56 50 48 50 54 51 53 53 58 57 70 66 66 71 73 71 71 73 69 73 73 73 74 72 72 73 75 77 74 73 71 73 76 80 74 76 75 77 79 83 82 79 78 73 73 71 79 79 88
77 77 77 71 64 59 63 59 69 77 77 82 79 78 80 79 78 76 80 81 79 76 79 77 80 78 85 87 84 79 83 82 78 77 74 81 82 80 68 67 69 67 73 63 64 61 63 49 49 48 55 47 47 52 58 54 64 69 61 69 59 65 66 70 72 69 67 68 72 72 71 73 72 74 77 74 73 73 76 76 74 78 81 81 80 79 79 84 85 83 82 77 77 82 83 87
79 79 77 69 65 70 64 61 66 70 78 81 74 78 77 77 74 77 80 79 76 78 80 83 82 82 85 87 80 76 79 76 79 74 78 77 81 81 77 73 73 76 75 70 62 58 61 56 56 55 52 47 52 49 55 56 57 60 62 58 60 55 59 60 61 68 70 71 72 72 70 74 74 77 76 74 74 74 75 74 72 74 78 79 83 82 81 78 76 82 86 83 87 87 89 89
82 80 75 72 75 70 63 66 64 63 76 80 72 77 77 75 74 76 78 80 78 76 78 79 77 76 84 86 82 83 76 76 76 74 77 76 80 78 81 79 72 76 72 68 63 60 58 61 58 49 60 61 57 51 51 50 62 64 59 55 55 54 64 68 68 69 70 73 73 72 73 72 72 76 74 74 74 73 73 75 73 79 76 80 79 78 78 73 72 72 71 83 87 84 84 88
82 78 65 61 66 70 64 72 62 70 77 80 70 70 75 67 71 69 74 80 79 77 78 75 79 78 83 86 81 81 78 73 73 71 72 73 77 75 75 77 74 77 73 68 68 66 58 56 60 55 64 53 48 47 47 51 53 50 59 60 54 58 64 59 62 60 69 71 72 73 74 73 74 74 74 73 73 75 76 80 76 81 81 82 79 76 75 73 70 82 81 77 77 83 82 86
83 78 70 65 63 66 65 65 71 76 78 74 66 64 65 60 68 68 77 79 80 80 78 77 82 85 83 85 80 75 76 77 75 72 69 70 71 70 70 72 77 78 74 70 67 65 61 60 65 66 68 57 51 44 44 48 42 51 58 62 56 57 68 60 49 64 59 72 67 70 72 73 74 73 72 71 71 73 78 77 76 80 78 79 76 74 68 74 79 70 69 71 74 74 78 83
76 82 77 73 68 65 65 70 71 75 77 74 75 67 63 62 62 71 77 78 79 80 82 82 83 78 79 86 86 84 76 77 74 77 71 73 74 72 72 72 74 79 76 72 75 64 69 72 72 69 66 62 60 58 47 45 42 47 49 54 57 61 63 56 54 59 67 60 64 68 66 69 72 73 70 69 69 68 74 71 74 73 72 77 73 73 74 77 68 67 64 68 69 72 70 80
80 81 82 79 72 67 64 64 66 70 76 77 76 68 66 66 62 64 69 74 77 78 82 78 79 77 81 86 87 84 76 81 77 74 74 70 73 77 77 74 73 79 74 73 74 74 70 64 72 72 69 68 63 59 53 55 49 49 57 54 57 64 66 56 55 66 62 59 64 63 64 66 71 73 66 63 64 70 66 68 71 66 69 73 70 77 79 70 67 62 63 63 70 61 72 78
75 75 77 81 76 63 62 64 62 66 72 70 76 63 62 68 66 65 68 73 76 76 74 76 73 83 85 81 85 82 83 77 76 70 72 74 74 76 75 74 78 79 72 75 76 67 63 56 61 70 66 70 68 66 64 62 50 51 46 48 60 61 60 60 63 60 55 59 60 60 61 63 69 71 60 58 63 63 65 65 61 65 67 77 78 82 78 68 64 60 63 68 69 68 70 70
69 60 70 80 75 62 60 62 63 64 66 65 74 70 64 67 66 63 67 73 78 79 78 79 78 82 83 79 84 82 84 80 73 73 71 65 67 71 73 80 80 78 74 79 77 75 71 67 61 61 63 68 68 67 67 65 65 55 51 52 55 57 60 60 59 63 53 62 56 60 66 66 70 67 54 62 64 67 67 63 65 66 68 75 69 68 80 71 66 70 65 65 63 64 72 68
73 74 75 80 76 69 63 64 66 66 62 66 70 75 74 73 67 64 66 73 78 79 79 79 83 82 79 80 87 83 83 76 73 77 69 62 65 73 72 78 75 81 78 71 69 71 70 72 65 61 61 74 68 58 60 60 50 47 51 57 56 57 57 58 54 59 57 56 61 66 60 66 70 60 61 66 73 65 70 66 76 68 67 79 78 66 71 65 73 74 75 69 69 65 66 70
73 79 80 77 79 75 67 69 63 69 67 68 72 74 71 68 68 66 73 76 78 74 76 80 81 82 81 81 81 87 85 75 77 77 71 69 71 77 74 82 76 75 73 74 74 76 76 77 73 72 76 74 71 65 55 57 50 59 56 58 56 56 55 55 55 52 54 58 58 58 59 61 67 56 62 65 65 68 76 78 75 74 80 68 67 76 61 67 77 72 69 65 67 68 66 66
74 79 75 73 76 77 75 67 64 66 71 72 74 74 72 71 73 71 73 76 76 74 77 78 79 81 80 82 83 86 86 78 75 77 78 75 75 77 78 82 73 72 73 78 76 72 77 76 72 73 74 72 70 60 62 53 50 62 59 59 61 57 54 55 58 53 55 60 60 58 59 60 63 60 65 63 69 65 77 69 73 65 66 69 66 69 66 69 71 69 69 65 62 64 62 65
75 78 68 65 72 65 73 67 64 69 71 69 70 74 71 64 69 78 71 68 71 66 72 77 79 80 79 82 85 81 84 86 78 78 78 77 77 78 79 78 78 77 81 80 80 77 76 76 79 77 70 74 67 66 60 61 52 58 61 60 63 55 55 56 58 61 54 58 57 56 55 59 61 64 65 65 63 66 72 72 73 70 60 65 60 73 68 67 69 70 65 65 60 64 62 62
74 78 63 62 71 66 70 67 61 65 69 66 71 72 71 73 70 64 64 67 64 58 66 74 78 81 84 84 78 76 82 86 83 85 78 77 77 79 82 77 82 77 74 73 72 71 71 71 69 70 66 68 66 69 64 62 61 60 59 61 70 59 56 68 57 58 57 55 55 58 61 61 62 64 63 61 67 66 73 69 62 62 59 60 55 61 72 72 63 60 59 62 59 61 66 68
72 78 70 65 68 69 70 66 57 58 63 71 72 62 71 74 72 68 71 65 62 59 67 71 76 83 84 76 75 77 78 86 83 75 79 76 78 78 82 78 82 77 76 74 73 74 70 66 67 66 67 66 64 70 72 73 64 65 64 63 65 68 64 56 66 61 66 62 59 54 55 63 62 63 64 61 61 69 72 66 65 65 60 55 61 66 62 63 63 63 59 57 59 69 75 75
77 73 75 69 58 62 66 60 53 60 64 70 69 69 73 74 74 75 74 73 66 61 70 79 73 83 81 74 76 79 77 85 83 79 75 76 81 83 84 83 83 80 78 75 76 69 71 71 63 66 70 65 70 68 72 70 67 71 68 70 58 60 64 57 58 71 56 65 59 59 63 64 65 62 68 63 68 70 68 64 66 59 58 58 57 69 60 59 61 61 59 59 63 60 63 75
71 70 77 69 60 56 57 54 56 62 62 66 69 69 73 74 76 77 77 78 75 73 77 80 81 83 81 76 77 78 85 77 76 74 74 84 83 80 75 75 75 80 78 78 75 71 66 63 65 61 68 66 65 66 72 72 75 73 70 70 61 69 69 62 61 64 66 68 57 59 63 63 66 69 71 69 70 75 67 62 60 59 56 55 64 68 59 56 58 60 60 57 59 61 68 64
71 69 74 73 65 57 54 53 54 62 68 71 64 71 70 75 75 76 77 76 77 80 81 82 79 73 73 74 78 77 78 86 79 76 77 78 84 77 78 75 76 76 79 79 78 76 74 71 71 72 74 74 64 69 73 74 75 72 76 72 62 72 62 60 61 66 67 58 63 56 59 60 58 61 66 72 63 66 71 63 65 65 64 63 61 60 68 60 55 56 63 60 63 63 63 65
68 68 75 73 63 55 55 55 56 56 59 67 71 67 70 75 76 74 74 71 76 76 79 78 74 75 74 75 81 77 80 86 78 75 75 82 82 79 82 76 76 80 76 76 76 76 75 74 73 76 75 72 68 71 69 77 76 72 73 71 67 71 62 56 62 66 57 60 60 57 64 67 67 67 67 66 62 63 63 71 66 60 63 57 61 58 58 64 57 62 59 71 66 73 71 69
69 74 69 75 64 55 55 58 64 65 66 72 74 67 72 73 76 73 76 71 71 77 78 73 77 72 74 78 81 84 79 86 81 81 81 85 79 81 84 83 83 80 79 77 76 75 75 75 72 78 75 75 70 73 76 75 78 76 73 71 77 65 68 61 69 68 73 63 64 61 61 64 63 62 68 63 55 55 67 60 61 62 58 56 58 58 62 64 66 64 62 67 68 73 72 76
70 68 71 74 66 57 57 55 61 67 67 74 77 72 73 74 76 73 74 73 74 76 79 79 78 76 77 80 84 74 81 84 85 85 86 85 84 80 84 85 85 84 79 77 76 81 80 71 78 79 74 75 75 73 74 76 79 76 76 77 71 71 68 70 72 74 70 60 66 54 54 55 67 67 70 53 56 61 62 59 62 58 54 55 56 57 61 55 57 63 57 59 70 74 72 68
68 59 60 72 67 62 58 55 57 62 71 75 77 79 73 75 78 76 79 75 74 78 80 81 80 81 80 84 83 80 81 82 84 82 75 75 75 75 77 78 78 81 84 81 83 83 78 76 80 74 78 75 77 74 75 80 79 79 77 76 71 73 70 77 67 62 63 56 59 62 60 53 64 70 62 56 54 60 59 61 59 52 52 52 55 58 61 55 58 56 62 62 65 73 70 68
65 56 60 71 65 55 55 55 55 60 68 74 77 79 77 71 75 80 78 76 78 77 78 82 82 81 81 81 80 78 78 83 78 85 80 80 76 75 75 76 75 80 81 80 80 83 84 81 79 78 78 77 80 79 80 80 80 78 75 70 73 78 76 70 68 60 57 62 62 62 62 53 57 62 60 60 57 57 57 54 53 52 56 51 54 57 53 57 55 53 56 55 61 68 66 60
59 61 68 69 65 54 55 56 58 64 69 76 78 80 81 76 73 76 81 83 76 74 76 78 79 78 79 79 75 77 80 81 81 83 83 84 83 76 78 78 75 75 77 76 78 77 84 82 79 81 80 76 81 82 82 79 78 79 80 77 79 74 71 72 70 60 62 70 68 65 57 58 57 65 71 59 61 62 61 62 56 51 58 60 55 57 56 52 59 62 60 59 61 58 58 69
60 65 68 67 57 50 51 55 62 65 70 74 78 79 82 79 74 76 75 82 77 75 76 78 75 78 79 79 77 79 78 78 81 83 79 77 80 82 80 79 76 75 76 76 75 78 76 83 83 83 77 80 77 79 78 75 73 75 76 80 77 75 74 67 76 72 72 72 66 58 58 64 59 61 58 54 55 56 59 54 57 63 57 57 57 61 60 56 61 68 64 61 63 58 60 61
56 60 67 62 54 51 53 55 57 65 70 75 78 80 81 82 77 71 73 79 84 80 75 74 75 78 74 75 80 77 73 79 80 81 79 78 75 82 83 80 76 77 76 76 77 75 74 83 80 79 76 74 73 74 73 72 71 75 78 79 76 76 75 67 69 65 66 65 60 59 57 67 55 55 56 54 54 58 60 57 53 59 56 56 57 58 62 55 63 66 61 62 59 62 58 59
55 55 63 54 53 54 55 56 62 65 72 77 79 80 82 83 81 77 80 79 85 77 81 75 78 77 75 76 76 75 77 76 79 81 81 77 79 81 81 82 79 81 79 77 76 77 77 78 83 78 79 77 76 72 75 74 74 75 76 76 73 72 74 76 74 70 68 65 61 59 61 66 57 60 58 53 53 55 60 54 54 56 67 54 69 54 61 63 64 71 60 59 63 61 60 58
