Climate/data/grids_germany_multi_annual_precipitation_1981-2010_05.asc
NCOLS 654
NROWS 866
XLLCORNER 3280414.711633467
YLLCORNER 5237500.62890625
CELLSIZE 1000
NODATA_VALUE -999
[rows 530 to 582 of 866, columns 0 to 95 of 654]
-999 -999 -999 -999 -999 -999 -999 -999 -999 -999 -999 -999 -999 -999 -999 -999 -999 -999 -999 -999 -999 74 75 76 74 75 77 77 77 79 80 82 82 81 79 79 79 78 79 77 80 81 80 78 76 75 74 74 73 74 74 73 71 74 75 77 75 76 76 75 73 73 74 74 76 75 75 72 72 73 74 74 76 76 72 71 74 70 70 70 68 64 64 74 69 65 63 64 62 60 58 64 65 66 66 67
-999 -999 -999 -999 -999 -999 -999 -999 -999 -999 -999 -999 -999 -999 -999 -999 -999 -999 -999 -999 70 72 73 73 73 75 75 76 75 77 80 82 79 78 77 77 79 78 77 81 80 81 81 78 76 75 73 75 73 75 75 73 71 72 73 74 76 76 76 77 72 72 72 73 74 72 72 71 71 73 75 71 70 71 72 70 70 69 70 68 64 65 70 71 68 64 68 67 63 63 56 62 62 66 65 68
-999 -999 -999 -999 -999 -999 -999 -999 -999 -999 -999 -999 -999 -999 -999 -999 -999 -999 -999 -999 72 72 74 73 73 73 74 74 76 78 80 76 77 77 77 76 78 78 76 76 78 80 79 79 78 75 72 73 75 76 75 75 72 73 73 72 73 73 75 76 76 74 72 72 74 73 70 71 73 73 74 71 70 72 70 70 70 68 67 68 64 68 68 68 70 66 65 68 64 65 64 63 62 61 64 63
-999 -999 -999 -999 -999 -999 -999 -999 -999 -999 -999 -999 -999 -999 -999 -999 -999 -999 72 71 71 73 70 72 72 72 73 73 76 80 77 75 75 74 75 74 78 75 76 78 77 80 79 77 75 74 72 74 77 71 75 75 75 73 69 69 74 75 75 77 76 76 74 70 72 71 70 71 71 74 73 70 69 70 71 68 68 68 69 65 69 69 69 71 72 67 65 65 64 64 67 66 67 68 71 69
-999 -999 -999 -999 -999 -999 -999 -999 -999 -999 -999 -999 -999 -999 -999 -999 -999 69 71 71 71 71 71 72 72 73 72 74 75 77 76 74 75 73 73 77 77 74 76 77 77 76 77 75 76 75 74 76 75 73 75 73 73 72 70 72 73 75 75 74 78 74 72 74 70 70 68 69 71 74 72 71 70 69 70 69 69 67 67 67 69 73 73 75 72 70 69 69 67 66 66 66 69 69 71 70
-999 -999 -999 -999 -999 -999 -999 -999 -999 -999 -999 -999 -999 -999 -999 -999 -999 69 69 71 73 73 73 73 73 71 73 75 74 74 74 73 74 73 75 74 74 73 77 75 77 77 77 77 77 73 76 74 72 72 69 70 73 74 68 73 72 75 74 75 77 74 72 72 69 67 68 71 73 73 72 70 69 67 67 70 69 68 68 72 69 71 73 73 73 71 68 70 71 71 68 68 69 67 70 70
-999 -999 -999 -999 -999 -999 -999 -999 -999 -999 -999 -999 -999 -999 -999 -999 -999 69 71 70 69 72 75 74 73 71 72 72 72 74 74 72 75 71 75 74 73 75 73 77 76 77 77 76 75 77 75 76 76 73 71 70 71 72 71 70 71 75 76 77 75 72 74 71 70 67 71 70 71 71 71 70 69 68 68 67 68 67 69 70 65 71 69 74 74 73 70 69 70 69 70 69 69 67 69 67
-999 -999 -999 -999 -999 -999 -999 -999 -999 -999 -999 -999 -999 -999 -999 70 68 71 72 72 74 72 72 73 72 71 72 72 72 71 72 73 74 74 72 71 76 74 74 75 76 76 75 77 78 80 77 75 75 74 71 73 72 74 74 74 72 77 75 76 75 72 68 72 68 67 71 70 71 69 71 70 69 66 69 66 68 66 69 70 67 67 70 70 73 74 73 71 70 67 70 70 69 70 70 69
-999 -999 -999 -999 -999 -999 -999 -999 -999 -999 -999 -999 -999 -999 73 71 70 71 74 75 73 74 73 73 72 74 71 70 72 73 70 72 72 70 70 72 75 74 74 74 75 76 76 77 79 78 77 76 75 74 73 73 74 74 76 74 76 73 75 73 75 73 68 71 69 68 70 67 70 68 71 69 68 67 68 68 72 68 69 70 68 68 68 68 71 72 75 73 71 73 70 69 67 69 69 69
-999 -999 -999 -999 -999 -999 -999 -999 -999 -999 -999 -999 -999 -999 72 70 70 73 73 75 74 75 75 74 72 70 72 69 70 70 69 68 70 72 73 74 74 72 73 75 74 74 76 79 77 77 75 72 72 73 73 70 72 75 72 75 77 74 74 75 75 75 69 67 70 68 69 71 70 69 68 70 69 68 68 70 71 72 69 66 69 71 70 67 71 71 73 73 73 72 71 71 69 69 65 63
-999 -999 -999 -999 -999 -999 -999 -999 -999 -999 -999 -999 -999 73 73 70 72 75 75 74 74 74 74 74 75 73 71 70 70 70 69 71 75 73 74 76 73 72 73 73 74 74 76 78 78 76 76 72 75 73 71 73 71 74 76 76 77 76 75 71 70 70 71 71 68 70 70 69 68 69 70 72 68 69 67 72 71 74 71 71 69 70 74 71 63 72 73 72 71 71 71 71 68 69 69 69
-999 -999 -999 -999 -999 -999 -999 -999 -999 -999 -999 -999 -999 72 73 70 72 74 75 74 74 74 75 75 74 71 71 70 70 70 69 73 73 74 74 75 73 73 72 74 74 75 75 77 76 75 74 77 75 70 70 73 75 72 76 78 75 75 75 70 70 74 72 68 67 71 70 68 68 68 70 71 69 68 69 70 72 73 70 70 71 73 74 74 69 63 69 69 71 68 67 68 69 66 66 69
-999 -999 -999 -999 -999 -999 -999 -999 -999 -999 -999 -999 -999 74 71 70 72 74 76 74 74 75 74 76 74 72 70 68 69 67 69 70 71 72 73 74 70 73 72 72 74 74 76 76 76 74 77 73 74 68 76 77 75 77 77 80 76 74 73 69 71 74 71 68 69 68 70 69 67 68 70 68 68 69 66 69 68 68 69 70 70 72 74 72 72 72 63 66 70 71 70 68 64 60 61 61
-999 -999 -999 -999 -999 -999 -999 -999 -999 -999 -999 -999 -999 75 73 70 72 75 75 75 76 75 75 75 74 73 69 67 67 66 67 67 70 70 72 73 71 71 70 73 77 75 74 74 76 74 73 74 69 70 71 72 77 77 77 73 72 71 73 71 71 71 72 70 71 70 71 69 67 67 68 71 71 69 69 67 68 68 69 70 72 72 71 69 70 70 69 65 70 59 59 63 71 71 71 71
-999 -999 -999 -999 -999 -999 -999 -999 -999 -999 -999 -999 -999 72 70 75 76 75 75 76 76 77 74 73 74 73 72 70 68 64 64 70 67 69 72 73 73 70 73 76 73 74 73 76 76 77 77 77 71 71 75 73 73 80 76 73 72 72 72 70 72 70 71 66 72 72 70 67 66 67 70 69 69 69 68 65 67 69 69 69 71 70 69 68 69 69 70 63 67 62 70 71 74 74 74 73
-999 -999 -999 -999 -999 -999 -999 -999 -999 -999 -999 -999 -999 75 76 75 75 76 78 78 77 77 75 75 75 73 70 68 67 64 64 68 71 74 72 72 69 73 74 74 73 76 75 76 76 75 75 71 74 75 76 77 79 76 74 72 73 73 70 69 72 72 70 66 69 71 70 70 68 69 69 71 69 70 69 68 65 69 67 68 69 69 68 67 67 70 70 69 60 63 68 63 63 66 74 74
-999 -999 -999 -999 -999 -999 -999 -999 -999 -999 -999 -999 -999 76 73 77 74 76 79 78 76 75 75 77 75 75 74 70 69 65 67 69 72 71 75 70 71 72 74 73 73 73 75 75 76 75 74 70 73 77 78 77 76 74 73 74 73 72 68 73 71 68 67 69 71 71 71 70 69 69 70 70 71 68 69 68 67 69 68 66 64 65 65 62 65 68 68 66 65 66 71 73 65 75 76 71
-999 -999 -999 -999 -999 -999 -999 -999 -999 -999 -999 -999 -999 72 74 78 77 75 77 78 76 75 77 77 79 77 74 71 72 67 69 69 71 71 75 75 71 68 70 72 72 75 73 75 75 78 77 70 71 74 79 76 77 76 75 73 74 72 72 72 72 71 70 72 71 71 72 71 71 68 69 71 69 68 68 68 69 68 65 66 63 60 58 58 67 68 69 70 70 69 72 73 64 74 78 70
-999 -999 -999 -999 -999 -999 -999 -999 -999 -999 -999 -999 -999 73 77 79 80 79 75 77 75 77 78 78 78 78 75 71 67 67 70 67 72 70 73 73 72 71 69 72 73 73 72 76 76 76 77 69 73 71 75 75 74 74 73 72 74 73 72 68 72 71 66 68 73 72 71 71 71 72 69 71 68 69 68 69 68 68 65 65 64 61 64 57 63 61 63 68 70 70 72 69 66 75 73 74
-999 -999 -999 -999 -999 -999 -999 -999 -999 -999 -999 -999 -999 77 79 79 78 80 77 74 73 77 79 78 77 78 76 74 68 68 67 70 70 72 72 73 73 70 68 73 70 75 74 73 75 73 75 69 71 74 74 76 74 73 73 70 73 74 67 71 68 69 66 72 72 73 72 73 68 70 71 67 68 69 66 69 69 68 61 66 66 64 60 67 65 63 64 69 72 68 62 63 62 69 72 71
-999 -999 -999 -999 -999 -999 -999 -999 -999 -999 -999 -999 -999 72 78 80 78 80 78 74 78 79 79 78 78 78 77 75 74 71 68 72 72 74 74 75 72 73 71 69 72 69 74 74 74 74 75 69 69 76 76 74 74 70 73 73 76 74 69 71 71 69 69 70 70 71 71 72 71 71 71 69 68 69 66 69 63 67 65 69 67 67 65 66 56 59 57 62 67 68 65 74 68 70 70 70
-999 -999 -999 -999 -999 -999 -999 -999 -999 -999 -999 -999 -999 77 81 81 81 81 76 74 79 79 76 80 80 79 76 75 74 71 70 69 68 70 74 73 72 71 72 71 72 72 73 72 72 74 70 66 70 75 73 73 73 70 70 72 76 74 73 71 72 68 70 70 71 72 72 72 72 69 71 69 67 69 68 70 67 70 63 66 68 67 67 65 61 59 64 60 60 64 59 63 66 71 73 72
-999 -999 -999 -999 -999 -999 -999 -999 -999 -999 -999 -999 -999 75 81 79 81 79 75 79 78 78 75 79 80 79 75 75 74 72 74 69 67 72 73 73 72 70 71 70 67 71 71 71 70 69 73 66 73 73 73 72 71 70 74 74 75 71 73 72 71 69 69 66 70 71 70 71 71 69 70 70 69 67 69 68 63 68 68 65 63 68 63 68 65 56 60 69 68 57 58 65 72 68 72 75
-999 -999 -999 -999 -999 -999 -999 -999 -999 -999 -999 -999 -999 73 80 79 79 78 78 77 78 79 75 77 78 77 76 75 76 75 75 75 74 69 69 74 70 69 71 69 66 70 70 70 70 69 72 64 71 71 70 70 71 72 67 69 74 71 70 71 68 67 64 68 71 72 70 70 71 70 67 69 69 64 70 70 70 63 64 64 62 67 65 67 65 57 65 62 62 65 69 73 71 70 73 72
-999 -999 -999 -999 -999 -999 -999 -999 -999 -999 -999 -999 -999 -999 77 79 79 78 78 72 78 78 77 77 76 77 73 76 73 75 75 74 74 72 66 68 72 69 69 70 67 69 71 69 68 69 70 65 68 69 69 68 69 68 68 69 72 74 71 71 69 68 67 69 71 69 71 71 70 70 69 68 71 68 71 72 69 64 68 67 65 61 58 58 70 58 65 65 67 71 72 73 73 73 73 74
-999 -999 -999 -999 -999 -999 -999 -999 -999 -999 -999 -999 -999 -999 74 79 75 74 73 73 78 79 76 74 72 77 71 75 74 72 72 74 73 68 66 70 71 71 68 69 67 69 70 68 68 70 65 67 69 68 69 67 67 69 69 69 70 72 72 71 70 68 67 67 70 71 70 70 69 71 71 67 70 66 72 71 70 71 70 68 66 70 65 60 59 57 64 69 71 71 72 72 71 75 74 71
-999 -999 -999 -999 -999 -999 -999 -999 -999 -999 -999 -999 -999 -999 73 75 73 78 76 76 78 80 79 75 71 74 73 73 69 69 74 75 73 71 68 69 70 69 68 68 65 69 68 68 64 68 69 69 70 69 68 69 67 67 68 70 70 66 69 70 69 68 67 65 70 70 70 66 70 72 72 72 71 64 71 71 72 70 73 73 70 66 67 59 64 58 59 61 64 61 64 69 73 73 72 73
-999 -999 -999 -999 -999 -999 -999 -999 -999 -999 -999 -999 -999 -999 73 77 74 78 79 79 78 74 77 75 76 71 75 75 72 70 74 74 71 68 66 69 69 67 68 68 65 68 69 67 65 66 67 68 69 68 67 67 66 67 68 69 71 72 67 69 68 67 68 66 67 67 70 70 72 73 72 67 69 64 68 73 72 73 69 67 65 63 64 60 58 60 58 62 58 68 73 71 73 75 75 76
-999 -999 -999 -999 -999 -999 -999 -999 -999 -999 -999 -999 -999 -999 72 72 76 79 76 78 74 76 79 77 77 68 74 73 73 72 72 72 70 69 68 66 67 67 68 68 66 70 69 66 65 65 68 67 67 67 69 67 67 67 67 64 71 71 69 66 67 67 69 70 70 66 71 70 72 69 67 67 68 67 65 66 67 68 67 65 64 64 61 63 59 66 60 66 65 60 65 72 66 73 75 75
-999 -999 -999 -999 -999 -999 -999 -999 -999 -999 -999 -999 -999 -999 70 70 75 75 77 74 74 77 76 77 76 74 71 72 71 72 72 71 71 70 70 72 67 66 68 67 65 68 69 69 68 65 67 68 67 67 68 66 67 66 68 67 68 70 68 68 67 67 69 70 70 66 64 64 66 66 67 67 66 65 65 66 65 64 64 65 62 61 66 71 60 66 65 58 60 61 61 62 67 73 70 71
-999 -999 -999 -999 -999 -999 -999 -999 -999 -999 -999 -999 -999 -999 -999 71 68 73 77 74 73 76 73 76 73 72 67 71 72 70 71 71 69 72 67 69 65 66 68 67 67 68 68 68 67 64 67 67 68 68 67 66 66 67 68 69 70 70 68 67 67 65 69 70 69 70 69 64 68 65 65 65 64 64 63 64 63 63 64 63 63 65 72 71 61 67 69 70 67 62 62 69 72 65 70 71
-999 -999 -999 -999 -999 -999 -999 -999 -999 -999 -999 -999 -999 -999 -999 70 68 74 77 76 74 76 74 73 72 75 69 69 70 70 71 70 71 70 67 66 64 66 66 66 65 67 66 66 64 63 66 66 67 67 67 67 65 67 67 69 67 68 67 67 68 68 68 70 70 68 66 63 64 64 63 62 62 62 62 63 63 65 65 68 67 72 73 71 59 68 70 71 72 72 63 60 68 68 67 71
-999 -999 -999 -999 -999 -999 -999 -999 -999 -999 -999 -999 -999 -999 -999 72 67 74 70 75 73 72 72 74 72 73 70 66 67 69 70 70 67 69 68 64 65 66 67 66 64 65 66 64 64 62 65 65 65 65 66 68 66 66 68 69 65 66 67 67 68 67 70 70 68 65 65 62 62 62 62 63 62 62 62 63 64 66 71 74 74 73 72 70 59 66 70 70 68 69 71 69 69 70 66 66
-999 -999 -999 -999 -999 -999 -999 -999 -999 -999 -999 -999 -999 -999 -999 70 69 69 66 74 74 70 73 67 69 70 68 67 69 73 71 70 69 66 66 67 68 69 66 65 64 66 65 64 65 65 63 66 65 66 64 65 66 66 68 68 66 65 64 66 69 69 69 69 65 64 64 64 63 62 62 62 62 62 64 63 66 65 65 71 69 65 62 60 66 60 61 66 63 62 64 67 69 71 69 70
-999 -999 -999 -999 -999 -999 -999 -999 -999 -999 -999 -999 -999 -999 -999 74 70 70 68 70 73 71 67 68 67 67 70 67 67 71 72 71 70 68 66 67 69 69 67 65 67 66 66 65 65 67 65 62 63 63 64 64 64 68 67 68 67 65 68 69 69 65 69 68 66 65 65 65 65 64 62 61 62 62 66 65 61 62 63 60 62 62 61 60 67 59 60 64 70 71 67 69 68 71 72 72
-999 -999 -999 -999 -999 -999 -999 -999 -999 -999 -999 -999 -999 -999 -999 -999 74 74 73 68 69 66 65 66 67 66 67 69 69 71 71 70 68 67 66 67 67 68 66 65 65 66 67 66 66 67 68 64 65 60 63 64 65 67 67 67 68 66 68 67 63 68 68 67 65 64 67 65 65 63 62 61 61 61 64 71 61 67 69 64 63 64 64 63 66 60 61 70 70 71 71 67 68 71 70 72
-999 -999 -999 -999 -999 -999 -999 -999 -999 -999 -999 -999 -999 -999 -999 -999 71 74 68 64 65 64 65 64 68 66 69 67 67 68 70 69 67 65 68 67 68 67 66 65 66 67 67 68 68 68 68 64 66 62 63 67 67 66 67 68 67 68 67 67 66 66 65 64 63 66 66 65 62 63 62 62 62 67 71 67 61 63 69 70 70 67 73 64 61 60 70 67 71 71 68 67 70 70 71 72
-999 -999 -999 -999 -999 -999 -999 -999 -999 -999 -999 -999 -999 -999 -999 -999 -999 70 70 66 63 64 64 64 66 65 68 70 71 68 70 69 67 64 68 68 70 66 66 66 67 68 69 69 69 69 68 66 64 66 67 67 67 69 69 70 68 66 67 67 66 67 63 63 70 65 63 63 62 62 64 63 63 62 64 65 69 65 59 67 71 71 74 70 60 68 71 69 63 69 69 70 70 72 73 71
-999 -999 -999 -999 -999 -999 -999 -999 -999 -999 -999 -999 -999 -999 -999 -999 -999 67 67 64 63 62 65 63 65 65 69 72 71 71 66 68 67 66 67 71 69 67 66 66 67 68 69 69 69 69 66 63 64 67 68 68 68 68 69 69 69 67 68 67 69 68 66 64 64 63 63 63 63 64 70 64 63 64 63 62 62 63 66 63 61 72 74 66 65 69 69 71 69 69 68 69 71 72 73 70
-999 -999 -999 -999 -999 -999 -999 -999 -999 -999 -999 -999 -999 -999 -999 -999 -999 -999 -999 64 63 64 65 63 64 63 69 70 71 70 69 66 68 65 68 72 70 67 67 68 67 68 68 70 69 69 67 66 62 68 68 68 68 68 70 70 71 68 68 70 70 69 66 65 62 62 63 63 65 70 67 64 63 62 61 60 63 62 67 67 63 62 72 66 62 70 71 69 71 70 71 70 73 73 72 71
-999 -999 -999 -999 -999 -999 -999 -999 -999 -999 -999 -999 -999 -999 -999 -999 -999 -999 -999 64 62 64 67 65 66 68 69 69 69 69 66 69 66 69 72 73 68 68 68 70 70 70 70 70 69 68 69 65 67 68 70 68 70 70 71 71 71 71 69 67 70 66 64 63 63 62 64 62 67 67 70 66 63 63 61 62 61 64 65 68 67 62 67 73 67 61 63 68 69 70 74 74 73 73 71 69
-999 -999 -999 -999 -999 -999 -999 -999 -999 -999 -999 -999 -999 -999 -999 -999 -999 -999 -999 -999 69 64 66 67 67 67 67 69 68 68 66 65 67 66 72 73 69 69 69 70 70 69 70 70 70 68 69 68 66 67 69 72 72 72 72 72 69 69 71 67 69 64 63 63 62 63 64 66 69 73 73 73 61 61 60 60 60 61 60 62 62 70 72 70 62 70 69 68 72 74 73 74 73 72 70 68
-999 -999 -999 -999 -999 -999 -999 -999 -999 -999 -999 -999 -999 -999 -999 -999 -999 -999 -999 -999 64 67 63 63 65 67 70 70 68 71 69 68 67 65 68 73 70 69 71 69 69 71 68 71 68 70 67 69 70 70 70 71 71 71 72 71 70 72 73 70 67 64 62 64 61 63 68 71 70 74 69 63 61 66 63 61 60 68 63 68 71 70 70 70 70 69 70 72 70 72 73 73 73 70 71 68
-999 -999 -999 -999 -999 -999 -999 -999 -999 -999 -999 -999 -999 -999 -999 -999 -999 -999 -999 -999 -999 66 63 62 66 67 68 71 70 71 72 73 72 72 66 73 67 69 69 71 72 73 72 70 68 70 67 66 64 70 70 70 72 72 73 73 72 71 74 70 64 63 62 62 61 65 71 71 61 62 62 61 64 68 66 62 61 69 72 72 74 72 71 72 69 68 72 71 73 71 73 74 72 69 68 67
-999 -999 -999 -999 -999 -999 -999 -999 -999 -999 -999 -999 -999 -999 -999 -999 -999 -999 -999 -999 -999 -999 65 63 65 65 70 71 67 70 72 73 72 73 69 71 68 68 71 72 72 72 72 72 68 71 69 69 70 64 69 71 73 73 73 74 72 73 71 66 64 63 63 63 62 70 73 69 63 65 62 62 70 67 64 63 64 70 67 69 72 73 74 74 74 74 74 75 75 74 75 74 71 71 71 69
-999 -999 -999 -999 -999 -999 -999 -999 -999 -999 -999 -999 -999 -999 -999 -999 -999 -999 -999 -999 -999 -999 -999 70 72 69 64 71 70 67 71 72 72 72 72 67 70 69 71 70 70 72 72 68 67 70 68 68 70 64 66 72 72 70 72 74 71 71 67 65 65 64 64 68 62 70 69 70 63 67 63 60 69 69 67 65 73 75 74 75 75 72 75 76 76 75 72 75 76 78 75 71 70 72 73 75
-999 -999 -999 -999 -999 -999 -999 -999 -999 -999 -999 -999 -999 -999 -999 -999 -999 -999 -999 -999 -999 -999 -999 -999 72 72 64 70 65 63 66 71 71 71 71 65 65 65 70 69 71 72 71 69 68 66 65 65 65 65 65 67 69 67 70 71 71 70 66 65 65 64 66 64 65 66 69 63 65 63 69 68 72 73 65 72 73 75 77 79 76 77 76 75 76 78 75 75 76 76 73 72 73 75 76 79
-999 -999 -999 -999 -999 -999 -999 -999 -999 -999 -999 -999 -999 -999 -999 -999 -999 -999 -999 -999 -999 -999 -999 -999 -999 70 64 65 68 68 64 71 71 70 70 70 65 65 68 70 72 71 72 70 69 71 67 69 65 62 65 73 69 67 68 70 72 66 65 65 64 65 67 67 64 69 69 62 68 68 65 66 70 75 70 72 69 71 78 82 81 81 78 75 76 76 77 78 76 76 75 75 76 79 80 73
-999 -999 -999 -999 -999 -999 -999 -999 -999 -999 -999 -999 -999 -999 -999 -999 -999 -999 -999 -999 -999 -999 -999 -999 -999 -999 69 65 71 72 69 65 70 70 71 68 68 65 70 71 70 72 68 71 72 69 68 66 63 61 67 69 74 67 68 68 65 65 64 66 69 69 64 67 60 62 61 65 65 67 61 68 72 73 75 73 76 75 81 85 82 79 77 77 77 75 77 75 73 75 77 80 80 80 77 74
-999 -999 -999 -999 -999 -999 -999 -999 -999 -999 -999 -999 -999 -999 -999 -999 -999 -999 -999 -999 -999 -999 -999 -999 -999 -999 -999 65 71 71 70 68 64 67 71 67 67 64 69 71 71 67 70 71 71 68 67 70 70 65 64 65 70 67 64 69 64 64 65 67 71 70 67 60 61 62 61 66 60 68 64 66 69 72 75 76 80 83 83 80 77 76 74 74 75 75 74 72 73 76 80 82 81 77 76 69
-999 -999 -999 -999 -999 -999 -999 -999 -999 -999 -999 -999 -999 -999 -999 -999 -999 -999 -999 -999 -999 -999 -999 -999 -999 -999 -999 -999 -999 70 69 70 69 63 66 66 64 -999 64 63 70 64 69 68 69 69 69 71 70 64 64 65 66 68 63 64 63 63 66 67 74 69 65 65 60 65 61 61 60 72 67 70 71 74 78 78 80 79 78 76 76 74 72 75 75 73 73 73 75 77 81 80 78 77 71 70
-999 -999 -999 -999 -999 -999 -999 -999 -999 -999 -999 -999 -999 -999 -999 -999 -999 -999 -999 -999 -999 -999 -999 -999 -999 -999 -999 -999 -999 -999 -999 70 66 64 63 -999 -999 -999 -999 63 62 62 69 72 70 69 69 69 72 72 65 66 64 62 62 63 63 63 62 69 72 69 69 65 60 67 67 63 64 64 71 69 62 74 78 76 74 74 75 75 74 73 73 73 74 72 72 73 78 82 78 76 74 71 69 68
-999 -999 -999 -999 -999 -999 -999 -999 -999 -999 -999 -999 -999 -999 -999 -999 -999 -999 -999 -999 -999 -999 -999 -999 -999 -999 -999 -999 -999 -999 -999 -999 -999 63 -999 -999 -999 -999 -999 -999 62 64 70 69 71 68 71 70 68 69 66 68 67 62 62 62 62 66 62 63 63 66 69 67 61 67 71 71 67 73 72 73 72 68 71 74 71 75 73 73 71 72 73 71 72 72 75 77 83 81 75 75 69 70 69 68
