Climate/data/grids_germany_multi_annual_precipitation_1981-2010_09.asc
NCOLS 654
NROWS 866
XLLCORNER 3280414.711633467
YLLCORNER 5237500.62890625
CELLSIZE 1000
NODATA_VALUE -999
[rows 561 to 611 of 866, columns 192 to 287 of 654]
56 56 57 57 57 58 59 60 60 60 61 59 59 59 58 57 57 57 57 57 58 58 58 58 58 58 57 57 57 57 57 57 57 57 63 64 67 66 65 65 63 61 65 66 70 68 71 73 70 73 79 81 85 86 89 83 78 78 76 74 76 82 79 83 85 84 73 65 72 66 67 61 65 68 66 65 65 60 54 62 62 61 61 56 57 57 59 60 56 60 61 63 62 62 58 55
56 57 58 58 58 59 59 61 61 60 62 60 59 59 58 58 57 57 57 57 58 58 58 59 57 57 57 57 57 57 57 57 57 57 62 60 61 63 63 63 62 62 64 63 64 66 69 69 74 79 80 85 88 88 91 83 85 76 79 81 82 80 83 87 85 78 77 63 66 62 61 64 68 69 66 62 63 63 53 56 59 58 58 63 54 57 54 59 61 61 62 63 58 60 58 56
57 57 58 58 59 60 61 61 61 61 62 60 60 59 57 57 57 57 57 57 58 58 57 57 58 58 58 58 58 57 59 58 58 58 57 60 60 60 62 61 60 61 65 66 67 66 74 75 81 81 87 82 79 83 87 82 81 79 78 78 87 86 86 83 82 81 75 68 63 62 70 64 69 68 64 61 58 62 61 57 52 52 58 61 59 53 59 62 64 65 62 59 59 58 60 53
56 57 58 58 59 61 61 62 61 61 62 60 60 60 58 58 57 57 57 58 58 58 57 58 58 58 58 58 57 56 59 59 58 58 57 58 58 58 59 60 61 69 70 67 69 65 70 74 84 81 85 88 82 86 87 87 85 79 85 82 81 85 83 76 80 79 70 70 63 63 65 68 64 66 64 63 61 61 62 56 55 53 53 61 61 54 56 59 63 62 61 59 57 56 58 53
56 57 57 58 58 61 61 62 61 61 61 61 60 60 57 58 57 57 57 57 58 58 57 58 58 57 57 56 57 57 57 58 58 57 57 57 58 58 59 61 66 65 70 70 71 71 70 71 71 75 78 82 82 87 86 81 86 86 84 86 84 86 81 82 76 77 72 70 63 61 63 69 67 64 63 62 60 58 62 61 56 55 52 58 57 56 58 59 61 61 58 57 57 58 53 52
56 57 58 58 57 60 61 61 61 60 59 60 60 59 58 58 58 57 57 57 56 57 57 58 58 57 56 57 57 58 57 58 58 57 58 57 58 58 59 63 66 68 69 71 71 66 69 72 77 74 78 79 82 88 83 82 82 86 78 84 79 82 82 81 81 74 77 74 70 61 61 69 68 62 63 62 60 58 60 61 62 62 52 54 59 56 53 59 62 58 56 57 54 51 56 59
57 57 58 57 58 60 61 59 59 59 60 61 61 60 58 58 58 57 56 56 56 56 57 58 58 57 58 57 58 58 58 58 58 58 57 57 57 57 59 63 64 65 67 69 67 67 72 72 80 70 72 76 85 84 85 80 85 85 77 81 78 77 84 84 83 81 82 80 75 65 59 68 66 64 62 60 61 59 60 61 62 56 51 54 57 58 56 61 58 60 57 52 57 60 61 60
58 58 57 57 57 58 58 58 59 60 61 61 60 60 58 58 58 57 56 56 56 56 57 58 58 58 57 58 58 57 58 58 58 58 57 57 58 58 60 63 64 67 68 73 71 68 73 76 79 77 74 80 85 81 79 81 82 82 79 76 73 73 79 78 88 85 81 76 76 65 59 68 65 65 63 60 61 60 61 62 61 57 55 53 56 61 53 52 55 54 55 53 57 57 60 57
58 58 58 57 57 58 60 59 60 61 61 60 59 60 59 58 57 57 57 56 56 56 57 56 58 57 57 57 57 57 58 58 58 59 58 57 57 58 61 65 63 69 68 70 76 70 71 75 80 80 82 81 83 84 83 81 78 81 74 74 76 76 70 74 85 83 80 70 65 60 70 66 65 65 64 61 62 61 62 61 63 56 58 55 52 58 54 60 53 54 56 62 62 60 59 57
58 58 58 58 57 59 60 61 61 61 61 59 59 58 59 59 57 57 57 57 57 56 57 56 56 58 58 58 57 58 59 58 59 59 58 58 58 58 58 62 63 65 71 71 76 76 73 77 75 75 78 84 83 80 80 80 75 72 78 76 87 75 75 72 80 82 72 65 61 67 70 67 65 65 62 62 62 63 62 63 63 62 56 56 53 52 60 57 60 59 57 60 60 61 58 55
58 58 58 58 59 60 60 59 59 59 61 61 61 59 58 58 58 57 57 57 57 56 55 55 56 56 56 57 58 59 59 60 59 59 58 57 58 58 57 59 61 66 64 68 68 79 79 78 76 80 80 81 82 81 79 76 76 80 79 83 85 76 75 68 71 79 79 73 61 62 66 66 66 64 63 62 64 62 62 62 61 62 61 54 54 52 54 55 53 60 60 57 60 58 58 56
58 58 58 59 60 60 61 61 61 61 62 62 61 59 59 58 58 58 58 57 57 56 57 56 56 55 59 58 59 59 59 60 61 59 59 58 58 58 57 60 59 66 67 68 75 74 79 79 69 79 78 81 79 80 78 76 76 80 83 79 76 83 81 71 66 69 75 71 67 58 66 63 66 64 64 63 63 63 63 62 64 61 59 59 56 52 53 56 59 53 54 59 60 58 59 54
58 59 59 60 60 61 62 62 61 61 62 64 62 59 59 59 59 59 58 58 57 58 56 56 59 60 59 61 61 62 60 60 60 61 60 57 58 58 57 61 61 61 62 68 73 74 77 76 71 71 76 80 78 78 80 78 77 79 87 78 77 74 80 79 68 72 63 71 69 61 64 62 61 65 64 62 59 62 59 61 59 59 59 59 55 52 50 52 51 59 60 58 61 56 57 58
59 59 59 60 60 61 61 62 62 62 63 62 60 59 59 59 59 59 58 59 58 58 58 58 60 60 60 64 62 62 62 59 60 64 63 63 59 57 57 60 63 64 65 67 66 66 73 74 72 69 75 79 77 76 78 78 81 85 79 84 83 79 74 76 77 76 69 61 68 63 60 60 60 59 61 59 58 58 58 61 59 58 58 58 53 53 50 50 59 61 61 62 60 57 54 58
60 60 61 61 62 63 63 64 64 64 64 63 62 60 59 59 59 59 58 58 58 58 59 60 62 63 65 61 62 59 60 60 63 63 63 62 63 57 57 58 61 65 65 68 67 69 72 75 70 75 76 76 75 70 72 77 83 79 77 80 80 79 79 76 71 72 71 69 58 64 55 56 60 59 61 61 59 62 57 59 58 55 59 56 52 52 51 50 52 57 59 59 56 58 57 56
60 60 61 61 63 63 63 63 63 65 63 62 62 61 60 59 59 59 59 58 59 57 58 61 62 66 67 61 62 61 64 65 64 61 64 64 63 63 57 57 66 64 63 67 69 69 73 74 68 70 75 75 74 75 75 75 82 75 75 78 78 76 76 75 72 67 68 65 64 57 59 57 56 57 60 61 59 59 59 55 55 56 58 59 54 52 53 51 50 53 60 57 56 57 57 55
60 60 61 61 63 65 65 65 64 66 65 63 62 62 62 60 59 61 60 59 59 58 56 60 61 63 69 67 64 65 67 63 65 61 64 67 64 67 62 58 59 65 63 64 69 71 74 68 68 69 71 74 66 75 74 78 82 75 71 74 77 76 74 73 69 69 65 61 65 57 55 56 56 57 57 60 58 58 58 57 57 57 59 58 59 55 59 53 49 54 58 57 53 57 54 56
60 59 60 61 63 64 66 67 69 68 66 64 64 65 64 62 61 63 61 60 59 58 57 60 60 67 68 69 67 66 62 67 64 62 61 66 69 67 61 59 60 60 61 68 73 72 73 71 64 64 63 63 70 71 78 79 81 78 78 66 74 71 74 71 70 66 63 66 62 59 55 58 57 58 58 55 55 55 55 57 57 61 60 56 59 55 56 55 49 55 59 58 56 54 54 53
59 59 60 63 67 65 67 68 70 70 67 68 66 65 64 65 64 64 62 61 59 59 58 62 64 66 69 67 67 67 64 61 63 66 60 68 67 67 67 59 61 66 66 65 72 71 72 61 71 73 71 66 66 73 73 72 75 76 78 73 70 72 67 71 70 67 67 64 63 60 53 55 57 61 58 57 60 60 57 57 60 60 60 60 57 54 53 58 52 50 56 55 54 53 53 54
60 60 63 66 69 66 68 70 72 72 71 68 66 65 65 64 64 65 62 61 61 61 60 59 60 63 68 67 68 68 67 65 60 59 66 62 67 67 67 60 59 63 67 70 69 64 71 60 70 72 78 70 76 70 72 72 73 76 70 73 71 64 63 70 70 68 66 65 63 61 53 54 60 57 58 58 61 62 60 58 60 60 57 60 57 55 59 56 57 50 51 52 54 51 53 55
60 61 62 64 67 67 71 73 71 72 73 70 67 65 65 65 64 65 63 61 62 65 62 61 62 64 62 67 68 70 68 61 60 69 67 68 62 63 65 60 62 59 61 64 66 62 60 63 63 69 77 75 77 74 69 70 68 68 73 67 70 70 61 68 70 69 66 64 60 54 59 56 59 60 59 60 62 60 58 58 58 57 58 58 58 60 59 59 58 54 50 52 53 52 53 54
61 61 62 63 71 66 70 73 72 74 74 71 70 67 66 64 63 65 64 62 65 65 65 62 63 70 65 69 67 62 65 63 62 68 68 67 65 64 60 60 64 63 61 62 62 61 58 65 67 74 76 70 75 70 69 65 62 64 69 70 70 68 67 59 65 66 64 62 61 56 59 58 56 59 58 60 58 58 60 60 58 57 58 56 59 56 59 58 56 55 50 54 54 52 54 55
61 61 61 64 67 66 70 75 77 77 76 72 69 69 66 63 65 65 65 63 68 69 71 66 69 68 65 67 65 60 59 60 60 64 70 68 64 66 59 61 61 62 66 62 58 57 59 65 67 67 68 67 66 72 67 70 66 70 62 63 64 63 59 65 68 66 63 62 59 53 54 57 57 54 58 57 59 58 58 58 59 56 54 58 56 55 56 57 56 53 48 50 53 52 54 56
59 59 62 66 67 70 70 77 74 74 73 71 70 71 66 63 67 67 66 64 65 66 68 66 69 68 63 65 65 63 66 66 62 65 69 69 66 64 58 60 62 62 66 64 61 60 60 62 71 68 63 70 65 68 64 66 64 70 72 59 62 69 67 59 67 66 62 59 60 58 55 51 55 59 59 58 60 58 61 57 57 54 58 58 54 55 55 56 56 55 51 49 50 48 48 48
61 62 63 65 69 74 76 77 75 75 73 72 70 70 66 65 66 69 65 66 70 66 67 72 66 64 64 60 66 69 69 64 67 69 67 68 66 61 58 58 61 62 64 65 64 59 56 58 62 75 68 71 63 67 64 63 62 65 59 57 57 68 66 60 65 64 61 59 58 55 54 51 57 58 58 60 56 58 57 56 55 57 53 53 54 55 53 54 56 55 54 51 48 48 47 48
63 64 65 67 72 76 78 77 78 75 76 74 73 70 66 67 65 65 63 68 69 71 69 69 63 62 63 61 67 69 69 63 63 68 70 68 60 61 58 58 60 62 62 64 63 62 59 61 66 73 62 69 66 63 59 62 61 60 56 56 59 64 56 56 62 63 60 58 56 52 51 49 55 57 55 57 56 58 56 57 56 55 55 56 55 51 52 53 54 56 56 54 53 51 46 48
64 65 68 68 74 77 78 78 74 73 75 70 70 69 69 71 69 65 64 65 68 67 69 66 64 63 64 64 69 68 66 63 64 67 67 61 64 65 61 58 58 56 62 63 64 61 59 60 69 74 67 59 62 63 54 58 56 57 60 56 62 56 59 56 55 57 54 56 53 54 55 55 55 56 55 56 57 57 60 58 57 58 57 53 52 50 51 52 55 54 54 56 55 53 45 45
65 65 68 70 74 78 79 78 73 74 74 71 72 73 68 74 72 69 65 64 66 73 69 67 66 64 61 66 69 68 67 64 65 66 64 62 70 65 59 59 58 57 62 61 60 60 58 61 70 71 63 54 55 55 63 55 56 65 69 61 55 56 65 63 54 55 54 56 52 52 50 51 50 51 54 57 61 61 63 59 58 58 57 52 53 53 50 51 54 54 54 52 54 49 48 42
67 68 73 73 76 82 80 77 74 77 74 70 79 68 71 76 72 68 66 64 69 71 72 65 65 69 64 64 67 66 68 68 66 66 63 64 68 65 65 59 58 54 55 55 61 61 60 62 71 60 63 55 69 69 67 63 57 63 69 64 68 59 65 64 54 52 58 55 54 57 55 51 53 54 53 55 58 58 56 57 57 57 57 54 54 53 55 52 55 56 55 51 53 53 48 45
67 71 75 75 78 83 82 76 78 75 73 77 76 82 80 77 75 73 68 68 72 74 72 68 65 62 63 62 63 64 68 71 71 69 68 70 71 71 65 62 58 54 61 60 62 61 59 67 63 57 66 53 59 70 69 67 59 67 65 65 64 62 62 61 55 56 60 52 51 53 55 56 56 49 57 60 60 61 59 58 58 58 58 57 52 54 53 54 57 56 55 56 54 52 49 47
67 78 76 77 81 82 80 80 79 81 80 72 77 79 77 77 75 73 69 71 75 78 73 70 64 69 65 63 65 66 65 68 70 75 75 73 72 65 62 57 56 54 64 65 62 58 59 70 62 55 54 52 68 69 66 60 55 63 61 60 59 61 61 55 49 50 59 57 54 56 52 50 52 54 54 59 57 58 63 59 59 59 58 58 58 57 55 57 56 58 56 56 54 52 52 49
71 76 78 79 83 86 79 79 79 81 82 85 84 86 82 80 77 76 72 72 75 79 74 68 69 69 69 63 70 69 65 68 70 76 75 75 74 67 64 63 58 58 54 66 59 57 60 68 53 56 60 66 68 67 63 61 60 59 59 59 59 60 58 57 54 53 55 59 60 58 58 55 56 55 55 57 57 61 58 58 56 59 57 58 56 56 56 58 57 58 56 55 52 50 52 51
78 90 79 82 86 82 79 77 81 85 90 94 90 81 83 80 77 78 78 77 77 80 73 70 68 67 66 66 71 73 73 70 72 77 76 74 74 65 72 71 64 64 58 54 54 61 65 59 55 57 68 60 60 63 61 62 61 59 58 58 59 58 56 57 56 52 51 57 59 60 56 58 56 57 56 54 59 58 58 57 54 57 57 57 59 59 59 57 56 58 58 53 51 51 52 52
72 83 74 78 77 74 78 81 80 85 89 91 89 85 84 79 82 78 79 80 78 78 75 73 71 72 70 70 68 69 70 73 75 78 78 76 70 72 69 65 65 67 68 54 53 53 55 52 55 65 60 58 64 63 62 60 59 58 59 57 59 57 55 54 52 46 48 52 53 56 57 57 59 57 57 57 58 57 58 58 53 58 57 58 60 60 58 56 56 56 58 54 54 51 53 55
67 73 72 74 73 75 76 85 87 85 88 89 87 79 78 77 77 76 82 85 90 85 77 74 75 75 73 73 76 75 75 73 77 79 77 72 66 74 74 62 63 59 59 56 55 54 53 53 52 56 54 52 64 64 61 60 58 58 58 57 58 57 54 52 49 52 52 47 55 56 53 54 50 59 54 57 57 57 52 53 57 58 56 56 56 59 57 56 56 57 58 55 54 54 53 54
65 71 72 75 81 80 84 92 87 81 85 94 85 80 75 79 80 77 81 82 88 85 81 78 74 73 73 67 75 79 73 73 74 79 74 70 64 69 74 72 70 69 70 66 55 59 54 55 56 63 65 57 59 62 61 59 57 57 57 59 59 57 54 49 52 53 51 46 52 48 48 52 48 53 54 57 58 53 53 57 57 56 58 55 58 56 56 55 55 57 57 55 56 54 54 54
65 69 72 74 72 73 85 90 86 84 79 83 82 78 77 80 82 77 80 81 85 84 83 85 79 78 72 69 69 77 76 75 75 78 78 77 74 65 67 69 74 72 68 55 64 66 67 68 67 70 61 64 53 60 60 57 55 54 59 59 58 57 54 53 54 56 48 53 56 53 47 56 55 58 53 58 53 54 56 58 57 58 56 52 56 56 55 54 57 56 55 56 55 55 55 54
64 67 70 70 72 81 89 93 93 82 75 84 80 79 79 82 79 76 78 78 87 82 82 84 78 76 72 69 71 74 76 80 81 80 76 77 77 68 64 63 71 64 70 56 68 69 71 73 69 69 62 63 63 52 57 58 57 56 59 59 58 57 55 53 49 49 54 56 56 56 55 57 52 50 56 57 51 57 56 59 60 59 56 51 53 52 55 52 57 54 53 55 54 55 55 54
64 69 68 72 81 85 88 84 86 78 76 79 74 75 81 85 76 78 79 84 85 85 83 84 79 76 73 69 71 73 78 80 81 79 80 71 71 73 69 65 59 57 64 56 71 70 71 67 72 70 62 63 62 60 51 52 57 60 59 61 60 58 57 56 54 54 55 55 55 56 53 55 53 48 50 50 58 57 61 59 59 58 55 51 52 52 56 52 54 54 54 55 55 56 54 55
64 65 72 77 78 84 80 85 75 76 74 75 74 75 83 83 78 79 84 85 85 84 80 82 79 80 74 70 72 77 78 73 79 81 78 78 78 68 67 63 69 72 56 59 61 59 67 68 71 70 64 62 61 60 57 60 58 50 54 60 59 58 58 59 57 55 56 58 55 58 58 58 59 50 50 51 55 57 60 58 58 56 55 51 52 52 56 57 52 53 54 55 56 55 54 53
65 67 72 76 78 81 80 76 74 76 75 74 73 77 86 84 86 88 84 82 85 82 78 82 81 78 73 71 73 71 76 78 81 81 76 76 77 77 72 74 73 63 57 63 70 71 69 69 69 68 65 62 60 55 58 61 62 60 52 57 57 57 58 58 59 58 61 61 57 57 59 59 54 49 49 53 59 59 59 58 58 54 55 51 50 53 56 54 53 53 54 54 55 54 54 53
66 67 71 69 72 74 79 74 73 74 74 74 73 81 85 86 88 85 86 79 87 80 78 79 82 79 73 72 74 77 75 76 82 78 70 65 77 74 71 64 72 61 62 58 60 68 67 68 70 66 64 60 56 61 62 60 62 60 55 58 59 58 58 58 60 59 58 59 57 59 56 58 57 55 48 53 55 58 60 58 57 54 51 52 55 56 56 54 53 53 53 53 54 54 54 54
65 66 70 75 77 75 85 77 83 76 74 75 77 90 90 87 88 87 86 84 80 81 79 81 81 79 76 70 75 78 76 81 81 80 72 71 63 71 73 65 61 63 64 61 63 60 62 64 70 66 62 61 60 62 61 59 60 61 60 50 59 57 57 59 58 58 60 56 57 54 59 54 58 55 50 49 52 57 56 56 57 53 54 57 55 55 54 53 54 52 54 54 54 54 54 54
65 66 74 75 84 84 84 82 78 76 75 77 79 92 91 87 87 84 87 84 80 79 82 77 84 78 75 71 73 76 82 81 81 80 76 74 66 62 64 73 65 71 58 73 73 59 71 62 61 66 61 61 63 62 61 59 60 61 60 55 57 58 57 57 57 57 58 57 57 57 52 55 53 57 53 49 52 55 58 56 56 57 56 56 54 56 54 53 53 52 53 54 53 52 53 53
65 65 68 76 76 84 78 81 81 78 78 76 84 89 89 85 87 85 94 87 84 78 80 78 78 82 75 72 79 80 84 78 74 79 75 74 66 65 66 64 58 57 60 74 69 63 72 71 57 62 59 64 63 62 61 62 62 60 59 57 54 55 52 55 53 55 56 56 51 54 51 53 50 55 53 48 51 53 57 56 56 55 57 58 55 56 53 53 52 53 53 54 54 54 54 54
63 65 65 72 76 80 78 77 78 75 74 77 80 93 90 82 85 84 96 90 86 83 83 86 80 74 76 77 76 86 83 81 72 77 77 69 67 64 59 62 63 64 63 74 70 58 69 70 58 64 61 58 62 62 63 62 60 58 57 56 55 51 52 57 58 57 57 53 56 54 55 55 52 51 50 54 49 54 56 55 51 50 51 56 53 54 52 53 53 52 52 52 53 54 55 57
63 64 65 77 80 80 75 73 72 73 75 77 82 96 89 86 86 85 90 90 91 90 89 87 83 82 77 72 75 82 80 80 70 77 76 74 69 71 63 64 72 62 63 72 70 57 68 69 64 59 63 64 58 61 62 60 59 56 56 54 57 54 55 56 55 56 58 58 54 54 57 56 55 55 52 55 55 48 53 56 49 56 52 51 51 49 53 56 58 55 54 55 57 55 56 58
64 63 64 69 74 74 75 73 75 73 75 82 82 95 92 87 86 86 93 93 92 92 91 84 85 84 76 76 75 78 79 74 75 76 70 74 74 67 64 66 73 69 62 71 71 59 69 66 65 59 65 64 63 61 61 58 59 60 58 58 57 57 52 52 56 57 55 53 53 55 54 54 56 50 53 56 55 49 50 56 54 55 57 55 55 56 54 55 56 58 57 57 57 59 58 57
63 63 63 73 77 72 73 72 73 76 80 84 87 91 87 85 84 94 94 92 92 95 88 81 84 79 76 77 83 81 81 73 73 76 76 74 66 62 66 73 73 70 61 71 71 62 58 63 66 66 60 62 64 64 60 59 58 58 59 59 56 53 51 55 55 54 55 55 52 55 57 55 52 53 54 56 55 50 48 49 49 58 56 56 56 57 56 55 57 57 57 57 57 58 58 57
62 62 63 72 76 72 70 75 73 80 82 82 82 89 86 84 87 91 90 90 88 91 85 79 81 79 78 77 82 81 78 77 76 75 78 73 74 64 66 70 73 72 71 69 71 68 65 62 65 64 64 61 64 61 60 59 59 59 58 59 56 56 53 56 57 57 56 54 56 57 57 54 53 55 55 53 56 55 47 52 58 55 58 58 58 57 57 58 59 56 58 57 58 58 57 57
62 62 62 65 77 72 68 72 75 82 82 89 89 86 90 86 83 93 88 88 84 88 84 78 83 78 77 86 84 78 77 78 71 77 73 70 68 66 71 73 73 73 72 70 71 70 68 57 63 65 66 64 61 61 60 60 60 59 60 56 59 57 56 56 57 56 54 56 57 57 57 56 54 56 53 54 54 53 49 48 54 58 59 60 59 58 59 59 58 58 58 58 57 57 57 58
