Climate/data/grids_germany_multi_annual_air_temp_mean_1981-2010_06.asc
NCOLS 654
NROWS 866
XLLCORNER 3280414.711633467
YLLCORNER 5237500.62890625
CELLSIZE 1000
NODATA_VALUE -999
[rows 574 to 614 of 866, columns 0 to 93 of 654]
-999 -999 -999 -999 -999 -999 -999 -999 -999 -999 -999 -999 -999 -999 -999 -999 -999 -999 -999 -999 -999 -999 162 165 164 162 154 152 160 154 150 152 153 153 159 157 162 162 158 155 155 153 154 155 160 156 159 160 157 168 160 158 155 154 158 157 158 157 158 166 168 169 169 168 173 159 157 163 173 171 175 175 161 165 168 171 170 161 165 163 159 154 152 153 152 150 149 146 147 147 148 148 150 150
-999 -999 -999 -999 -999 -999 -999 -999 -999 -999 -999 -999 -999 -999 -999 -999 -999 -999 -999 -999 -999 -999 -999 155 153 157 165 153 155 159 152 153 154 154 156 163 159 160 157 159 157 155 155 159 161 156 159 160 158 168 165 156 157 161 160 157 161 160 164 167 168 168 168 165 173 160 163 162 173 166 175 176 163 162 164 168 156 154 154 153 154 157 153 149 147 148 151 146 144 142 145 150 149 147
-999 -999 -999 -999 -999 -999 -999 -999 -999 -999 -999 -999 -999 -999 -999 -999 -999 -999 -999 -999 -999 -999 -999 -999 152 153 166 155 164 166 161 155 155 155 155 166 166 167 159 159 157 155 155 157 160 163 165 165 165 165 166 165 162 165 161 161 161 161 168 167 168 168 167 170 169 166 163 173 170 173 163 164 159 156 168 157 156 153 151 149 152 150 151 149 147 145 146 144 146 144 147 147 145 142
-999 -999 -999 -999 -999 -999 -999 -999 -999 -999 -999 -999 -999 -999 -999 -999 -999 -999 -999 -999 -999 -999 -999 -999 -999 155 166 163 159 159 165 156 156 157 158 158 166 166 161 157 155 154 153 155 158 156 162 160 165 170 169 157 162 166 166 161 158 168 171 168 167 166 165 165 169 163 162 174 166 165 167 167 161 154 160 157 163 157 150 144 145 144 147 151 147 145 144 143 145 144 143 142 140 136
-999 -999 -999 -999 -999 -999 -999 -999 -999 -999 -999 -999 -999 -999 -999 -999 -999 -999 -999 -999 -999 -999 -999 -999 -999 -999 157 164 154 153 159 164 158 158 157 162 162 168 158 157 157 154 159 156 154 158 160 162 169 173 166 162 155 165 165 165 170 171 171 169 162 163 170 164 174 173 174 167 167 164 173 162 157 153 152 155 149 151 145 138 141 145 146 147 144 145 144 145 146 143 140 134 135 134
-999 -999 -999 -999 -999 -999 -999 -999 -999 -999 -999 -999 -999 -999 -999 -999 -999 -999 -999 -999 -999 -999 -999 -999 -999 -999 -999 164 155 156 157 160 166 162 157 164 165 169 160 158 156 162 158 155 155 157 160 159 159 167 169 169 161 166 171 165 171 172 170 166 159 161 165 174 173 172 173 165 174 163 168 164 160 155 151 148 143 139 141 143 147 149 151 148 146 146 146 148 146 141 134 131 131 137
-999 -999 -999 -999 -999 -999 -999 -999 -999 -999 -999 -999 -999 -999 -999 -999 -999 -999 -999 -999 -999 -999 -999 -999 -999 -999 -999 -999 -999 157 158 158 159 168 164 167 169 -999 168 169 158 167 158 160 156 156 159 157 160 169 170 169 167 165 171 172 173 173 169 166 155 163 167 167 174 167 173 173 174 157 164 159 156 152 147 145 143 144 147 149 149 152 153 147 146 150 148 148 144 138 132 132 135 136
-999 -999 -999 -999 -999 -999 -999 -999 -999 -999 -999 -999 -999 -999 -999 -999 -999 -999 -999 -999 -999 -999 -999 -999 -999 -999 -999 -999 -999 -999 -999 158 164 167 169 -999 -999 -999 -999 168 170 170 158 154 157 159 159 159 156 157 169 167 170 173 173 173 173 173 173 163 158 162 161 167 174 162 165 170 169 169 159 160 170 152 145 148 151 151 148 151 152 152 150 149 148 150 148 145 140 132 134 139 139 143
-999 -999 -999 -999 -999 -999 -999 -999 -999 -999 -999 -999 -999 -999 -999 -999 -999 -999 -999 -999 -999 -999 -999 -999 -999 -999 -999 -999 -999 -999 -999 -999 -999 169 -999 -999 -999 -999 -999 -999 170 169 159 159 157 161 157 159 163 161 167 164 166 173 173 173 173 167 173 173 171 167 163 164 173 163 158 158 165 155 156 153 155 162 155 151 155 150 152 151 153 151 151 152 151 150 144 140 131 132 139 139 145 144
-999 -999 -999 -999 -999 -999 -999 -999 -999 -999 -999 -999 -999 -999 -999 -999 -999 -999 -999 -999 -999 -999 -999 -999 -999 -999 -999 -999 -999 -999 -999 -999 -999 -999 -999 -999 -999 -999 -999 -999 170 161 160 159 157 161 163 163 167 162 168 166 173 174 171 167 167 166 169 173 173 173 173 173 171 159 157 156 159 155 153 155 160 160 162 160 159 155 159 159 153 149 148 142 149 144 140 130 137 136 137 143 145 148
-999 -999 -999 -999 -999 -999 -999 -999 -999 -999 -999 -999 -999 -999 -999 -999 -999 -999 -999 -999 -999 -999 -999 -999 -999 -999 -999 -999 -999 -999 -999 -999 -999 -999 -999 -999 -999 -999 -999 -999 172 167 161 161 155 157 161 165 164 169 163 168 174 174 172 167 163 164 169 169 169 170 159 165 170 154 155 159 156 155 157 153 153 155 167 160 164 162 156 156 151 151 152 145 145 142 131 134 139 136 142 145 145 146
-999 -999 -999 -999 -999 -999 -999 -999 -999 -999 -999 -999 -999 -999 -999 -999 -999 -999 -999 -999 -999 -999 -999 -999 -999 -999 -999 -999 -999 -999 -999 -999 -999 -999 -999 -999 -999 -999 -999 -999 172 165 162 155 158 159 158 163 167 165 168 174 174 174 165 169 166 161 160 171 157 153 151 153 152 156 158 156 157 158 155 150 152 152 155 155 151 158 155 151 150 153 149 146 140 132 134 139 142 145 145 145 146 142
-999 -999 -999 -999 -999 -999 -999 -999 -999 -999 -999 -999 -999 -999 -999 -999 -999 -999 -999 -999 -999 -999 -999 -999 -999 -999 -999 -999 -999 -999 -999 -999 -999 -999 -999 -999 -999 -999 -999 -999 171 162 163 162 163 159 159 169 174 174 174 174 174 166 164 173 164 162 155 164 169 165 165 158 151 152 154 162 159 152 152 151 148 147 148 153 155 155 153 152 149 148 147 141 135 135 136 136 141 145 146 148 143 136
-999 -999 -999 -999 -999 -999 -999 -999 -999 -999 -999 -999 -999 -999 -999 -999 -999 -999 -999 -999 -999 -999 -999 -999 -999 -999 -999 -999 -999 -999 -999 -999 -999 -999 -999 -999 -999 -999 -999 169 166 165 165 164 159 160 158 168 174 174 174 172 170 163 166 166 170 162 155 164 164 154 157 158 153 151 154 159 164 157 151 150 150 147 145 146 151 151 150 148 151 152 148 144 137 137 136 140 144 148 147 148 152 144
-999 -999 -999 -999 -999 -999 -999 -999 -999 -999 -999 -999 -999 -999 -999 -999 -999 -999 -999 -999 -999 -999 -999 -999 -999 -999 -999 -999 -999 -999 -999 -999 -999 -999 -999 -999 -999 -999 -999 169 165 169 161 158 157 165 167 174 174 174 174 165 166 168 162 165 169 165 157 155 155 159 155 155 158 155 150 153 155 158 159 155 151 152 149 151 150 147 148 152 154 146 140 138 135 135 141 146 148 145 143 138 145 150
-999 -999 -999 -999 -999 -999 -999 -999 -999 -999 -999 -999 -999 -999 -999 -999 -999 -999 -999 -999 -999 -999 -999 -999 -999 -999 -999 -999 -999 -999 -999 -999 -999 -999 -999 -999 -999 -999 -999 169 167 163 163 161 165 159 169 174 174 173 172 171 169 164 160 157 163 169 162 155 153 154 159 160 155 153 151 146 154 149 151 153 151 153 149 153 151 148 146 146 147 145 137 130 131 138 145 145 142 138 139 144 144 151
-999 -999 -999 -999 -999 -999 -999 -999 -999 -999 -999 -999 -999 -999 -999 -999 -999 -999 -999 -999 -999 -999 -999 -999 -999 -999 -999 -999 -999 -999 -999 -999 -999 -999 -999 -999 -999 -999 -999 172 173 165 165 161 168 169 174 174 173 172 169 169 171 166 165 155 162 166 169 161 155 153 151 160 155 153 151 146 154 148 151 153 151 152 151 151 149 147 145 140 140 136 135 131 133 137 141 142 139 137 144 148 151 147
-999 -999 -999 -999 -999 -999 -999 -999 -999 -999 -999 -999 -999 -999 -999 -999 -999 -999 -999 -999 -999 -999 -999 -999 -999 -999 -999 -999 -999 -999 -999 -999 -999 -999 -999 -999 -999 -999 -999 172 169 172 165 167 170 174 174 172 169 170 165 165 165 166 162 162 170 167 166 159 156 151 150 154 151 149 148 146 151 147 153 151 158 155 150 150 148 144 142 144 138 132 127 131 135 137 133 133 136 144 146 149 153 148
-999 -999 -999 -999 -999 -999 -999 -999 -999 -999 -999 -999 -999 -999 -999 -999 -999 -999 -999 -999 -999 -999 -999 -999 -999 -999 -999 -999 -999 -999 -999 -999 -999 -999 -999 -999 172 170 172 170 168 171 172 174 173 174 169 164 163 168 162 164 163 163 156 157 168 160 159 154 151 148 147 151 144 144 140 140 146 154 151 151 152 151 153 150 152 143 144 138 129 129 133 136 136 135 138 135 143 150 149 147 150 156
-999 -999 -999 -999 -999 -999 -999 -999 -999 -999 -999 -999 -999 -999 -999 -999 -999 -999 -999 -999 -999 -999 -999 -999 -999 -999 -999 -999 -999 -999 -999 -999 -999 -999 -999 167 167 172 173 163 166 163 162 174 174 172 168 168 166 160 159 156 168 156 158 162 166 156 160 158 152 150 151 146 142 138 139 144 149 149 149 155 148 151 147 144 137 144 140 135 134 133 140 140 135 134 143 144 145 147 149 147 149 156
-999 -999 -999 -999 -999 -999 -999 -999 -999 -999 -999 -999 -999 -999 -999 -999 -999 -999 -999 -999 -999 -999 -999 -999 -999 -999 -999 -999 -999 -999 -999 -999 -999 -999 -999 169 173 170 162 161 165 163 170 173 173 168 170 170 169 164 160 157 166 156 162 166 164 155 155 159 154 156 148 146 143 141 143 145 147 147 149 146 150 148 147 138 137 140 139 133 134 142 142 138 139 143 142 146 150 149 149 153 154 149
-999 -999 -999 -999 -999 -999 -999 -999 -999 -999 -999 -999 -999 -999 -999 -999 -999 -999 -999 -999 -999 -999 -999 -999 -999 -999 -999 -999 -999 -999 -999 -999 -999 -999 173 169 165 161 163 164 163 171 172 169 168 163 163 166 168 168 159 156 160 158 160 163 160 156 154 150 147 145 151 148 145 146 148 146 147 146 147 147 143 144 141 143 141 138 133 132 140 144 140 136 136 143 141 147 146 147 148 153 156 151
-999 -999 -999 -999 -999 -999 -999 -999 -999 -999 -999 -999 -999 -999 -999 -999 -999 -999 -999 -999 -999 -999 -999 -999 -999 -999 -999 -999 -999 -999 -999 -999 -999 -999 170 162 162 161 159 167 169 170 166 171 173 166 162 166 168 164 153 156 158 156 162 164 159 154 155 151 144 140 139 140 147 149 149 146 149 147 145 144 145 143 143 140 139 132 136 141 146 142 136 139 141 148 151 149 156 156 151 154 157 150
-999 -999 -999 -999 -999 -999 -999 -999 -999 -999 -999 -999 -999 -999 -999 -999 -999 -999 -999 -999 -999 -999 -999 -999 -999 -999 -999 -999 -999 -999 -999 -999 -999 170 162 161 161 157 166 167 167 167 170 173 171 171 167 170 168 159 154 155 155 154 163 160 162 154 147 141 140 138 139 143 147 150 150 147 147 149 145 147 145 144 139 132 131 136 142 145 146 140 142 138 144 146 145 147 151 155 156 150 158 151
-999 -999 -999 -999 -999 -999 -999 -999 -999 -999 -999 -999 -999 -999 -999 -999 -999 -999 -999 -999 -999 -999 -999 -999 -999 -999 -999 -999 -999 -999 -999 -999 -999 168 173 165 157 159 161 163 163 171 171 171 168 172 164 166 168 162 159 152 153 156 163 159 152 150 147 143 144 144 147 147 149 151 145 147 146 149 148 145 141 143 136 138 137 142 141 135 144 145 140 145 147 147 147 151 153 153 150 155 159 157
-999 -999 -999 -999 -999 -999 -999 -999 -999 -999 -999 -999 -999 -999 -999 -999 -999 -999 -999 -999 -999 -999 -999 -999 -999 -999 -999 -999 -999 -999 -999 -999 -999 169 167 163 157 163 161 167 166 171 167 172 172 164 160 158 162 156 156 151 150 154 159 158 156 151 148 148 148 150 150 150 150 151 150 145 145 149 145 143 141 144 141 141 143 143 138 140 146 146 146 147 151 151 152 152 151 150 150 150 152 161
-999 -999 -999 -999 -999 -999 -999 -999 -999 -999 -999 -999 -999 -999 -999 -999 -999 -999 -999 -999 -999 -999 -999 -999 -999 -999 -999 -999 -999 -999 -999 -999 -999 173 162 157 159 160 160 166 163 163 171 170 173 161 159 152 158 156 150 150 151 160 156 159 154 150 149 151 150 150 151 147 149 152 148 145 149 150 145 142 142 145 143 147 147 140 138 138 144 148 151 149 150 153 154 154 152 150 151 152 160 161
-999 -999 -999 -999 -999 -999 -999 -999 -999 -999 -999 -999 -999 -999 -999 -999 -999 -999 -999 -999 -999 -999 -999 -999 -999 -999 -999 -999 -999 -999 -999 -999 -999 170 161 157 157 157 161 165 163 161 167 172 171 159 154 160 151 150 152 154 156 153 160 154 152 148 149 152 153 152 150 150 152 148 148 151 148 153 149 143 147 145 147 147 139 141 142 141 146 150 153 151 152 153 155 152 152 148 150 154 161 151
-999 -999 -999 -999 -999 -999 -999 -999 -999 -999 -999 -999 -999 -999 -999 -999 -999 -999 -999 -999 -999 -999 -999 -999 -999 -999 -999 -999 -999 -999 -999 -999 171 165 162 159 157 156 162 162 167 163 165 171 166 170 164 160 151 150 149 152 156 156 155 150 150 152 151 154 154 152 150 147 146 155 152 150 144 150 152 148 148 145 147 141 140 140 147 147 148 152 153 152 151 153 157 150 152 152 152 158 150 149
-999 -999 -999 -999 -999 -999 -999 -999 -999 -999 -999 -999 -999 -999 -999 -999 -999 -999 -999 -999 -999 -999 -999 -999 -999 -999 -999 -999 -999 -999 169 168 169 164 160 157 155 161 161 164 163 165 171 171 171 169 160 154 152 158 151 152 159 159 155 153 151 153 155 153 151 151 148 144 144 156 156 148 146 150 156 153 152 147 149 143 144 147 149 149 152 152 154 156 154 154 157 148 156 151 154 158 151 152
-999 -999 -999 -999 -999 -999 -999 -999 -999 -999 -999 -999 -999 -999 -999 -999 -999 -999 -999 -999 -999 -999 -999 -999 -999 -999 -999 -999 -999 168 172 168 162 161 160 157 156 161 155 159 169 171 172 171 166 165 159 156 160 152 152 152 159 158 157 153 153 156 153 152 151 147 143 138 149 155 151 146 151 153 159 156 156 152 149 147 149 150 151 151 150 153 148 152 155 157 157 157 159 157 158 159 159 152
-999 -999 -999 -999 -999 -999 -999 -999 -999 -999 -999 -999 -999 -999 -999 -999 -999 -999 -999 -999 -999 -999 -999 -999 -999 -999 -999 -999 -999 168 168 165 165 161 161 157 157 156 159 161 163 167 162 173 165 162 160 158 154 150 151 158 156 155 153 150 151 154 151 146 146 140 139 145 150 153 151 150 153 154 158 151 156 153 152 154 154 152 153 149 150 150 150 150 155 157 158 159 155 150 150 153 153 151
-999 -999 -999 -999 -999 -999 -999 -999 -999 -999 -999 -999 -999 -999 -999 -999 -999 -999 -999 -999 -999 -999 -999 -999 -999 -999 -999 -999 168 170 168 168 164 161 160 159 157 157 161 167 169 168 164 173 166 169 162 156 155 152 154 160 155 156 151 148 149 148 149 144 138 141 148 149 151 156 160 159 157 158 161 150 154 156 155 154 152 149 153 153 153 152 153 155 153 155 149 158 153 149 147 151 150 149
-999 -999 -999 -999 -999 -999 -999 -999 -999 -999 -999 -999 -999 -999 -999 -999 -999 -999 -999 -999 -999 -999 -999 -999 -999 -999 -999 -999 172 170 168 165 163 161 161 159 158 157 165 166 171 162 162 170 171 164 159 158 155 151 157 158 154 151 149 147 142 142 146 142 145 150 154 150 156 160 159 160 157 160 157 153 155 156 156 154 147 147 152 155 156 155 156 158 155 159 150 154 155 151 148 150 146 152
-999 -999 -999 -999 -999 -999 -999 -999 -999 -999 -999 -999 -999 -999 -999 -999 -999 -999 -999 -999 -999 -999 -999 -999 -999 -999 -999 -999 172 170 168 166 164 164 162 160 158 156 162 165 166 162 158 170 166 168 171 155 151 151 157 151 150 152 149 143 142 142 145 149 151 155 158 157 157 160 161 163 158 163 156 154 159 159 154 150 146 151 153 155 151 158 158 150 159 157 159 156 156 148 147 146 147 148
-999 -999 -999 -999 -999 -999 -999 -999 -999 -999 -999 -999 -999 -999 -999 -999 -999 -999 -999 -999 -999 -999 -999 -999 -999 -999 -999 -999 169 169 170 166 164 164 161 160 157 159 162 167 162 158 163 157 163 167 165 153 153 151 156 154 155 150 144 145 144 146 149 151 158 157 158 159 163 162 163 163 160 162 159 151 158 149 147 148 146 148 153 155 157 155 152 157 152 151 158 157 156 150 149 152 149 146
-999 -999 -999 -999 -999 -999 -999 -999 -999 -999 -999 -999 -999 -999 -999 -999 -999 -999 -999 -999 -999 -999 -999 -999 -999 -999 -999 -999 167 169 169 165 164 162 160 159 157 163 166 168 163 154 156 157 164 163 172 153 152 150 156 153 148 147 145 148 149 153 156 160 160 160 162 160 163 164 162 164 163 160 151 156 159 158 149 154 153 150 154 157 155 156 155 157 155 155 156 158 155 154 154 154 151 152
-999 -999 -999 -999 -999 -999 -999 -999 -999 -999 -999 -999 -999 -999 -999 -999 -999 -999 -999 -999 -999 -999 -999 -999 -999 -999 -999 -999 168 169 168 166 164 163 160 158 159 161 163 165 163 157 157 156 156 168 163 157 151 151 152 154 150 151 151 145 156 157 160 161 161 163 162 162 164 164 164 164 164 156 159 161 157 157 158 157 155 152 154 155 158 156 156 158 157 155 154 156 157 154 150 151 153 151
-999 -999 -999 -999 -999 -999 -999 -999 -999 -999 -999 -999 -999 -999 -999 -999 -999 -999 -999 -999 -999 -999 -999 -999 -999 -999 -999 -999 170 170 168 165 163 162 156 157 160 160 160 163 161 158 157 155 156 156 173 165 154 156 153 157 157 157 158 159 159 159 163 162 164 163 162 162 165 165 164 164 162 161 162 160 163 161 161 154 153 152 155 155 158 156 153 153 158 159 151 157 154 153 150 149 149 151
-999 -999 -999 -999 -999 -999 -999 -999 -999 -999 -999 -999 -999 -999 -999 -999 -999 -999 -999 -999 -999 -999 -999 -999 -999 -999 -999 -999 170 170 167 164 163 161 155 156 160 160 161 161 160 158 158 158 159 167 173 157 156 160 156 156 159 162 161 161 163 161 162 164 163 164 163 162 163 167 164 166 165 165 164 162 161 160 162 149 151 155 156 154 154 151 154 158 155 160 155 160 159 156 154 150 155 156
-999 -999 -999 -999 -999 -999 -999 -999 -999 -999 -999 -999 -999 -999 -999 -999 -999 -999 -999 -999 -999 -999 -999 -999 -999 -999 -999 -999 171 171 169 165 162 158 155 157 160 160 161 159 157 159 159 159 160 172 168 169 165 159 155 160 164 164 164 163 162 162 162 163 163 164 165 162 162 166 167 163 164 159 158 154 154 156 161 157 156 157 158 154 157 156 159 160 162 163 162 158 156 154 154 153 150 160
