Climate/data/grids_germany_multi_annual_air_temp_mean_1981-2010_08.asc
NCOLS 654
NROWS 866
XLLCORNER 3280414.711633467
YLLCORNER 5237500.62890625
CELLSIZE 1000
NODATA_VALUE -999
[rows 574 to 614 of 866, columns 188 to 281 of 654]
193 193 192 191 191 191 190 190 190 188 187 186 187 187 186 186 187 188 187 188 187 187 188 187 186 186 186 184 182 181 181 180 181 182 184 186 186 182 183 183 186 187 187 182 179 179 179 177 178 180 171 170 172 177 171 167 167 168 166 166 164 160 166 161 162 165 171 169 167 168 175 183 175 178 180 179 178 178 177 179 179 179 179 177 179 179 179 180 184 184 186 186 177 175
193 193 192 191 191 191 190 189 187 186 187 186 186 186 185 187 188 188 187 187 187 187 187 186 186 186 185 183 182 178 179 181 183 184 185 185 183 183 182 182 182 187 187 185 181 178 178 176 176 174 172 169 172 170 169 168 169 174 171 167 160 166 167 164 163 164 165 168 172 171 172 174 183 177 184 182 178 179 178 178 179 177 180 178 180 181 178 182 184 185 185 187 185 179
193 193 192 191 191 191 190 189 187 186 186 187 186 184 186 187 188 188 188 187 187 187 187 186 185 186 186 183 181 178 177 184 183 183 181 180 181 183 183 180 181 182 187 186 178 179 179 176 173 173 170 169 175 172 169 168 170 170 170 168 160 168 170 166 164 167 168 168 170 175 174 176 176 184 180 181 181 180 178 178 179 179 179 181 181 180 180 178 183 184 185 186 186 183
193 193 192 191 191 191 190 189 187 185 185 186 185 185 185 187 187 187 188 187 187 186 186 187 185 185 186 183 183 181 175 177 180 180 178 181 180 184 182 178 180 179 182 186 185 179 180 180 173 172 168 175 175 172 172 168 177 168 168 164 160 167 172 169 166 167 168 170 173 173 176 179 176 182 184 182 181 180 180 178 180 180 180 179 179 179 177 179 177 183 178 183 187 182
193 193 192 192 192 191 190 189 188 187 185 184 183 184 186 186 187 185 187 187 188 185 187 186 186 185 186 184 183 177 177 176 178 178 183 179 181 183 186 181 178 180 185 187 185 184 183 174 169 170 170 172 177 179 179 178 171 170 165 163 160 164 164 175 168 170 169 171 172 175 176 174 178 180 184 181 181 180 180 182 182 182 182 180 179 177 176 181 179 183 182 182 188 183
193 193 192 192 192 191 190 188 185 187 185 185 184 185 185 183 185 186 187 187 188 187 187 187 187 185 186 182 182 179 177 178 179 179 182 186 184 181 187 180 181 181 180 187 185 178 178 177 171 171 170 180 169 167 170 174 173 168 168 169 166 165 165 168 170 169 175 171 171 174 173 176 177 179 184 184 181 178 180 180 178 178 180 180 178 177 176 177 180 184 184 179 187 189
193 193 192 192 192 191 189 184 183 185 185 184 182 182 184 184 186 186 186 187 188 187 186 187 186 184 185 186 185 182 176 179 178 177 179 181 187 188 182 186 182 182 180 186 186 181 176 172 173 178 170 181 172 170 161 170 165 170 169 169 168 164 170 168 169 176 177 171 171 173 173 174 175 178 184 184 179 181 180 180 177 176 177 179 178 177 178 177 180 181 179 183 182 188
193 193 193 192 192 191 189 188 185 187 184 182 185 184 183 183 186 187 187 187 188 187 187 187 185 183 184 185 182 182 183 179 178 176 179 186 186 178 182 181 187 187 184 186 183 186 182 180 177 179 181 178 177 171 164 165 163 165 170 170 173 174 167 173 170 170 180 174 171 171 173 175 179 184 179 184 180 178 179 178 177 177 178 179 179 179 179 178 179 178 178 179 181 186
193 193 193 192 192 192 191 189 184 188 187 185 184 185 184 185 184 187 188 188 188 187 187 188 183 181 181 184 184 177 182 177 180 184 182 183 185 179 179 182 184 186 189 185 181 182 181 181 180 181 183 175 174 166 164 170 165 170 171 175 177 176 172 170 170 172 173 182 175 174 176 177 178 182 180 180 182 179 180 177 179 178 179 179 178 180 177 180 179 180 178 181 184 184
194 193 193 193 192 192 192 189 187 188 186 184 182 185 182 185 187 185 187 188 186 186 185 187 182 180 178 181 178 179 183 181 183 187 188 188 187 183 177 180 184 183 189 185 184 182 177 180 184 183 181 175 173 172 172 173 173 169 172 170 173 168 179 177 176 177 182 175 173 174 175 177 178 184 183 180 180 182 180 179 177 179 180 179 177 181 182 179 180 182 181 180 182 184
194 194 193 193 192 192 191 188 187 185 187 181 185 185 185 185 185 184 187 189 185 184 184 187 185 182 180 182 178 179 185 184 184 186 181 181 186 183 179 179 182 184 188 185 182 182 176 177 179 179 179 179 170 172 175 170 175 171 174 173 175 170 168 182 178 171 173 182 174 175 176 178 176 180 181 186 181 177 176 179 178 179 178 180 180 182 178 179 182 180 181 181 180 182
194 194 193 193 192 192 190 188 185 181 180 181 184 184 184 186 185 185 187 188 185 184 185 184 181 183 180 176 182 184 184 187 183 179 178 183 181 179 181 180 182 185 188 187 183 180 178 176 175 179 182 182 177 166 172 168 177 172 176 177 178 176 182 183 183 172 176 181 175 176 177 178 179 181 181 185 179 178 179 178 181 179 181 182 182 179 182 182 182 180 181 182 180 182
194 194 194 194 193 191 189 187 183 180 180 180 180 183 182 183 184 187 188 187 188 186 187 182 179 177 178 178 185 187 185 187 181 177 179 183 183 179 178 180 186 184 188 187 185 182 179 176 176 177 180 179 174 167 177 171 173 176 181 179 179 181 185 184 183 176 185 185 178 176 178 179 180 184 184 185 179 178 181 178 181 178 182 180 181 180 181 178 181 183 182 182 180 180
195 194 194 194 193 192 190 187 184 181 180 180 184 185 183 187 188 187 186 183 185 188 187 185 181 179 176 180 184 185 185 185 178 179 180 183 182 179 180 185 182 180 185 186 187 189 179 177 177 179 181 179 170 166 173 181 176 176 185 183 185 184 181 185 178 185 182 183 185 182 182 181 183 181 179 178 179 177 181 180 180 179 176 178 178 178 178 182 183 183 183 181 180 181
195 195 194 193 193 193 190 187 184 180 180 181 184 183 183 186 186 184 187 181 183 186 188 186 184 176 178 180 183 184 187 183 179 180 180 182 180 179 181 183 175 182 186 186 187 188 179 179 180 182 181 179 169 168 175 185 185 185 176 185 185 175 171 178 185 184 174 175 185 183 183 179 183 183 184 182 182 182 180 178 176 175 173 178 178 178 178 183 181 180 182 180 179 180
195 195 194 194 193 193 188 186 182 177 178 181 183 181 184 186 178 189 185 180 183 187 188 186 182 178 176 183 183 179 184 183 181 182 178 177 178 178 182 182 178 180 180 185 187 189 186 186 180 179 179 178 168 179 175 185 169 169 171 175 184 176 171 175 172 178 173 174 184 184 179 181 181 176 178 180 179 177 179 179 178 178 178 178 179 178 178 181 181 180 178 180 178 179
195 195 194 194 193 192 188 185 182 177 177 183 180 183 184 180 181 176 178 181 183 186 188 186 181 177 177 181 184 186 186 187 187 184 179 176 175 176 179 177 175 175 181 181 186 188 179 179 178 178 181 172 176 181 172 186 178 168 169 171 180 171 172 173 173 175 173 175 181 179 175 184 184 182 178 176 175 179 175 173 174 173 176 177 177 177 178 179 182 180 181 180 177 178
196 196 195 195 194 185 187 184 181 179 182 179 181 177 177 184 180 180 181 185 186 188 188 185 180 175 176 178 184 179 183 186 184 182 183 179 176 174 172 174 176 181 183 186 186 188 177 174 177 182 179 169 177 185 185 186 168 168 171 175 181 173 174 174 174 174 174 179 184 184 177 178 181 177 180 181 179 176 177 173 176 176 173 177 177 177 177 178 177 178 180 178 178 178
196 196 195 195 190 186 184 182 179 176 182 182 182 180 175 170 174 172 178 182 186 187 187 185 180 175 175 179 179 179 179 186 179 180 184 181 179 173 174 174 174 180 180 180 183 185 186 174 181 184 179 170 186 185 178 170 167 168 172 173 175 175 175 175 174 174 175 176 178 179 179 175 174 175 174 176 175 176 177 177 177 173 176 178 179 177 178 177 178 179 178 178 178 177
196 196 196 195 184 172 183 180 176 181 183 183 179 175 169 165 169 178 181 184 187 187 186 181 180 175 178 179 182 182 183 184 178 176 176 179 177 172 173 175 174 183 174 171 177 176 182 186 186 178 174 180 185 183 170 175 175 172 173 173 174 175 175 174 173 174 174 175 176 180 181 176 174 174 174 174 175 175 176 177 175 176 176 177 180 179 178 178 176 176 177 177 180 177
196 196 196 195 189 180 189 186 186 189 184 181 180 176 171 170 172 178 182 187 184 187 185 180 180 177 178 179 179 178 182 181 184 181 179 177 174 172 173 173 178 177 178 178 177 173 171 184 186 185 183 188 184 172 178 179 172 172 173 174 175 174 175 175 173 173 175 176 178 183 183 180 178 175 176 175 173 174 175 176 174 176 177 177 180 176 177 176 175 174 177 178 179 179
195 196 195 196 192 188 189 188 190 188 187 177 177 177 174 173 177 184 186 188 188 189 181 177 169 173 177 181 178 178 179 179 177 177 176 178 172 171 173 178 182 174 171 180 180 182 181 183 185 186 185 187 187 183 185 185 172 172 174 174 175 175 174 174 173 173 174 175 181 177 178 185 177 177 180 179 182 173 178 175 176 176 181 180 176 175 177 176 176 175 176 178 178 178
196 195 195 196 195 189 189 187 182 183 179 173 177 183 180 172 180 185 188 184 183 187 181 177 172 174 176 177 180 181 180 185 176 172 179 177 176 170 176 179 183 179 172 171 173 171 170 172 185 181 187 184 184 176 172 180 177 173 173 175 175 176 175 172 172 174 174 179 176 176 179 185 180 185 184 181 184 179 178 176 176 180 180 176 177 176 175 177 175 177 178 179 180 177
195 195 196 196 194 191 188 188 189 189 179 174 178 180 186 183 183 188 187 185 181 187 181 178 175 174 176 173 177 177 181 184 182 175 174 175 174 169 170 171 173 183 179 174 168 170 172 186 175 174 172 171 172 168 177 171 183 175 174 175 176 176 173 172 172 173 176 175 173 172 180 177 174 179 184 176 178 176 180 175 179 179 178 176 176 176 175 178 176 175 177 180 177 179
196 196 196 196 195 192 190 191 189 180 174 171 171 184 192 185 187 187 186 183 184 186 184 182 172 178 177 175 181 180 181 184 181 178 174 170 168 168 170 171 171 179 182 182 172 177 171 186 170 170 168 167 169 169 176 174 172 184 177 175 178 177 174 172 172 173 174 174 175 178 176 174 174 175 177 176 180 183 177 176 183 178 178 175 173 174 175 179 176 179 177 180 178 180
196 196 196 196 196 191 192 188 180 177 176 180 179 187 191 190 191 191 183 177 184 182 181 177 175 175 176 173 178 179 181 184 182 178 173 169 167 168 168 176 176 174 176 179 184 186 178 185 170 170 169 172 168 169 175 173 173 174 183 184 177 172 173 171 172 172 173 174 176 176 174 175 177 176 179 177 179 184 183 184 178 178 176 175 175 176 175 178 176 178 177 180 179 179
196 196 196 196 196 195 189 183 183 178 183 180 188 189 191 191 192 190 181 179 182 181 176 175 175 175 178 175 178 176 181 184 181 174 174 176 169 167 170 169 170 179 178 181 174 171 187 181 181 181 172 171 169 169 173 173 175 176 179 174 176 183 179 171 171 172 173 173 174 175 174 173 176 174 174 174 175 183 183 183 179 177 175 177 176 176 177 178 178 177 176 177 182 181
196 196 196 196 196 194 191 185 183 180 184 187 190 190 191 192 191 188 178 177 175 172 177 179 176 177 181 176 176 178 184 183 180 181 174 172 167 167 170 170 169 170 172 170 170 179 187 181 171 170 171 172 170 170 173 173 176 181 177 172 172 172 181 174 174 173 173 173 171 173 171 171 175 175 174 173 177 183 184 180 175 175 175 177 176 178 177 179 179 177 176 178 181 181
196 196 196 196 196 196 192 192 190 189 185 190 191 193 192 192 191 184 179 177 173 176 175 181 174 180 181 178 176 177 182 182 180 175 175 173 166 169 177 180 168 170 172 180 172 181 181 187 184 175 175 173 169 172 173 176 180 174 174 174 172 171 178 174 173 173 173 172 172 171 173 172 174 174 176 174 175 177 184 180 178 176 174 175 175 178 180 177 176 175 176 178 180 181
197 196 196 197 197 197 192 189 186 189 181 189 185 191 192 191 187 174 173 176 173 175 175 176 180 178 180 178 177 178 180 185 179 174 174 168 167 167 173 173 181 173 170 179 183 180 179 184 181 184 181 177 169 171 174 175 177 172 172 175 172 171 172 182 173 174 174 172 174 173 172 177 176 177 173 177 175 176 182 182 178 175 177 176 175 180 177 174 176 178 176 180 179 182
196 196 196 197 197 197 189 188 181 181 182 185 189 192 192 188 185 172 173 175 175 178 175 177 180 180 177 181 175 180 181 183 180 178 169 167 167 167 167 169 176 182 180 170 178 173 187 171 171 184 171 178 179 172 175 174 171 172 171 174 173 171 172 177 174 175 174 174 174 173 173 175 175 175 180 177 179 176 179 182 179 176 175 176 176 176 177 176 178 175 177 180 180 182
196 196 197 198 197 197 194 187 187 180 187 187 188 192 190 189 181 174 173 177 175 177 169 174 177 182 181 181 180 177 181 182 175 171 168 169 172 167 167 168 177 179 176 180 186 186 184 170 173 180 170 169 182 176 177 171 171 171 172 171 171 172 172 174 177 177 179 177 177 175 174 176 179 177 181 177 182 176 179 182 180 178 175 176 176 177 176 175 177 177 179 180 182 180
197 197 197 197 197 197 197 190 187 184 187 189 189 192 192 188 183 173 173 180 176 178 168 175 177 181 180 173 178 184 180 178 178 166 167 168 176 168 167 174 175 179 185 183 180 180 180 170 171 185 171 170 182 174 176 179 171 170 172 170 171 172 175 175 176 180 179 174 173 174 174 177 174 177 176 176 179 180 182 177 182 178 177 176 180 183 181 177 180 179 181 181 182 183
197 197 197 197 197 197 197 186 183 184 190 192 193 192 189 188 182 169 175 177 178 178 175 175 174 175 174 173 176 178 178 183 179 171 170 168 177 169 169 169 176 173 182 181 171 182 179 170 171 185 173 170 175 179 174 172 178 173 171 173 173 175 175 177 175 178 176 175 175 174 172 172 176 176 175 175 176 176 179 175 177 183 179 177 183 176 181 184 183 183 180 178 178 180
197 197 197 197 197 197 197 193 189 189 189 192 190 192 189 183 183 171 173 178 178 178 172 175 175 175 174 176 174 176 181 178 179 175 172 176 173 170 175 171 170 178 181 179 170 174 181 170 170 182 170 172 174 180 172 172 173 173 172 173 173 172 172 173 174 175 179 178 175 172 175 176 178 175 177 176 176 181 177 176 177 183 182 176 178 177 176 179 179 178 179 179 178 178
197 197 197 197 197 197 197 190 186 190 191 193 192 189 185 182 179 174 178 179 180 171 172 175 176 175 178 179 175 179 180 179 171 172 171 176 175 170 169 170 180 182 178 170 170 173 182 170 170 179 183 176 172 172 178 173 171 172 174 174 173 173 173 172 176 178 180 175 175 175 175 174 177 175 174 176 178 177 176 175 176 180 184 184 183 174 177 177 178 177 178 179 178 177
197 197 197 197 197 197 197 190 186 190 192 188 190 185 183 183 184 176 179 181 179 175 176 176 178 176 179 181 177 177 178 177 171 172 174 173 171 171 168 172 172 180 176 174 169 170 171 173 171 173 176 179 174 174 174 176 173 173 174 173 173 172 173 172 176 177 179 175 173 173 174 176 175 174 174 177 177 174 176 179 176 176 185 181 175 177 175 175 175 177 178 177 177 178
198 197 197 197 197 197 197 195 184 188 195 190 188 183 183 177 177 178 176 179 181 171 177 176 180 177 179 182 174 176 177 169 171 174 175 173 179 171 174 175 177 177 169 169 169 169 170 173 170 172 173 184 177 175 172 173 174 174 174 174 174 174 173 176 173 176 176 176 175 175 177 176 175 173 174 175 176 176 178 178 177 179 184 185 179 175 175 175 177 178 176 177 178 178
198 198 197 197 197 197 197 194 191 189 192 183 180 180 178 175 173 172 175 174 182 174 178 178 178 177 183 177 174 176 175 169 175 173 169 175 170 183 173 170 173 167 170 167 169 170 173 171 171 170 171 179 178 172 172 174 174 174 173 174 174 174 173 175 174 176 178 179 174 174 174 174 173 174 174 176 175 178 174 175 175 175 176 184 183 179 175 180 176 176 176 180 177 176
198 198 197 197 197 197 196 193 189 186 184 185 180 179 178 170 172 170 172 169 178 178 179 176 184 178 182 175 176 180 173 167 176 178 174 176 170 176 177 176 175 166 168 167 169 169 170 170 172 179 172 176 183 174 174 176 175 173 174 172 173 172 173 174 173 174 177 178 175 173 173 175 174 174 175 175 175 174 174 175 174 175 181 181 185 181 176 182 179 178 181 177 176 176
198 198 198 197 197 197 196 191 190 189 188 189 186 182 176 171 172 166 177 167 175 186 177 172 181 181 179 175 175 179 173 169 178 173 180 179 176 182 177 175 166 167 167 166 168 171 172 171 173 171 171 176 174 181 176 177 175 174 173 173 172 173 174 177 175 175 174 176 177 175 174 175 174 174 175 175 178 177 178 178 178 176 182 185 185 184 177 183 179 179 177 176 176 176
