Climate/data/grids_germany_multi_annual_precipitation_1981-2010_11.asc
NCOLS 654
NROWS 866
XLLCORNER 3280414.711633467
YLLCORNER 5237500.62890625
CELLSIZE 1000
NODATA_VALUE -999
[rows 750 to 799 of 866, columns 96 to 191 of 654]
-999 -999 -999 -999 -999 -999 -999 -999 -999 -999 -999 -999 -999 -999 -999 -999 -999 -999 -999 -999 -999 -999 -999 -999 -999 -999 -999 57 57 58 59 59 60 60 61 61 62 66 71 72 76 84 90 91 78 78 86 95 88 91 98 88 87 88 98 112 106 124 111 109 129 117 125 135 130 108 124 116 133 112 136 134 136 123 129 124 110 109 113 120 115 102 101 102 100 99 98 99 95 96 91 78 85 85 85 81
-999 -999 -999 -999 -999 -999 -999 -999 -999 -999 -999 -999 -999 -999 -999 -999 -999 -999 -999 -999 -999 -999 -999 -999 -999 -999 58 58 58 58 59 59 60 61 62 64 65 69 74 78 76 87 83 79 78 80 92 99 106 102 95 91 89 88 101 95 117 120 107 109 115 110 115 124 118 118 123 116 119 122 134 122 138 132 130 129 114 121 122 115 111 107 104 100 98 96 97 96 94 94 90 85 83 85 82 80
-999 -999 -999 -999 -999 -999 -999 -999 -999 -999 -999 -999 -999 -999 -999 -999 -999 -999 -999 -999 -999 -999 -999 -999 -999 -999 58 58 58 58 59 59 60 60 62 64 66 71 75 75 77 90 88 87 88 79 85 93 108 110 100 97 89 95 89 100 115 98 99 108 105 106 121 110 127 110 122 116 109 116 122 120 117 121 131 114 115 120 119 115 109 109 103 100 95 91 96 96 93 94 91 86 77 83 82 79
-999 -999 -999 -999 -999 -999 -999 -999 -999 -999 -999 -999 -999 -999 -999 -999 -999 -999 -999 -999 -999 -999 -999 -999 -999 -999 59 58 58 59 59 59 60 60 62 64 68 72 72 76 87 94 81 100 87 83 89 88 97 99 95 90 100 98 92 91 94 92 95 97 98 99 103 105 109 109 134 138 118 113 109 122 126 135 126 125 125 125 122 116 110 107 103 98 96 93 94 94 93 93 87 87 76 86 75 79
-999 -999 -999 -999 -999 -999 -999 -999 -999 -999 -999 -999 -999 -999 -999 -999 -999 -999 -999 -999 -999 -999 -999 -999 -999 -999 58 58 57 58 58 59 60 60 61 64 66 69 71 77 90 95 86 102 90 85 91 97 101 102 91 100 105 107 108 91 93 106 109 111 110 113 106 112 117 113 116 125 136 130 127 139 125 136 135 115 124 122 126 117 109 104 101 98 96 93 93 94 92 91 90 87 82 76 75 77
-999 -999 -999 -999 -999 -999 -999 -999 -999 -999 -999 -999 -999 -999 -999 -999 -999 -999 -999 -999 -999 -999 -999 -999 -999 -999 58 58 58 58 58 59 60 60 61 66 68 69 70 79 92 96 89 102 94 90 87 100 103 100 100 103 114 113 101 94 95 109 118 121 111 120 121 113 104 131 112 123 130 141 138 137 134 129 129 120 107 112 114 113 107 104 101 97 95 92 94 93 91 90 88 88 87 81 78 75
-999 -999 -999 -999 -999 -999 -999 -999 -999 -999 -999 -999 -999 -999 -999 -999 -999 -999 -999 -999 -999 -999 -999 -999 -999 56 57 58 58 58 58 59 60 61 64 66 65 68 70 90 82 94 100 104 100 90 90 105 107 112 100 118 114 100 96 113 103 102 103 116 128 114 139 120 110 110 123 117 131 134 140 143 136 142 123 111 106 111 114 111 108 104 98 96 93 92 92 91 88 87 87 87 87 84 73 73
-999 -999 -999 -999 -999 -999 -999 -999 -999 -999 -999 -999 -999 -999 -999 -999 -999 -999 -999 -999 -999 -999 -999 -999 -999 55 56 57 58 58 58 59 59 62 68 65 65 65 68 70 83 90 94 87 104 91 96 103 109 116 111 125 113 104 110 117 112 101 108 117 121 125 131 121 108 110 130 134 128 139 139 136 134 130 106 120 103 106 114 111 107 103 98 95 93 89 90 90 90 87 86 85 82 79 74 76
-999 -999 -999 -999 -999 -999 -999 -999 -999 -999 -999 -999 -999 -999 -999 -999 -999 -999 -999 -999 -999 -999 -999 -999 -999 54 55 55 56 57 58 59 60 70 67 64 66 66 79 85 76 83 86 86 100 87 101 106 116 124 126 123 114 117 107 119 120 106 117 126 121 126 136 122 112 109 120 141 138 138 135 138 136 125 121 125 110 107 113 108 107 102 96 93 91 88 89 88 87 86 83 83 80 79 68 67
-999 -999 -999 -999 -999 -999 -999 -999 -999 -999 -999 -999 -999 -999 -999 -999 -999 -999 -999 -999 -999 -999 -999 -999 -999 53 54 54 55 56 58 60 61 69 65 66 69 70 84 86 88 85 83 94 97 98 108 112 117 126 126 122 112 122 121 122 121 124 123 130 137 133 143 122 111 108 126 131 133 124 129 130 125 121 114 110 113 92 97 104 103 101 97 91 86 85 84 86 85 85 81 79 78 69 66 73
-999 -999 -999 -999 -999 -999 -999 -999 -999 -999 -999 -999 -999 -999 -999 -999 -999 -999 -999 -999 -999 -999 -999 -999 52 52 53 54 55 56 57 60 61 66 63 66 66 74 80 85 91 90 92 94 90 96 106 110 121 118 118 118 123 122 125 129 119 124 138 133 135 148 133 120 130 119 119 116 113 135 130 127 124 119 117 110 101 101 102 103 103 99 92 87 84 82 82 84 85 83 80 78 75 65 72 70
-999 -999 -999 -999 -999 -999 -999 -999 -999 -999 -999 -999 -999 -999 -999 -999 -999 -999 -999 -999 -999 -999 -999 52 52 51 52 53 55 56 57 60 61 61 62 63 65 67 70 71 75 74 89 87 94 92 107 111 123 126 120 116 117 124 121 123 128 141 135 126 132 143 135 136 137 113 107 111 126 116 128 129 132 128 125 122 112 101 94 102 103 96 88 85 83 79 79 82 83 82 77 76 75 73 66 69
-999 -999 -999 -999 -999 -999 -999 -999 -999 -999 -999 -999 -999 -999 -999 -999 -999 -999 -999 -999 -999 -999 53 53 52 50 51 53 55 56 58 59 60 62 64 65 74 79 81 88 86 87 77 80 83 100 107 122 119 116 117 122 112 127 123 120 137 129 127 137 139 129 141 146 136 130 105 124 115 126 123 126 131 122 120 119 118 95 108 98 97 91 85 82 80 75 76 77 80 80 80 75 71 70 71 66
-999 -999 -999 -999 -999 -999 -999 -999 -999 -999 -999 -999 -999 -999 -999 -999 -999 -999 -999 -999 -999 -999 54 54 54 54 53 54 55 56 58 59 60 63 66 64 76 82 86 91 81 89 83 91 97 98 118 123 118 114 111 112 111 124 125 120 122 133 150 159 139 139 156 152 139 116 105 117 112 130 129 125 130 124 121 114 115 107 109 95 93 88 81 77 74 74 74 74 76 76 78 75 71 69 64 59
-999 -999 -999 -999 -999 -999 -999 -999 -999 -999 -999 -999 -999 -999 -999 -999 -999 -999 -999 -999 -999 54 55 56 57 56 54 55 55 56 58 60 64 64 66 70 73 82 88 88 90 89 88 85 97 107 109 123 123 120 120 118 115 122 120 117 129 141 154 164 139 140 156 148 135 118 108 130 128 119 129 131 130 126 113 111 101 100 102 94 90 85 78 74 73 72 74 74 73 77 77 74 70 69 66 57
-999 -999 -999 -999 -999 -999 -999 -999 -999 -999 -999 -999 -999 -999 -999 -999 -999 -999 -999 -999 -999 55 56 58 59 57 55 55 55 56 58 60 64 68 68 70 73 82 88 89 91 90 92 97 99 114 117 122 113 117 119 114 121 115 108 117 127 145 168 156 143 148 158 154 141 131 111 134 135 129 136 133 124 119 108 111 105 103 97 94 89 83 75 69 75 71 74 74 74 74 76 74 70 69 65 62
-999 -999 -999 -999 -999 -999 -999 -999 -999 -999 -999 -999 -999 -999 -999 -999 -999 -999 -999 -999 54 55 56 57 58 57 56 55 56 56 58 59 60 67 64 71 69 81 87 87 85 92 94 87 104 99 118 114 113 107 112 119 117 108 112 129 136 149 156 156 151 152 156 153 134 128 114 140 128 134 140 129 129 115 118 110 110 102 99 89 86 80 76 74 74 75 72 73 69 73 75 74 71 67 66 64
-999 -999 -999 -999 -999 -999 -999 -999 -999 -999 -999 -999 -999 -999 -999 -999 -999 -999 -999 52 53 54 55 56 56 56 56 56 56 57 58 59 60 63 67 67 68 81 83 86 88 89 96 84 91 112 113 104 115 117 112 105 115 110 123 121 129 133 142 161 150 151 158 151 147 142 128 136 131 140 136 127 123 117 119 112 104 101 91 85 84 82 78 76 74 74 72 70 73 68 73 73 70 68 65 65
-999 -999 -999 -999 -999 -999 -999 -999 -999 -999 -999 -999 -999 -999 -999 -999 -999 -999 -999 52 55 52 54 55 56 56 56 56 56 60 62 59 60 62 65 65 68 70 82 83 83 83 96 90 106 100 104 99 114 108 110 103 108 117 137 131 121 139 143 164 152 154 153 157 155 150 141 136 139 137 139 131 129 119 118 109 106 103 94 85 84 83 77 77 75 72 73 71 73 71 72 73 69 66 65 63
-999 -999 -999 -999 -999 -999 -999 -999 -999 -999 -999 -999 -999 -999 -999 -999 -999 -999 -999 50 51 51 52 55 57 60 60 61 60 60 58 59 60 60 62 64 67 68 80 81 85 88 83 93 91 108 99 99 103 105 101 109 116 117 146 137 134 144 156 158 157 151 152 149 146 156 145 142 144 139 141 136 131 124 115 109 103 101 94 87 83 81 82 78 76 75 70 71 71 69 65 71 68 65 63 62
-999 -999 -999 -999 -999 -999 -999 -999 -999 -999 -999 -999 -999 -999 -999 -999 -999 -999 49 49 53 53 54 59 61 63 61 63 60 62 58 58 60 61 62 63 63 66 74 78 78 79 88 97 102 101 107 101 97 99 108 125 142 130 138 154 166 156 174 162 155 155 156 153 156 147 151 128 133 132 137 131 126 116 115 110 103 98 96 87 84 84 82 78 77 73 71 71 67 67 70 68 60 64 60 62
-999 -999 -999 -999 -999 -999 -999 -999 -999 -999 -999 -999 -999 -999 -999 -999 -999 -999 48 48 50 52 56 58 63 68 65 70 62 60 58 59 60 61 62 62 63 64 67 74 75 79 80 91 102 97 102 113 96 100 106 116 131 150 155 153 156 166 174 170 154 157 157 153 157 155 151 144 135 133 139 129 122 117 110 108 105 97 93 89 84 82 82 77 74 74 70 69 69 70 70 67 64 59 62 59
-999 -999 -999 -999 -999 -999 -999 -999 -999 -999 -999 -999 -999 -999 -999 -999 -999 -999 48 51 48 55 60 69 69 69 72 65 63 60 59 59 59 60 61 63 64 65 67 70 72 83 78 90 94 90 105 96 97 106 119 105 127 131 134 144 167 180 179 171 160 158 159 157 155 158 152 149 141 142 137 128 121 120 117 107 105 102 91 90 86 82 78 76 73 72 70 68 71 68 70 67 63 64 59 59
-999 -999 -999 -999 -999 -999 -999 -999 -999 -999 -999 -999 -999 -999 -999 -999 -999 -999 47 47 48 51 61 55 59 65 76 63 60 61 58 59 62 60 61 63 65 65 67 69 71 79 74 84 90 100 89 94 101 109 131 115 109 118 132 166 154 163 160 168 166 157 159 161 155 158 155 153 142 147 136 130 127 117 112 108 102 96 91 90 87 82 78 75 73 70 67 72 72 68 68 66 64 60 58 63
-999 -999 -999 -999 -999 -999 -999 -999 -999 -999 -999 -999 -999 -999 -999 -999 -999 48 48 48 49 49 51 62 60 64 78 62 59 59 58 59 63 61 61 62 63 66 66 67 69 72 79 83 90 83 88 93 104 110 130 134 123 125 136 150 153 147 158 173 170 163 159 157 159 154 154 153 148 145 136 133 124 121 115 110 103 97 93 90 85 79 79 75 73 71 69 72 71 70 67 60 62 60 66 66
-999 -999 -999 -999 -999 -999 -999 -999 -999 -999 -999 -999 -999 -999 -999 -999 -999 48 48 48 53 53 57 64 77 74 62 61 59 58 57 59 62 60 62 63 64 65 66 67 68 71 74 78 79 83 91 98 112 127 129 152 139 137 132 138 161 167 151 159 168 160 155 161 159 156 151 148 144 135 132 127 124 114 109 105 104 101 94 86 83 79 76 75 73 73 72 69 69 67 66 63 60 62 66 66
-999 -999 -999 -999 -999 -999 -999 -999 -999 -999 -999 -999 -999 -999 -999 -999 -999 48 48 49 56 60 62 62 68 63 57 57 55 56 58 59 61 61 62 64 64 65 66 67 70 73 74 77 91 95 107 102 111 148 137 162 135 157 158 152 144 158 144 155 165 168 159 164 158 157 149 138 134 138 133 129 126 120 116 104 101 99 93 83 82 78 74 73 72 72 70 67 67 65 64 63 63 62 63 64
-999 -999 -999 -999 -999 -999 -999 -999 -999 -999 -999 -999 -999 -999 -999 -999 -999 49 49 49 51 57 62 66 60 59 61 54 55 56 58 59 60 61 64 63 65 65 66 68 69 72 75 82 93 106 113 111 126 139 165 158 144 148 169 147 133 158 159 150 155 164 155 155 156 148 151 144 134 134 131 123 124 121 113 108 103 97 90 82 79 76 72 71 72 71 69 66 64 64 63 62 61 64 66 65
-999 -999 -999 -999 -999 -999 -999 -999 -999 -999 -999 -999 -999 -999 -999 -999 -999 48 48 48 53 52 58 61 53 57 52 54 55 56 59 59 60 62 64 63 66 66 67 68 70 72 76 80 91 106 102 112 131 152 162 157 160 160 160 142 122 142 155 159 154 161 161 157 150 145 146 135 133 129 125 120 125 121 114 113 103 98 91 83 79 74 70 68 68 70 67 65 63 59 60 61 65 63 65 66
-999 -999 -999 -999 -999 -999 -999 -999 -999 -999 -999 -999 -999 -999 -999 -999 -999 47 48 48 50 53 51 58 56 54 54 55 58 57 59 60 61 62 64 64 65 67 68 70 73 74 87 81 83 86 89 99 113 128 149 142 148 148 152 144 123 127 158 152 149 156 155 149 139 141 144 130 131 132 126 118 126 124 117 109 102 97 90 81 76 72 68 67 71 69 67 63 61 63 60 63 60 66 67 67
-999 -999 -999 -999 -999 -999 -999 -999 -999 -999 -999 -999 -999 -999 -999 -999 -999 47 47 48 49 49 52 55 57 56 55 57 62 57 59 60 62 62 64 65 66 67 70 72 77 81 86 85 97 89 97 96 112 115 136 132 140 147 146 148 126 122 139 146 149 151 149 141 142 137 128 131 121 117 117 120 118 123 116 109 102 98 88 80 75 74 73 69 72 70 66 62 61 64 63 65 65 64 66 67
-999 -999 -999 -999 -999 -999 -999 -999 -999 -999 -999 -999 -999 -999 -999 -999 -999 44 46 47 50 50 53 54 56 56 56 61 57 57 59 60 62 62 64 65 67 68 70 71 80 79 86 86 98 112 101 114 101 113 125 132 144 147 150 148 152 122 150 146 144 147 144 141 141 147 140 133 134 127 127 119 119 115 114 107 101 96 88 80 76 72 70 69 67 68 63 61 61 60 64 66 66 67 65 66
-999 -999 -999 -999 -999 -999 -999 -999 -999 -999 -999 -999 -999 -999 -999 -999 -999 -999 44 47 49 50 53 54 55 56 61 59 57 58 59 61 62 63 65 65 66 69 72 75 93 86 91 92 102 128 125 125 125 129 113 124 129 132 144 153 158 138 132 147 144 143 148 147 143 139 131 127 123 126 128 128 111 120 115 108 102 94 87 81 77 72 70 68 67 65 61 57 56 57 60 64 64 64 64 65
-999 -999 -999 -999 -999 -999 -999 -999 -999 -999 -999 -999 -999 -999 -999 -999 -999 -999 -999 48 48 49 52 53 57 58 61 58 57 58 61 63 64 63 64 63 65 69 74 86 89 108 105 114 106 113 110 106 106 112 118 120 124 123 138 149 155 145 129 136 130 134 135 136 142 141 141 137 135 132 124 112 113 118 113 105 99 94 88 81 79 75 73 67 67 65 59 56 52 55 63 64 61 64 65 70
-999 -999 -999 -999 -999 -999 -999 -999 -999 -999 -999 -999 -999 -999 -999 -999 -999 -999 -999 -999 48 49 51 53 60 58 58 57 56 58 61 63 65 65 64 66 65 67 71 81 92 94 94 103 94 102 105 94 103 117 126 113 116 122 126 145 150 147 145 129 139 146 145 137 139 137 128 127 122 121 112 117 115 108 110 101 99 95 86 81 79 75 71 66 67 67 59 55 53 56 63 62 60 62 63 69
-999 -999 -999 -999 -999 -999 -999 -999 -999 -999 -999 -999 -999 -999 -999 -999 -999 -999 -999 -999 48 49 51 52 53 59 57 58 56 58 59 62 63 65 67 66 68 69 77 80 83 92 92 96 99 95 95 101 114 109 101 114 114 110 136 133 143 150 132 137 137 144 144 138 137 137 132 132 127 131 120 111 110 99 99 100 99 93 87 81 80 77 73 66 69 66 59 54 54 56 63 61 60 61 62 66
-999 -999 -999 -999 -999 -999 -999 -999 -999 -999 -999 -999 -999 -999 -999 -999 -999 -999 -999 -999 49 49 50 51 52 57 56 56 56 57 58 61 64 65 67 68 69 70 72 75 78 85 86 86 88 89 92 99 97 97 116 113 105 120 117 138 134 140 141 143 139 136 137 140 137 133 126 126 126 129 123 109 112 111 107 93 89 89 87 81 76 75 71 68 65 64 60 57 57 62 62 61 59 61 60 62
-999 -999 -999 -999 -999 -999 -999 -999 -999 -999 -999 -999 -999 -999 -999 -999 -999 -999 -999 -999 49 49 49 50 51 57 55 55 54 56 58 61 64 64 68 67 71 71 89 89 90 84 87 87 89 91 93 97 99 96 110 105 115 124 128 130 129 134 142 139 136 129 139 138 129 125 124 121 119 113 119 114 115 112 106 98 96 87 86 80 75 77 74 69 66 66 61 59 62 61 64 62 60 60 59 64
-999 -999 -999 -999 -999 -999 -999 -999 -999 -999 -999 -999 -999 -999 -999 -999 -999 -999 -999 -999 49 48 49 49 50 53 54 55 55 55 58 62 66 81 81 70 74 80 83 93 95 100 95 91 91 95 97 97 96 106 110 109 115 109 111 113 131 134 135 127 128 134 122 123 130 127 129 126 122 115 117 118 114 110 107 102 95 92 85 76 74 73 73 70 65 66 63 60 60 60 63 61 60 58 58 61
-999 -999 -999 -999 -999 -999 -999 -999 -999 -999 -999 -999 -999 -999 -999 -999 -999 -999 -999 -999 48 48 49 49 50 51 53 54 55 58 60 62 68 78 93 76 71 89 86 95 109 92 99 100 100 98 104 101 100 100 102 118 114 124 118 119 131 134 125 127 123 128 125 116 125 125 124 119 118 116 114 117 116 111 106 100 95 90 85 79 75 73 73 70 64 65 63 61 60 61 62 61 61 58 57 59
-999 -999 -999 -999 -999 -999 -999 -999 -999 -999 -999 -999 -999 -999 -999 -999 -999 -999 -999 47 48 48 48 49 50 51 53 54 56 58 64 70 75 85 84 77 79 89 85 100 100 112 100 116 104 107 118 126 112 121 128 116 132 115 129 125 129 129 125 121 117 114 125 110 122 114 123 123 116 117 116 114 111 108 104 100 95 90 85 80 76 71 88 72 68 62 61 61 60 63 61 61 60 58 59 56
-999 -999 -999 -999 -999 -999 -999 -999 -999 -999 -999 -999 -999 -999 -999 -999 -999 -999 47 47 47 47 48 50 51 52 53 55 57 65 61 72 84 77 78 83 95 88 94 89 108 101 124 133 119 118 121 129 120 115 115 136 132 130 124 116 115 130 129 123 120 113 124 112 107 116 116 118 114 112 110 106 103 102 102 97 91 88 81 79 75 72 76 73 70 65 59 61 61 60 61 60 58 59 56 54
-999 -999 -999 -999 -999 -999 -999 -999 -999 -999 -999 -999 -999 -999 -999 -999 -999 -999 47 47 47 46 48 51 52 53 54 55 57 62 69 79 78 76 80 92 96 99 94 94 115 123 144 134 121 127 123 141 137 133 127 118 138 129 115 109 111 119 124 128 121 113 108 104 119 114 114 112 112 110 109 106 103 99 93 92 92 88 82 76 74 73 72 70 67 66 62 62 61 61 60 60 58 58 58 52
-999 -999 -999 -999 -999 -999 -999 -999 -999 -999 -999 -999 -999 -999 -999 -999 -999 -999 48 47 48 48 49 51 52 53 54 55 57 60 68 73 72 77 85 107 114 120 102 113 134 123 145 131 126 140 141 133 147 158 139 116 114 127 117 110 117 116 126 127 121 121 109 109 115 105 114 109 110 108 106 104 100 97 92 90 88 87 81 78 77 76 72 70 68 67 64 63 62 61 60 59 58 58 60 58
-999 -999 -999 -999 -999 -999 -999 -999 -999 -999 -999 -999 -999 -999 -999 -999 -999 -999 48 49 49 50 50 52 54 54 54 55 59 62 64 71 75 87 92 89 105 110 121 126 130 120 143 132 139 156 153 148 134 152 152 150 137 123 109 118 121 118 122 125 122 112 112 108 105 109 105 106 109 108 105 101 96 93 87 85 84 83 83 82 81 78 78 77 76 72 70 66 63 61 60 59 58 56 57 58
-999 -999 -999 -999 -999 -999 -999 -999 -999 -999 -999 -999 -999 -999 -999 -999 -999 -999 50 49 51 51 51 53 56 55 56 58 61 62 69 74 78 89 103 97 104 113 129 146 147 141 133 130 151 171 164 158 147 123 147 151 138 139 128 130 124 122 120 117 117 113 120 112 109 101 103 108 104 108 101 97 93 90 86 84 82 81 77 82 83 80 79 79 79 74 71 68 66 62 61 60 59 60 59 60
-999 -999 -999 -999 -999 -999 -999 -999 -999 -999 -999 -999 -999 -999 -999 -999 -999 -999 50 51 51 51 50 52 55 56 56 60 63 67 74 82 86 89 92 111 113 131 137 147 164 170 151 153 137 153 153 158 144 130 147 155 149 142 149 139 130 130 127 118 117 126 132 131 118 107 105 111 108 104 99 94 91 86 83 82 82 81 80 79 81 81 79 80 76 75 72 68 66 64 63 62 62 74 65 75
-999 -999 -999 -999 -999 -999 -999 -999 -999 -999 -999 -999 -999 -999 -999 -999 -999 51 51 51 51 50 51 50 54 56 58 61 63 71 81 88 97 105 108 120 118 109 128 145 166 164 155 167 173 150 131 137 145 130 146 145 143 141 145 138 135 127 122 119 133 124 119 121 126 121 109 104 107 102 95 93 90 83 78 79 79 77 74 75 74 79 78 80 79 75 74 71 66 66 71 71 75 74 73 68
-999 -999 -999 -999 -999 -999 -999 -999 -999 -999 -999 -999 -999 -999 -999 -999 -999 51 51 51 51 50 51 53 57 57 60 63 67 80 100 110 114 114 112 98 102 120 131 156 173 167 174 183 196 178 147 121 129 137 151 146 144 141 146 138 135 121 132 129 119 118 112 113 115 114 113 99 107 101 95 92 89 80 72 78 80 78 75 74 74 74 76 76 75 77 70 73 70 70 64 68 78 74 74 72
-999 -999 -999 -999 -999 -999 -999 -999 -999 -999 -999 -999 -999 -999 -999 -999 -999 51 51 53 53 53 52 56 58 61 63 70 72 73 92 93 98 105 94 110 137 122 140 167 175 171 166 179 175 177 170 146 149 155 160 153 151 148 141 147 143 145 131 131 128 124 119 110 112 108 109 105 104 104 96 91 88 82 78 78 80 79 77 76 75 72 77 75 72 74 63 69 67 64 65 75 75 74 71 69
