Climate/data/grids_germany_multi_annual_precipitation_1981-2010_04.asc
NCOLS 654
NROWS 866
XLLCORNER 3280414.711633467
YLLCORNER 5237500.62890625
CELLSIZE 1000
NODATA_VALUE -999
[rows 371 to 423 of 866, columns 0 to 95 of 654]
-999 -999 -999 -999 -999 -999 -999 -999 -999 -999 -999 -999 -999 -999 -999 43 43 42 42 43 43 43 42 42 43 44 44 45 45 45 45 47 47 47 46 45 45 45 44 45 45 45 45 46 46 45 45 45 45 45 45 43 44 43 44 45 46 45 45 46 46 47 48 48 49 49 48 48 48 47 47 47 48 49 49 50 50 50 50 49 50 49 49 49 49 49 48 49 48 48 48 48 48 49 51 53
-999 -999 -999 -999 -999 -999 -999 -999 -999 -999 -999 -999 -999 -999 43 43 43 43 42 43 43 43 42 43 43 43 45 44 44 45 46 46 47 47 45 45 46 46 48 45 45 45 46 46 46 46 45 45 45 45 44 44 43 44 45 46 45 45 46 46 46 47 48 48 48 49 48 48 47 48 48 49 48 49 49 49 50 50 49 50 50 49 48 48 48 48 48 49 48 48 48 48 49 50 50 52
-999 -999 -999 -999 -999 -999 -999 -999 -999 -999 -999 -999 -999 -999 -999 43 43 43 43 43 43 43 42 43 43 43 43 44 44 44 46 47 47 45 45 47 47 46 45 45 45 46 46 46 46 46 46 46 45 45 44 44 44 44 45 45 46 46 46 46 46 46 47 48 47 48 47 47 47 47 48 48 48 49 49 49 49 50 50 50 50 49 49 48 48 48 49 49 48 48 49 48 50 50 50 52
-999 -999 -999 -999 -999 -999 -999 -999 -999 -999 -999 -999 -999 -999 -999 -999 -999 -999 43 43 43 43 43 43 43 43 44 44 45 45 46 47 45 45 45 47 48 45 45 45 46 46 46 46 46 46 46 45 45 45 45 44 45 45 45 46 45 46 46 47 47 47 47 48 48 47 48 47 47 48 48 48 49 49 50 50 50 50 50 50 50 50 49 49 49 49 49 49 49 49 49 49 50 51 51 51
-999 -999 -999 -999 -999 -999 -999 -999 -999 -999 -999 -999 -999 -999 -999 -999 -999 -999 -999 42 42 42 42 42 42 43 44 45 45 45 46 46 45 45 46 48 47 45 45 46 46 46 46 46 46 46 46 45 46 45 45 45 45 45 45 45 46 46 46 47 47 47 47 48 48 48 47 48 48 48 48 49 49 49 50 50 50 50 50 50 50 50 49 49 49 49 48 49 48 48 50 50 50 51 50 51
-999 -999 -999 -999 -999 -999 -999 -999 -999 -999 -999 -999 -999 -999 -999 -999 -999 -999 -999 42 42 42 42 43 43 42 44 45 45 45 45 47 45 45 46 49 48 45 46 46 46 46 47 48 46 46 46 45 46 46 45 45 45 45 45 46 46 46 48 47 48 48 48 48 47 47 47 48 48 49 49 49 49 50 50 51 50 50 50 50 50 50 49 49 49 49 49 49 49 49 50 50 50 50 50 51
-999 -999 -999 -999 -999 -999 -999 -999 -999 -999 -999 -999 -999 -999 -999 -999 -999 -999 -999 42 42 43 42 43 43 43 45 45 45 45 45 45 45 45 46 49 50 47 46 46 46 48 48 48 48 46 45 45 46 46 45 45 45 46 46 46 46 46 47 47 47 47 47 47 47 47 47 48 48 48 49 49 49 50 51 51 50 49 50 50 50 49 49 50 49 49 49 50 50 50 50 50 50 50 49 49
-999 -999 -999 -999 -999 -999 -999 -999 -999 -999 -999 -999 -999 -999 -999 -999 -999 -999 42 42 42 42 42 43 44 44 44 45 45 45 45 45 45 45 45 47 49 49 49 47 46 46 47 49 46 46 45 45 46 46 46 45 45 45 46 45 47 47 47 47 47 47 48 48 48 48 48 50 51 49 49 50 50 52 52 50 50 50 49 49 49 49 50 50 49 50 50 50 50 50 50 50 49 49 50 51
-999 -999 -999 -999 -999 -999 -999 -999 -999 -999 -999 -999 -999 -999 -999 -999 -999 -999 41 42 42 42 43 43 43 43 44 45 45 45 45 45 45 45 45 46 47 49 49 49 46 46 46 45 46 45 46 46 46 46 46 46 46 46 46 46 46 46 47 47 47 47 49 50 50 50 50 51 50 49 50 50 51 52 51 50 50 49 49 50 51 50 50 50 50 51 50 51 52 52 50 50 51 51 51 51
-999 -999 -999 -999 -999 -999 -999 -999 -999 -999 -999 -999 -999 -999 -999 -999 -999 -999 41 43 42 43 43 43 43 43 44 45 45 45 45 45 45 45 45 46 46 46 45 46 46 46 46 46 46 46 46 46 46 46 46 46 46 46 46 46 46 46 46 47 47 47 48 50 51 51 50 51 50 51 50 52 52 52 51 51 50 50 50 50 50 50 50 50 50 50 51 52 52 52 52 51 53 53 52 51
-999 -999 -999 -999 -999 -999 -999 -999 -999 -999 -999 -999 -999 -999 -999 -999 -999 -999 -999 42 42 42 43 43 43 43 44 45 45 45 45 46 46 46 46 46 46 46 46 46 46 46 46 46 46 46 46 46 46 46 46 46 46 46 46 46 46 46 46 47 47 47 47 48 49 49 50 51 51 51 52 52 52 52 52 51 50 51 52 50 50 50 51 50 50 50 51 51 52 52 51 53 52 51 51 52
-999 -999 -999 -999 -999 -999 -999 -999 -999 -999 -999 -999 -999 -999 -999 -999 -999 -999 -999 -999 42 43 43 43 43 43 44 44 45 45 45 45 45 45 45 45 46 46 46 46 45 45 46 45 46 45 46 45 46 46 46 46 46 46 46 47 47 46 46 46 47 47 47 48 50 50 50 52 52 51 53 52 51 52 53 51 51 52 52 50 51 51 50 50 50 50 50 51 52 53 53 52 51 50 51 50
-999 -999 -999 -999 -999 -999 -999 -999 -999 -999 -999 -999 -999 -999 -999 -999 -999 -999 -999 -999 -999 42 43 43 43 43 44 45 45 45 45 45 45 45 45 45 46 45 47 47 47 47 47 47 47 46 45 45 45 45 46 46 46 46 47 47 47 47 46 47 47 47 47 49 49 51 51 52 51 50 51 51 53 53 52 52 50 50 52 51 51 51 51 49 50 50 50 51 51 53 53 52 53 51 50 49
-999 -999 -999 -999 -999 -999 -999 -999 -999 -999 -999 -999 -999 -999 -999 -999 -999 -999 -999 -999 -999 -999 43 43 43 43 44 45 45 45 45 45 45 45 45 46 46 46 46 46 47 47 47 47 47 48 46 45 45 45 45 46 46 46 46 46 47 47 46 47 47 47 47 48 49 51 49 50 50 51 51 52 53 53 52 50 50 51 51 51 51 51 51 49 50 50 51 51 50 51 52 53 53 52 51 49
-999 -999 -999 -999 -999 -999 -999 -999 -999 -999 -999 -999 -999 -999 -999 -999 -999 -999 -999 -999 -999 -999 -999 43 44 43 44 45 45 45 45 45 45 45 45 46 46 46 45 46 47 47 47 47 47 47 48 46 45 45 45 45 46 46 46 47 47 46 46 47 47 47 49 49 50 51 49 49 50 51 51 52 53 53 52 50 50 51 51 51 51 52 51 50 50 51 51 52 50 51 53 54 53 52 51 50
-999 -999 -999 -999 -999 -999 -999 -999 -999 -999 -999 -999 -999 -999 -999 -999 -999 -999 -999 -999 -999 -999 -999 43 44 45 45 45 45 45 45 45 45 45 45 46 46 46 45 46 46 46 48 48 48 48 48 47 46 46 45 45 45 45 45 45 46 46 46 47 47 47 48 48 49 49 50 52 50 52 52 52 52 52 52 50 50 51 51 51 51 51 51 50 51 51 50 50 50 51 52 53 53 52 51 50
-999 -999 -999 -999 -999 -999 -999 -999 -999 -999 -999 -999 -999 -999 -999 -999 -999 -999 -999 -999 -999 -999 -999 -999 44 44 45 45 45 45 45 45 45 45 45 45 45 45 45 46 46 46 47 49 49 49 48 48 46 46 46 45 44 44 45 45 46 46 47 48 49 49 49 49 50 50 49 51 53 52 52 52 52 51 51 51 51 51 51 50 51 51 51 50 50 49 49 50 49 50 52 51 50 50 50 49
-999 -999 -999 -999 -999 -999 -999 -999 -999 -999 -999 -999 -999 -999 -999 -999 -999 -999 -999 -999 -999 -999 -999 -999 -999 45 45 46 45 45 45 45 45 45 45 45 45 45 45 46 46 46 46 47 49 49 50 48 46 46 45 44 44 43 44 46 46 46 47 48 48 49 48 49 49 49 50 51 51 52 53 53 53 52 52 51 51 51 51 50 50 50 50 51 50 50 50 50 49 49 50 50 50 50 49 48
-999 -999 -999 -999 -999 -999 -999 -999 -999 -999 -999 -999 -999 -999 -999 -999 -999 -999 -999 -999 -999 -999 -999 -999 -999 -999 45 46 46 45 45 45 45 45 45 45 45 45 45 46 46 46 47 47 47 49 49 47 46 46 45 44 44 44 44 45 46 46 47 48 48 49 49 49 49 49 50 50 51 52 53 53 53 52 51 51 51 51 52 50 49 50 50 49 50 50 49 48 49 49 49 50 50 49 49 49
-999 -999 -999 -999 -999 -999 -999 -999 -999 -999 -999 -999 -999 -999 -999 -999 -999 -999 -999 -999 -999 -999 -999 -999 -999 -999 45 46 46 46 45 45 45 45 45 45 45 45 46 46 46 46 47 47 47 47 47 47 46 46 45 45 45 45 45 46 46 47 48 48 48 48 49 49 49 50 50 51 50 51 52 54 54 53 52 52 52 52 51 51 49 50 51 50 50 50 49 49 49 49 49 49 49 48 49 49
-999 -999 -999 -999 -999 -999 -999 -999 -999 -999 -999 -999 -999 -999 -999 -999 -999 -999 -999 -999 -999 -999 -999 -999 -999 -999 45 45 46 46 45 45 45 45 45 45 45 45 45 46 46 46 47 47 47 47 48 46 46 46 46 46 46 46 46 46 47 47 48 48 48 49 49 50 50 50 50 51 51 52 52 54 54 53 54 54 52 50 50 51 50 50 50 50 50 50 49 48 48 49 49 49 49 49 49 49
-999 -999 -999 -999 -999 -999 -999 -999 -999 -999 -999 -999 -999 -999 -999 -999 -999 -999 -999 -999 -999 -999 -999 -999 -999 -999 45 45 46 46 46 45 45 45 45 45 45 45 45 46 46 46 46 47 48 48 48 48 47 47 46 47 46 46 47 47 47 47 47 48 48 48 48 49 50 50 50 51 51 51 52 53 54 53 52 53 53 50 51 51 50 50 50 50 50 50 49 48 48 48 48 48 50 49 50 51
-999 -999 -999 -999 -999 -999 -999 -999 -999 -999 -999 -999 -999 -999 -999 -999 -999 -999 -999 -999 -999 -999 -999 -999 -999 -999 45 46 46 46 46 45 45 45 45 45 45 46 46 47 47 47 47 47 48 48 49 47 47 48 47 46 46 47 47 47 47 47 47 48 48 48 48 50 50 50 50 51 51 51 51 51 52 54 54 52 50 51 51 51 51 50 50 51 50 50 50 49 49 50 50 50 49 49 50 50
-999 -999 -999 -999 -999 -999 -999 -999 -999 -999 -999 -999 -999 -999 -999 -999 -999 -999 -999 -999 -999 -999 -999 -999 -999 -999 -999 44 44 44 45 45 45 45 45 45 45 46 46 46 47 47 48 48 47 47 47 47 48 48 46 47 48 47 47 47 48 48 48 47 48 48 48 48 50 51 51 50 51 51 51 51 51 52 53 52 51 51 52 51 51 51 51 52 52 51 50 50 50 50 50 50 49 49 49 49
-999 -999 -999 -999 -999 -999 -999 -999 -999 -999 -999 -999 -999 -999 -999 -999 -999 -999 -999 -999 -999 -999 -999 -999 -999 -999 -999 44 44 44 44 44 43 43 45 46 46 46 46 46 46 46 47 49 46 47 47 47 47 48 48 47 47 47 48 47 48 48 47 47 47 47 48 49 49 50 51 51 51 51 51 51 51 52 52 53 52 51 51 52 52 52 51 51 51 51 51 50 50 50 50 49 49 49 49 49
-999 -999 -999 -999 -999 -999 -999 -999 -999 -999 -999 -999 -999 -999 -999 -999 -999 -999 -999 -999 -999 -999 -999 -999 -999 -999 43 44 44 44 44 44 43 43 45 46 46 46 46 47 47 47 47 49 46 46 47 48 50 48 47 48 48 47 47 48 48 49 48 47 47 47 47 48 48 50 50 51 51 51 51 50 52 52 53 54 53 53 53 51 51 52 53 52 52 52 52 50 50 50 49 50 49 49 49 50
-999 -999 -999 -999 -999 -999 -999 -999 -999 -999 -999 -999 -999 -999 -999 -999 -999 -999 -999 -999 -999 -999 -999 -999 -999 -999 43 44 44 43 43 43 43 43 44 46 46 46 46 47 46 47 48 47 46 46 47 47 48 48 48 48 48 47 47 48 48 48 48 49 47 47 47 47 49 49 50 50 51 51 51 52 52 52 54 56 55 54 53 52 52 53 54 53 54 54 53 51 51 52 51 51 50 50 50 50
-999 -999 -999 -999 -999 -999 -999 -999 -999 -999 -999 -999 -999 -999 -999 -999 -999 -999 -999 -999 -999 -999 -999 -999 -999 43 43 44 44 43 43 44 43 43 45 44 45 46 46 46 46 46 47 48 47 47 47 47 47 48 48 48 48 48 47 47 48 48 48 48 48 48 47 47 48 48 50 50 50 51 51 52 52 56 56 56 54 54 54 54 54 54 54 54 55 55 54 54 52 52 52 51 51 51 50 51
-999 -999 -999 -999 -999 -999 -999 -999 -999 -999 -999 -999 -999 -999 -999 -999 -999 -999 -999 -999 -999 -999 -999 -999 -999 43 43 44 44 44 43 45 44 44 44 44 44 46 46 45 45 45 46 49 47 47 48 47 47 47 48 48 48 48 47 48 48 48 48 48 48 48 48 48 49 48 48 50 50 50 51 52 54 56 56 55 53 55 55 55 55 56 56 56 55 55 54 55 55 54 53 51 52 51 50 50
-999 -999 -999 -999 -999 -999 -999 -999 -999 -999 -999 -999 -999 -999 -999 -999 -999 -999 -999 -999 -999 -999 -999 -999 -999 43 43 43 44 44 45 45 44 45 46 45 44 44 46 45 45 45 46 50 47 47 47 48 47 47 48 47 48 47 48 48 48 48 48 48 48 48 48 49 49 50 49 50 50 50 51 51 53 54 55 55 56 55 55 55 56 57 56 56 55 55 54 54 54 55 55 53 55 53 53 54
-999 -999 -999 -999 -999 -999 -999 -999 -999 -999 -999 -999 -999 -999 -999 -999 -999 -999 -999 -999 -999 -999 -999 -999 -999 43 43 44 45 45 46 45 45 45 46 45 45 46 46 45 45 45 46 50 47 47 47 48 48 48 48 48 48 47 47 48 48 48 48 48 48 48 48 48 50 50 51 52 50 50 51 51 51 55 56 57 57 56 57 57 57 57 57 56 53 53 52 54 55 56 55 55 52 55 55 54
-999 -999 -999 -999 -999 -999 -999 -999 -999 -999 -999 -999 -999 -999 -999 -999 -999 -999 -999 -999 -999 -999 -999 -999 -999 43 45 45 47 46 46 46 45 46 46 46 46 46 46 46 46 46 47 48 50 48 48 48 48 48 48 48 48 48 49 48 49 48 48 48 48 48 49 49 49 49 52 53 51 52 54 52 54 55 55 59 59 58 57 56 58 56 58 56 53 56 52 52 52 52 52 55 54 57 52 54
-999 -999 -999 -999 -999 -999 -999 -999 -999 -999 -999 -999 -999 -999 -999 -999 -999 -999 -999 -999 -999 -999 -999 -999 -999 45 45 45 48 47 47 47 46 45 46 46 46 46 46 47 47 47 47 48 48 51 50 48 48 48 48 48 48 48 48 48 49 49 50 49 49 48 48 47 49 49 51 51 54 54 55 52 51 56 57 57 57 58 59 58 58 58 57 58 53 56 55 56 55 54 52 56 53 50 51 50
-999 -999 -999 -999 -999 -999 -999 -999 -999 -999 -999 -999 -999 -999 -999 -999 -999 -999 -999 -999 -999 -999 -999 -999 -999 45 46 46 47 47 47 47 46 46 46 46 46 46 46 46 47 47 48 48 49 49 49 48 48 48 48 48 48 48 48 49 49 48 49 50 50 49 48 49 49 49 50 53 54 53 52 52 51 54 57 59 59 60 59 61 57 59 60 60 57 53 56 58 56 56 53 56 52 52 54 51
-999 -999 -999 -999 -999 -999 -999 -999 -999 -999 -999 -999 -999 -999 -999 -999 -999 -999 -999 -999 -999 -999 -999 -999 -999 -999 46 46 48 47 47 47 46 46 46 46 46 46 46 46 47 47 48 49 49 49 49 48 48 48 48 49 48 48 48 49 49 49 50 50 50 49 48 49 49 48 49 50 53 52 55 55 52 54 57 56 57 58 58 59 54 53 53 53 56 54 57 60 61 56 53 53 54 54 55 56
-999 -999 -999 -999 -999 -999 -999 -999 -999 -999 -999 -999 -999 -999 -999 -999 -999 -999 -999 -999 -999 -999 -999 -999 -999 -999 46 47 47 47 47 47 46 46 46 46 46 46 46 46 46 47 48 48 49 50 49 48 48 48 48 48 48 48 49 49 49 49 49 50 50 49 48 50 50 50 49 50 52 53 53 56 52 53 57 58 58 56 59 61 56 60 58 57 54 55 64 62 62 62 56 54 55 57 55 57
-999 -999 -999 -999 -999 -999 -999 -999 -999 -999 -999 -999 -999 -999 -999 -999 -999 -999 -999 -999 -999 -999 -999 -999 -999 -999 47 47 47 48 48 47 46 46 46 46 46 46 46 46 46 47 47 47 47 48 48 48 48 48 48 48 48 48 48 50 50 50 48 49 50 50 49 51 50 50 50 51 52 53 54 57 57 52 56 57 59 54 57 56 58 60 58 60 57 57 59 58 60 64 59 64 59 57 62 61
-999 -999 -999 -999 -999 -999 -999 -999 -999 -999 -999 -999 -999 -999 -999 -999 -999 -999 -999 -999 -999 -999 -999 -999 -999 47 47 46 46 48 47 47 46 46 46 46 46 46 46 47 46 46 47 48 48 48 48 48 48 48 48 48 48 48 48 50 50 50 49 49 50 49 50 51 51 50 51 52 53 53 54 56 57 53 53 56 56 55 54 60 63 63 61 62 62 62 60 61 62 62 64 58 62 59 57 62
-999 -999 -999 -999 -999 -999 -999 -999 -999 -999 -999 -999 -999 -999 -999 -999 -999 -999 -999 -999 -999 -999 -999 -999 46 46 47 47 46 47 47 47 47 46 46 46 46 46 46 46 46 47 47 47 47 47 48 48 48 48 48 48 48 48 49 50 50 50 49 50 50 49 50 51 51 51 51 52 53 53 54 56 57 57 57 53 53 55 58 62 64 66 65 63 64 65 67 67 64 60 64 64 62 61 64 59
-999 -999 -999 -999 -999 -999 -999 -999 -999 -999 -999 -999 -999 -999 -999 -999 -999 -999 -999 -999 -999 -999 -999 -999 46 46 46 45 47 48 49 48 48 46 46 46 46 46 46 46 46 46 47 47 47 48 48 48 47 47 48 48 48 49 49 49 49 49 50 49 51 51 51 51 52 52 52 52 53 55 55 55 58 60 60 56 62 61 60 59 63 64 63 67 65 69 68 68 62 68 66 63 63 63 66 65
-999 -999 -999 -999 -999 -999 -999 -999 -999 -999 -999 -999 -999 -999 -999 -999 -999 -999 -999 -999 -999 -999 46 46 46 46 46 45 46 46 49 49 47 47 46 46 46 46 46 46 46 46 47 47 46 47 48 48 48 48 48 48 49 49 49 49 50 50 50 49 49 49 51 51 51 52 52 53 55 54 55 57 57 60 57 56 63 61 63 66 68 67 68 68 68 67 68 63 64 67 69 66 65 69 66 67
-999 -999 -999 -999 -999 -999 -999 -999 -999 -999 -999 -999 -999 -999 -999 -999 -999 -999 -999 -999 -999 -999 47 46 46 46 46 45 46 46 47 49 47 47 47 46 46 46 46 46 46 46 47 46 46 47 47 47 47 47 48 48 49 49 49 49 50 50 50 50 50 51 51 52 52 52 52 53 54 54 55 58 58 60 62 63 64 63 65 64 67 67 67 67 67 67 63 65 70 64 69 66 63 69 68 72
-999 -999 -999 -999 -999 -999 -999 -999 -999 -999 -999 -999 -999 -999 -999 -999 -999 -999 -999 -999 -999 47 47 47 46 46 46 46 45 46 46 47 48 48 46 46 46 46 46 46 46 46 47 47 48 47 46 47 47 48 48 49 49 49 49 50 50 50 50 51 50 50 51 51 52 52 52 53 54 54 55 57 58 58 62 66 64 66 64 66 68 69 71 70 70 69 62 67 71 66 67 67 68 66 69 72
-999 -999 -999 -999 -999 -999 -999 -999 -999 -999 -999 -999 -999 -999 -999 -999 -999 -999 -999 -999 -999 47 48 47 47 47 47 46 46 46 48 47 49 49 47 46 46 47 47 46 46 46 47 47 47 47 47 48 48 48 48 49 49 49 50 50 50 50 51 51 50 50 52 52 51 52 52 53 53 55 57 56 60 58 62 61 65 63 63 68 68 68 70 71 71 70 67 67 68 66 70 69 69 71 69 68
-999 -999 -999 -999 -999 -999 -999 -999 -999 -999 -999 -999 -999 -999 -999 -999 -999 -999 -999 -999 47 48 48 46 46 46 47 47 47 46 46 46 47 49 47 46 46 46 47 47 47 47 47 48 48 48 48 49 48 48 49 49 49 49 50 50 49 51 50 51 52 51 51 52 51 52 53 53 54 54 55 56 57 61 61 63 62 63 63 64 64 67 66 70 72 69 67 68 69 70 74 70 71 75 73 73
-999 -999 -999 -999 -999 -999 -999 -999 -999 -999 -999 -999 -999 -999 -999 -999 -999 -999 -999 46 48 48 48 46 46 46 47 48 47 46 46 47 47 47 49 47 46 46 46 47 47 47 48 48 48 48 48 48 48 48 49 49 49 49 50 50 50 50 50 50 51 51 52 52 52 52 53 53 53 54 56 57 59 61 62 63 64 65 62 66 63 66 64 68 71 71 67 69 69 71 77 74 73 73 73 75
-999 -999 -999 -999 -999 -999 -999 -999 -999 -999 -999 -999 -999 -999 -999 -999 -999 -999 -999 47 48 48 48 48 47 48 48 48 47 47 48 47 47 48 49 49 47 46 46 46 47 47 47 48 48 48 48 48 48 48 49 49 49 50 50 50 51 51 50 50 52 52 51 52 51 52 53 53 53 54 57 58 59 61 61 61 61 62 65 64 65 66 68 70 72 71 72 71 71 72 73 77 74 77 76 72
-999 -999 -999 -999 -999 -999 -999 -999 -999 -999 -999 -999 -999 -999 -999 -999 -999 -999 47 49 49 49 49 48 48 48 48 48 47 47 48 48 48 47 47 49 46 45 46 46 47 47 47 48 48 49 49 49 49 48 48 48 49 50 50 50 51 50 50 50 52 52 52 52 52 52 53 53 53 54 55 58 57 59 62 62 62 63 63 66 66 66 68 69 72 72 69 73 76 75 76 74 73 71 74 71
-999 -999 -999 -999 -999 -999 -999 -999 -999 -999 -999 -999 -999 -999 -999 -999 -999 47 48 51 50 50 48 49 49 48 48 48 47 47 47 48 48 47 47 46 46 45 45 46 46 47 47 48 48 48 49 49 49 49 48 49 49 49 50 51 51 50 50 51 53 52 52 52 53 53 52 53 56 58 58 60 59 61 62 62 62 64 64 65 67 67 70 72 70 69 71 73 78 77 71 72 73 71 70 69
-999 -999 -999 -999 -999 -999 -999 -999 -999 -999 -999 -999 -999 -999 -999 -999 47 50 50 50 50 49 49 49 49 48 47 48 48 48 47 47 48 48 48 47 46 46 45 46 46 46 47 48 48 48 48 49 49 49 48 49 49 49 50 51 51 51 52 52 52 52 52 53 53 53 53 53 57 59 58 59 61 62 62 62 62 63 64 65 66 67 68 69 69 70 72 74 75 72 69 71 73 71 72 72
-999 -999 -999 -999 -999 -999 -999 -999 -999 -999 -999 -999 -999 -999 -999 47 49 50 47 48 48 48 47 47 47 48 47 48 48 48 48 48 48 48 47 47 47 46 46 46 46 46 47 47 48 48 48 49 49 49 48 49 49 49 49 51 51 51 52 51 52 51 52 52 53 52 53 54 57 57 58 61 59 61 59 62 63 63 62 64 66 66 69 67 69 71 74 73 74 68 70 72 72 73 80 73
-999 -999 -999 -999 -999 -999 -999 -999 -999 -999 -999 -999 -999 -999 -999 47 47 47 47 48 49 50 48 49 48 47 47 48 48 48 49 49 48 47 48 48 47 48 47 45 46 46 47 47 47 47 48 48 48 48 49 49 49 49 50 50 50 51 51 51 52 51 50 52 53 52 53 55 57 56 59 60 57 61 60 62 62 61 61 61 65 67 67 66 71 73 72 71 71 71 71 75 71 80 78 76
-999 -999 -999 -999 -999 -999 -999 -999 -999 -999 -999 -999 -999 -999 47 47 47 49 50 49 49 49 48 48 48 48 48 47 47 47 48 48 48 48 48 48 48 47 47 47 46 46 46 46 46 47 47 48 48 48 49 49 49 49 50 50 50 51 51 51 51 51 51 52 52 53 53 54 55 56 59 57 57 58 61 62 62 61 62 65 65 67 69 69 71 72 74 75 75 74 77 80 80 80 79 77
