Climate/data/grids_germany_multi_annual_precipitation_1981-2010_06.asc
NCOLS 654
NROWS 866
XLLCORNER 3280414.711633467
YLLCORNER 5237500.62890625
CELLSIZE 1000
NODATA_VALUE -999
[rows 624 to 675 of 866, columns 192 to 287 of 654]
69 69 70 70 75 86 93 95 87 88 94 96 89 81 90 90 91 88 81 78 77 82 74 79 74 80 86 71 78 82 78 78 81 78 81 81 79 79 76 77 77 76 76 75 73 73 72 73 72 71 70 68 71 69 68 70 70 72 68 68 68 70 71 72 70 72 69 71 70 71 68 65 64 62 60 62 65 66 70 73 71 73 72 71 70 73 74 68 74 66 71 71 74 74 64 68
68 69 70 71 71 81 82 94 85 84 94 86 84 84 83 80 87 91 91 80 80 76 81 87 76 88 90 77 77 81 81 80 78 80 78 80 78 77 77 72 75 75 74 75 73 73 71 73 71 71 72 69 67 67 69 73 69 72 69 67 71 70 72 72 70 69 71 72 69 71 68 65 64 62 61 63 65 67 69 71 73 69 72 72 67 67 71 71 73 70 73 74 74 72 69 73
69 69 69 70 71 75 80 86 83 80 86 85 92 82 85 87 89 86 88 81 83 86 88 85 76 83 91 75 74 84 82 80 78 80 74 78 75 78 75 71 73 74 74 73 73 69 73 73 73 69 72 73 72 74 69 73 71 72 69 74 74 73 73 71 72 71 72 71 72 73 68 65 67 65 65 67 67 67 70 72 72 74 74 71 71 67 71 73 68 70 69 71 72 73 69 73
68 69 68 70 70 75 79 76 75 77 77 77 87 77 90 89 85 87 80 73 86 91 88 82 78 85 87 71 79 70 71 79 78 77 69 72 78 77 74 73 74 74 73 73 71 72 72 71 71 72 72 72 73 72 75 70 73 70 74 74 76 75 73 71 73 72 72 71 72 72 68 68 68 69 69 69 72 73 74 74 76 76 75 75 71 71 70 73 70 74 69 73 75 74 66 74
69 69 70 68 69 69 70 81 77 76 74 78 92 79 76 76 83 80 73 78 89 90 87 85 83 86 84 81 76 78 67 71 77 76 70 76 76 74 72 72 72 72 72 71 71 71 72 72 71 72 72 73 72 72 75 70 71 76 74 76 74 76 73 73 72 72 72 70 73 71 69 69 69 70 71 69 72 74 73 76 73 76 77 76 72 73 72 73 71 73 71 74 76 71 71 74
68 68 69 69 69 75 82 89 94 90 91 73 88 78 83 76 75 72 79 81 86 88 87 87 84 84 85 82 82 79 75 67 69 69 75 77 76 74 73 73 71 68 66 68 69 69 72 72 70 71 73 74 74 72 74 72 74 72 77 75 75 75 74 73 70 73 72 69 71 69 72 73 72 73 71 72 74 73 76 70 74 78 76 76 72 73 70 72 72 72 72 76 74 70 68 73
67 68 69 69 69 76 80 93 90 88 88 73 73 75 73 77 77 78 81 83 84 85 85 85 82 82 81 78 79 77 76 70 67 75 75 77 77 74 71 72 70 69 73 72 71 72 70 72 73 73 74 73 73 70 73 73 72 76 78 74 76 74 75 73 73 73 73 70 69 72 74 74 74 71 66 67 69 76 75 77 76 78 79 73 76 75 74 73 73 73 74 76 78 77 68 76
67 68 69 69 69 76 80 91 88 85 83 82 76 78 86 77 80 78 79 81 83 84 84 84 81 80 78 75 77 75 71 70 74 69 75 79 76 75 70 71 69 68 69 74 73 72 72 72 73 73 75 74 72 74 73 73 75 76 75 76 75 75 74 73 74 73 71 69 73 74 74 73 73 67 69 75 73 71 69 73 77 77 71 76 75 75 75 75 76 78 77 78 75 79 74 70
67 67 69 70 70 73 80 89 84 79 81 84 80 81 82 77 77 78 79 77 79 83 85 83 81 78 75 74 76 73 76 75 69 74 75 77 74 76 72 69 73 73 74 73 73 74 72 73 73 74 74 75 72 72 70 75 76 76 73 74 77 75 74 71 75 74 72 69 74 74 73 73 71 70 72 74 79 75 77 68 76 77 71 76 77 76 75 74 76 78 79 80 80 80 79 76
67 67 70 70 70 72 81 87 84 82 80 83 79 79 78 79 77 78 79 79 81 83 83 82 77 76 74 75 74 74 75 71 69 69 72 77 76 76 69 72 77 77 75 74 72 72 71 73 72 74 75 74 70 68 74 77 76 74 76 76 74 74 72 72 75 74 73 75 74 73 71 67 72 78 75 73 73 78 76 77 72 75 78 70 77 78 76 69 71 78 78 77 79 80 79 78
68 69 69 70 70 74 81 84 83 82 80 77 78 77 76 78 76 78 78 81 82 84 81 78 75 77 74 75 73 77 75 77 75 72 72 77 75 78 71 77 77 76 74 74 75 74 70 72 73 75 75 75 68 72 77 74 72 77 77 74 75 71 75 76 76 74 71 76 75 68 69 72 74 77 79 74 79 76 80 80 75 77 78 75 70 73 79 81 80 80 80 74 81 79 80 80
69 69 69 70 70 73 81 83 83 79 75 75 75 79 78 80 77 77 80 80 81 81 79 77 76 75 73 74 73 75 76 77 78 73 72 74 78 72 74 78 77 77 76 74 75 73 72 73 77 75 75 74 75 68 76 73 76 77 75 73 71 76 77 76 76 73 72 73 69 72 77 77 76 78 78 77 82 79 80 81 76 78 80 81 78 76 79 82 82 81 80 79 77 79 80 81
69 69 69 70 70 71 75 81 78 78 79 75 75 76 75 79 76 75 78 80 80 79 79 76 77 75 75 74 76 76 75 78 80 79 74 72 73 79 81 78 76 77 76 74 74 72 75 74 77 75 75 75 74 73 77 72 76 76 71 75 77 77 76 76 70 71 70 73 73 79 78 80 80 79 77 76 79 81 81 80 76 81 81 82 81 73 80 82 81 82 80 80 81 80 80 79
69 69 70 70 70 72 78 76 78 77 76 79 78 75 76 76 76 77 76 79 79 79 78 77 75 75 73 73 76 76 76 78 82 82 75 73 75 80 76 80 77 78 74 74 72 71 76 76 76 73 77 75 72 73 75 73 76 76 75 77 77 78 75 70 73 78 77 76 76 80 81 79 79 80 81 82 82 81 82 82 82 80 81 82 83 83 73 78 80 82 81 80 78 80 80 81
69 69 70 69 69 71 76 77 74 76 75 78 76 73 73 77 76 74 75 74 76 77 77 76 73 73 74 76 75 74 77 76 81 79 74 71 71 74 77 78 77 77 74 76 74 73 75 75 76 75 75 75 74 69 70 73 69 74 76 78 79 77 73 73 77 78 79 79 78 79 80 74 77 82 83 85 84 83 83 82 82 82 83 83 81 81 79 83 84 84 83 82 81 79 79 79
69 69 69 69 69 70 75 74 73 74 76 76 75 76 73 73 76 75 75 72 77 76 75 74 72 74 73 72 76 75 76 76 80 80 75 73 74 70 73 74 77 76 75 75 74 71 74 72 73 68 73 75 74 72 76 69 70 70 72 71 76 73 76 78 79 80 80 78 77 76 79 81 80 81 81 79 85 81 77 81 82 82 82 82 82 80 80 83 79 83 80 80 81 80 78 80
69 69 69 69 69 70 72 73 72 74 76 76 76 75 73 74 76 75 75 72 70 73 72 70 73 74 75 73 72 74 77 76 79 80 78 76 71 70 69 75 75 76 72 73 71 70 74 73 73 71 72 70 68 69 73 77 78 77 77 75 72 72 80 81 79 77 76 78 76 80 77 79 71 71 71 81 81 79 79 82 82 82 83 77 82 82 75 73 81 82 75 78 79 80 80 79
69 68 69 69 68 69 71 72 74 73 75 75 78 76 72 76 75 76 76 75 75 72 72 73 71 72 75 77 76 74 76 79 78 79 79 77 74 69 69 73 74 75 73 72 72 68 67 70 70 69 68 69 73 72 77 76 76 79 79 78 78 79 81 82 79 72 70 72 71 72 76 77 72 76 77 78 72 83 83 78 82 81 82 80 84 82 82 82 74 83 83 82 79 79 80 79
69 69 69 69 69 69 71 71 73 74 73 76 75 75 73 74 74 73 73 73 72 73 72 74 71 73 73 76 76 76 75 75 76 79 76 77 76 68 69 70 75 75 74 72 71 70 67 69 67 73 74 73 75 76 76 76 79 79 78 78 77 74 82 83 72 81 81 79 71 80 81 82 83 79 85 84 83 75 79 83 79 81 83 81 83 83 85 85 78 79 82 83 83 82 81 81
70 70 69 69 70 70 70 74 73 74 76 75 76 78 76 70 71 73 72 72 72 73 75 75 75 74 74 73 77 75 77 78 76 78 78 73 75 76 70 70 71 73 73 72 67 69 70 71 74 73 75 75 75 76 75 76 77 77 78 77 72 81 77 73 77 80 81 79 79 73 82 83 82 85 83 85 84 73 76 70 70 80 76 83 84 84 85 84 77 86 85 82 83 81 83 82
70 69 69 69 70 71 70 74 73 76 77 76 75 75 74 69 72 72 71 72 72 73 73 76 78 75 76 73 77 77 77 78 77 78 77 76 76 75 69 70 72 71 72 68 70 69 73 73 74 74 74 73 73 75 74 77 75 75 78 77 72 77 80 82 77 78 79 78 79 80 80 80 81 83 85 84 81 82 79 81 81 71 75 75 79 82 85 86 74 81 86 85 83 84 83 81
70 69 69 69 71 75 72 76 74 74 77 76 77 75 74 72 69 70 70 72 69 72 72 77 77 78 77 75 78 74 77 77 78 77 76 76 75 75 70 70 72 73 70 69 72 71 72 68 69 70 71 74 73 75 74 76 75 75 76 78 76 78 80 79 81 80 75 81 77 79 80 79 83 81 83 82 81 82 81 82 82 78 76 82 83 83 86 89 75 81 86 86 83 84 83 83
70 70 70 73 74 73 73 73 72 73 76 75 76 78 74 73 70 68 68 68 69 72 72 75 77 75 77 78 78 77 77 78 77 76 76 75 75 75 73 69 71 71 70 71 71 70 68 70 71 70 71 72 73 74 73 74 74 74 70 72 74 76 76 80 79 78 80 78 79 78 80 80 79 78 78 80 80 79 81 80 80 81 82 69 74 84 87 88 80 79 86 86 81 83 82 82
70 70 70 70 72 72 73 75 77 73 74 74 76 75 73 71 75 71 70 69 70 73 73 74 76 76 77 79 78 77 77 76 76 76 76 75 76 74 71 70 69 68 70 70 69 69 69 71 72 72 69 70 69 70 71 71 71 72 75 74 76 73 79 78 77 79 78 79 78 79 78 78 80 79 79 78 80 80 80 81 80 82 83 72 83 84 86 88 89 82 86 85 82 80 71 77
71 71 71 71 71 74 74 75 76 75 74 73 74 76 73 76 75 73 70 71 72 71 71 73 74 77 78 76 76 77 77 78 77 76 77 77 75 75 74 70 68 68 69 69 69 72 70 71 72 72 74 72 71 72 73 73 74 74 75 76 77 73 78 76 76 77 78 76 79 79 78 79 79 78 78 80 80 77 79 79 80 81 83 75 83 86 85 88 89 81 74 79 79 75 80 82
71 71 71 71 72 73 75 76 75 78 76 75 73 77 75 76 73 72 72 72 75 71 74 76 76 77 75 75 77 76 77 76 82 76 75 76 77 75 73 73 73 72 68 69 70 71 71 71 73 72 72 72 73 73 72 72 73 74 75 76 78 74 77 74 76 75 77 77 78 78 77 78 79 79 79 78 79 79 79 81 81 81 75 73 75 83 86 87 88 87 84 77 80 76 80 80
70 71 72 72 74 74 77 78 77 79 75 73 74 72 75 75 73 76 79 73 71 72 72 74 73 75 76 75 76 77 76 76 76 76 75 75 75 74 73 73 72 71 69 70 70 71 72 74 74 73 73 74 74 72 73 73 74 72 75 75 76 76 74 73 74 74 76 76 77 77 77 78 78 78 79 79 78 78 77 78 80 82 79 83 76 85 82 85 85 84 84 84 83 82 73 73
70 70 71 73 73 75 76 79 77 78 78 76 76 73 75 74 74 78 75 75 74 73 70 72 73 74 75 75 75 75 75 76 75 75 76 76 72 72 73 73 70 70 69 68 70 70 72 75 76 79 79 80 74 79 78 74 75 75 73 74 75 75 75 73 73 73 74 75 77 75 75 77 78 78 78 78 78 77 78 79 81 81 82 83 71 75 85 84 82 84 84 84 85 83 82 78
70 70 71 74 75 75 77 77 77 76 77 75 75 75 76 74 75 73 76 73 74 73 71 72 73 74 74 74 74 76 75 75 76 76 75 74 74 71 70 71 70 69 68 68 70 73 74 76 80 79 75 80 79 75 81 80 78 76 75 73 75 74 76 74 73 74 74 74 76 77 77 76 80 81 85 79 78 78 79 80 81 82 82 84 84 73 84 80 83 84 84 83 83 81 78 77
70 70 71 74 75 75 74 74 74 74 74 73 73 73 72 74 74 73 73 74 74 72 71 73 75 74 72 73 74 75 74 74 74 75 74 73 72 71 68 68 68 67 66 68 70 69 73 73 77 76 74 77 75 80 80 77 76 76 77 74 75 74 77 74 73 76 75 75 76 77 78 79 89 86 87 86 82 79 79 81 82 84 84 84 84 73 77 82 82 83 84 81 82 82 80 82
70 71 71 70 72 72 73 74 73 72 73 73 73 71 73 74 73 72 74 74 74 73 72 74 74 73 73 73 75 74 72 73 72 74 73 72 70 70 68 67 66 66 66 67 69 71 74 74 74 74 75 73 75 75 80 79 77 76 76 74 74 81 75 77 75 76 74 75 75 81 86 90 90 89 87 88 82 81 80 82 83 83 84 83 71 83 83 83 80 81 81 82 83 81 81 83
70 71 73 73 75 74 73 73 74 73 72 72 72 73 73 73 72 73 72 72 73 73 71 73 75 75 75 75 75 74 73 72 72 73 72 70 70 68 67 65 65 65 65 68 72 71 71 73 74 73 77 82 82 83 80 79 78 76 76 74 76 79 78 76 78 76 74 77 75 77 79 80 88 90 86 87 92 82 81 82 84 84 81 84 76 70 81 81 80 81 82 79 80 80 80 79
70 71 73 74 74 71 75 75 74 74 74 74 72 72 72 74 72 72 72 73 74 74 73 73 73 75 74 74 74 74 73 73 72 73 73 70 71 68 65 64 62 65 65 68 75 73 72 75 73 75 76 76 77 79 82 82 79 77 77 76 75 76 85 80 83 82 76 79 81 85 88 89 89 90 85 91 87 83 82 82 76 75 72 74 74 83 81 71 81 82 81 78 77 79 80 78
71 70 69 72 73 72 73 74 74 75 73 73 73 72 75 74 73 72 74 73 74 74 73 74 74 75 74 73 74 73 72 72 71 72 71 70 69 67 65 64 62 64 65 69 71 75 74 75 73 74 73 75 77 80 80 83 80 78 77 77 77 76 76 80 85 86 79 76 77 84 80 84 88 89 85 87 92 81 80 79 80 76 83 84 77 82 82 79 72 80 79 75 80 79 78 80
73 72 71 70 71 73 72 74 74 74 73 74 72 72 73 73 73 73 74 73 72 74 74 74 74 74 74 74 73 74 72 70 70 70 70 70 67 66 65 64 64 64 65 69 70 72 74 77 77 75 76 76 78 77 82 79 77 77 81 76 76 77 76 79 78 87 87 83 80 77 86 88 89 89 89 90 89 81 79 80 76 81 83 82 82 82 82 81 81 69 78 77 78 78 79 78
73 73 73 72 71 70 72 72 71 72 71 72 71 76 74 75 74 74 74 73 73 74 75 75 75 74 75 73 72 72 71 70 72 71 73 70 71 69 68 67 68 66 66 69 72 75 75 81 77 78 77 77 80 80 79 77 79 82 81 80 83 76 79 83 80 89 91 88 83 80 89 89 89 89 90 87 90 91 81 79 76 74 83 85 84 82 81 80 79 79 68 77 76 77 76 77
73 74 73 74 73 71 70 70 70 73 70 73 73 73 73 73 75 75 74 73 73 76 76 79 76 75 74 73 74 74 74 73 73 77 77 72 71 71 70 69 66 66 69 71 73 77 76 81 81 79 78 78 81 81 79 78 78 81 83 84 84 81 84 86 87 78 88 92 89 83 86 89 88 90 88 83 89 86 82 80 79 77 82 83 83 82 79 77 80 78 78 77 76 73 77 82
71 72 72 73 74 72 71 69 69 70 71 73 74 72 72 72 74 75 74 74 74 75 79 78 74 75 73 73 76 78 77 76 74 71 70 70 71 71 70 67 68 69 71 73 76 80 84 85 82 85 85 83 81 82 79 79 79 82 86 84 88 87 86 91 86 88 90 93 93 92 89 83 90 90 87 82 84 89 83 81 82 77 82 84 83 83 82 80 78 78 75 77 74 76 77 79
71 70 71 75 74 72 72 71 70 70 72 72 71 71 71 73 72 73 76 73 75 75 76 78 76 73 73 73 76 75 72 71 75 72 70 70 71 69 68 70 70 72 73 75 75 82 84 85 82 87 87 85 90 88 86 82 81 87 91 93 89 90 95 93 93 89 84 88 92 91 90 89 83 90 91 83 81 83 83 82 81 79 80 83 83 85 86 82 80 77 76 73 72 80 79 82
73 71 73 72 74 74 72 71 70 68 70 71 71 70 73 72 72 72 74 74 74 78 78 72 73 72 73 76 71 70 68 65 67 67 69 70 72 72 71 72 72 75 75 75 76 79 83 83 87 89 86 84 87 91 87 85 92 88 92 96 95 93 95 96 98 94 92 89 90 90 90 90 91 89 92 86 82 83 83 83 82 78 83 84 87 93 87 83 81 79 77 73 76 81 87 83
73 71 72 74 74 74 71 72 71 69 69 69 70 71 70 72 73 73 73 77 77 77 76 73 73 74 75 71 70 68 66 64 67 67 70 71 73 73 73 72 73 73 78 77 78 82 83 82 85 85 89 87 87 89 92 87 93 96 93 91 100 95 96 97 96 99 93 90 89 90 88 90 91 91 92 85 84 83 83 82 83 82 85 84 87 92 88 86 86 82 81 79 75 81 79 86
73 71 71 72 72 71 72 72 71 72 70 70 70 69 70 71 70 70 77 77 78 77 75 73 75 74 73 71 69 66 67 66 65 67 68 70 73 73 70 71 74 76 79 80 82 82 83 83 85 87 89 89 90 91 92 92 94 93 94 94 100 97 99 98 99 97 97 91 91 91 90 91 90 92 90 85 84 83 84 83 84 81 79 87 90 90 89 86 88 87 82 82 79 80 80 87
73 73 71 70 71 72 71 72 72 71 71 70 70 69 71 70 69 72 75 73 75 72 72 72 74 73 70 68 68 67 66 66 65 66 68 69 73 71 72 72 76 78 78 80 82 82 81 83 83 85 88 92 93 93 89 91 93 95 88 96 94 100 98 98 99 95 96 93 94 91 92 92 91 91 86 88 85 85 84 84 85 84 80 87 90 90 90 87 87 86 84 83 81 80 84 87
73 72 70 71 72 74 73 73 73 74 71 73 70 69 69 71 70 72 71 74 71 71 71 72 69 68 69 68 68 68 67 67 66 67 67 69 72 70 71 74 73 79 80 80 80 81 81 81 83 87 87 88 89 89 90 94 89 94 90 94 91 99 99 102 97 95 94 95 94 93 90 93 92 86 93 95 86 85 85 82 84 84 83 90 91 94 91 93 88 86 85 84 84 83 83 81
73 73 72 70 72 72 72 72 72 73 73 74 71 72 71 68 70 71 75 73 72 72 73 72 73 70 71 69 69 69 70 69 69 69 69 70 72 73 75 75 73 78 79 79 80 79 81 81 81 86 85 86 84 89 92 85 91 89 94 90 87 96 95 94 99 96 94 95 94 94 92 94 92 87 94 94 95 90 88 83 83 80 87 89 91 96 93 92 91 88 87 87 85 85 85 88
73 74 71 70 70 71 72 72 73 73 75 75 72 76 74 71 72 78 75 78 75 75 73 73 77 76 75 73 73 71 72 74 71 68 69 70 72 70 72 72 75 78 82 79 82 81 81 81 81 84 84 83 85 89 85 88 89 92 92 89 90 94 99 89 95 98 98 97 95 97 96 93 93 87 94 93 94 94 90 92 93 82 93 86 86 93 97 90 88 89 86 90 88 86 87 85
73 74 72 72 68 69 69 72 73 74 72 72 74 75 75 74 74 76 74 76 77 78 80 78 78 77 79 83 74 75 78 73 69 67 69 70 69 69 71 76 75 78 82 82 83 83 82 81 82 83 81 81 82 83 87 91 96 98 93 97 86 89 89 91 92 95 97 99 102 95 97 95 93 90 89 89 91 95 95 95 88 85 84 87 90 95 98 95 90 91 88 88 91 91 90 93
75 74 72 73 71 69 70 71 71 71 72 73 74 73 75 75 75 76 76 78 78 75 79 77 76 76 77 80 81 79 76 75 72 71 71 72 73 73 73 76 78 80 82 83 81 83 82 82 82 80 82 80 83 86 87 89 97 93 94 93 83 92 90 86 90 94 93 98 98 95 98 99 97 93 94 85 94 93 92 98 87 86 85 86 87 98 99 97 96 93 92 90 90 94 90 90
76 75 74 73 72 71 72 74 74 73 72 74 73 77 76 75 76 75 74 76 76 80 75 73 73 70 70 72 74 80 78 75 77 73 72 73 73 74 72 76 80 80 81 82 82 81 80 79 80 80 80 85 83 87 92 97 99 97 97 88 88 82 86 91 84 93 89 96 97 93 99 96 98 97 90 88 86 87 93 93 94 88 88 86 91 97 97 98 93 96 99 95 99 94 89 98
73 74 75 73 74 73 75 72 75 75 73 79 78 77 75 76 74 74 74 76 75 75 76 78 79 79 77 74 73 77 78 76 74 75 73 73 73 74 72 72 77 81 81 82 82 82 81 80 78 78 81 82 90 92 88 94 94 93 93 89 92 83 82 81 83 87 90 98 95 93 99 94 95 91 90 93 87 86 92 88 94 94 91 86 86 93 97 96 98 99 100 99 95 99 94 97
76 75 75 75 73 75 74 77 74 76 73 74 73 75 75 76 77 75 76 74 77 75 73 75 74 74 84 79 74 74 76 75 75 76 75 74 70 69 71 72 73 75 75 80 80 81 82 80 78 79 83 90 89 87 90 89 92 89 91 88 87 89 81 82 87 86 86 97 93 96 94 93 96 97 88 94 93 83 88 87 92 86 88 86 83 87 94 91 95 96 99 98 101 101 96 100
74 75 76 77 77 79 75 77 76 76 75 75 75 76 75 75 75 76 77 78 74 74 73 73 71 74 77 78 77 75 76 76 76 77 76 76 75 72 71 78 73 74 74 80 80 79 80 81 78 83 83 85 88 88 86 88 88 86 89 89 84 82 85 89 97 91 90 92 94 103 91 92 99 92 95 85 89 88 82 85 85 87 85 87 83 87 94 97 90 97 99 97 99 100 93 98
