Climate/data/grids_germany_multi_annual_precipitation_1981-2010_04.asc
NCOLS 654
NROWS 866
XLLCORNER 3280414.711633467
YLLCORNER 5237500.62890625
CELLSIZE 1000
NODATA_VALUE -999
[rows 742 to 794 of 866, columns 96 to 191 of 654]
-999 -999 -999 -999 -999 -999 -999 -999 -999 -999 -999 -999 -999 -999 -999 -999 -999 -999 -999 -999 -999 -999 -999 -999 -999 -999 -999 -999 -999 -999 56 54 54 55 57 58 61 62 63 64 68 70 71 80 89 82 86 87 84 91 87 82 87 94 90 97 103 108 106 108 112 111 113 113 122 115 109 124 109 104 110 102 101 113 110 111 108 102 102 109 102 92 96 92 87 87 84 82 83 79 82 82 82 78 69 63
-999 -999 -999 -999 -999 -999 -999 -999 -999 -999 -999 -999 -999 -999 -999 -999 -999 -999 -999 -999 -999 -999 -999 -999 -999 -999 -999 -999 -999 -999 56 55 55 57 58 60 61 62 63 64 65 68 72 75 84 92 91 89 90 90 86 82 90 99 89 98 102 99 101 104 116 116 116 120 111 107 111 116 115 104 98 102 105 114 105 110 106 99 108 96 95 99 97 92 90 88 85 82 83 72 74 75 76 70 71 71
-999 -999 -999 -999 -999 -999 -999 -999 -999 -999 -999 -999 -999 -999 -999 -999 -999 -999 -999 -999 -999 -999 -999 -999 -999 -999 -999 -999 -999 -999 57 57 57 57 58 60 61 62 63 64 69 68 71 86 87 92 90 92 88 81 82 82 85 99 90 96 98 95 100 105 116 116 127 116 114 101 111 114 111 108 96 99 106 105 101 105 101 101 104 91 99 98 95 91 89 89 85 84 83 81 82 78 71 77 74 69
-999 -999 -999 -999 -999 -999 -999 -999 -999 -999 -999 -999 -999 -999 -999 -999 -999 -999 -999 -999 -999 -999 -999 -999 -999 -999 -999 -999 -999 -999 57 57 57 58 59 60 61 61 65 68 68 69 81 84 79 88 81 90 90 87 81 82 95 94 86 92 90 95 101 110 116 117 119 111 103 100 109 104 100 100 98 99 106 113 104 101 97 98 96 93 92 95 93 91 89 84 86 84 81 83 81 79 77 76 73 67
-999 -999 -999 -999 -999 -999 -999 -999 -999 -999 -999 -999 -999 -999 -999 -999 -999 -999 -999 -999 -999 -999 -999 -999 -999 -999 -999 -999 -999 -999 58 58 59 59 60 61 61 61 66 67 72 72 73 72 73 81 82 86 83 82 81 80 82 86 85 87 93 96 107 116 112 125 121 106 112 103 100 102 106 109 101 113 111 103 107 94 93 101 91 91 88 85 91 86 87 86 85 82 83 82 79 77 76 66 72 71
-999 -999 -999 -999 -999 -999 -999 -999 -999 -999 -999 -999 -999 -999 -999 -999 -999 -999 -999 -999 -999 -999 -999 -999 -999 -999 -999 -999 -999 -999 60 60 61 61 61 62 62 62 64 66 68 69 70 74 79 76 78 84 90 87 82 80 81 82 86 90 100 105 110 121 127 116 114 105 97 100 94 110 106 112 111 113 104 111 98 93 91 98 89 91 93 89 82 84 86 84 84 83 83 80 78 77 73 66 73 71
-999 -999 -999 -999 -999 -999 -999 -999 -999 -999 -999 -999 -999 -999 -999 -999 -999 -999 -999 -999 -999 -999 -999 -999 -999 -999 -999 -999 -999 -999 61 61 61 61 62 63 63 64 69 70 74 73 73 73 73 81 81 87 83 87 80 81 81 82 84 88 93 105 113 111 121 110 104 109 106 94 104 104 106 104 108 109 106 103 102 94 93 102 89 84 84 91 85 85 84 83 83 82 82 80 77 75 73 71 71 72
-999 -999 -999 -999 -999 -999 -999 -999 -999 -999 -999 -999 -999 -999 -999 -999 -999 -999 -999 -999 -999 -999 -999 -999 -999 -999 -999 -999 -999 61 61 61 61 61 63 63 64 67 68 70 74 79 80 84 73 78 81 83 86 81 94 86 80 84 92 93 96 103 109 106 109 113 98 111 97 91 107 96 97 105 109 108 105 102 110 96 90 94 85 92 90 81 83 81 83 80 82 82 80 79 77 75 73 67 73 72
-999 -999 -999 -999 -999 -999 -999 -999 -999 -999 -999 -999 -999 -999 -999 -999 -999 -999 -999 -999 -999 -999 -999 -999 -999 -999 -999 61 61 61 61 61 62 62 63 64 65 68 70 70 74 79 85 86 77 77 83 88 84 85 88 82 80 80 87 99 93 106 97 96 109 100 105 111 107 91 102 96 107 93 109 106 107 97 101 96 87 86 88 94 90 81 82 83 82 81 81 81 79 79 76 66 72 72 73 72
-999 -999 -999 -999 -999 -999 -999 -999 -999 -999 -999 -999 -999 -999 -999 -999 -999 -999 -999 -999 -999 -999 -999 -999 -999 -999 61 61 61 61 61 62 63 63 64 66 67 68 72 75 73 82 79 78 76 78 87 92 97 93 86 84 81 80 90 86 101 104 94 96 100 95 97 102 98 98 101 96 98 99 107 98 108 104 102 101 89 94 96 91 89 86 84 82 81 79 80 80 78 79 75 73 71 74 72 72
-999 -999 -999 -999 -999 -999 -999 -999 -999 -999 -999 -999 -999 -999 -999 -999 -999 -999 -999 -999 -999 -999 -999 -999 -999 -999 61 61 61 61 63 62 63 63 64 66 67 70 73 74 74 84 83 83 84 78 82 86 97 98 90 88 83 86 82 89 100 88 89 94 92 93 102 93 104 93 100 96 90 95 98 96 93 98 103 90 90 95 95 91 88 89 84 82 79 76 79 79 78 79 77 74 68 73 72 71
-999 -999 -999 -999 -999 -999 -999 -999 -999 -999 -999 -999 -999 -999 -999 -999 -999 -999 -999 -999 -999 -999 -999 -999 -999 -999 62 61 61 62 63 63 63 64 64 67 69 72 72 74 80 87 79 92 83 81 87 84 90 91 88 83 89 88 84 82 86 83 85 86 87 88 88 89 92 91 108 110 97 93 90 98 100 105 100 99 98 99 96 92 90 87 84 81 79 78 78 79 79 78 74 75 68 74 68 71
-999 -999 -999 -999 -999 -999 -999 -999 -999 -999 -999 -999 -999 -999 -999 -999 -999 -999 -999 -999 -999 -999 -999 -999 -999 -999 62 62 61 63 63 63 63 64 64 65 68 71 71 76 85 88 83 93 86 82 88 91 93 94 85 90 92 94 95 84 84 93 95 97 96 96 92 94 97 94 96 102 109 103 102 110 100 107 106 92 99 96 99 93 89 86 82 81 80 78 78 78 78 78 79 75 72 68 66 70
-999 -999 -999 -999 -999 -999 -999 -999 -999 -999 -999 -999 -999 -999 -999 -999 -999 -999 -999 -999 -999 -999 -999 -999 -999 -999 62 62 62 63 62 63 63 64 64 66 70 71 71 77 87 90 86 95 89 87 85 94 96 92 92 92 99 98 90 84 84 96 102 103 96 101 101 95 88 106 94 100 105 112 109 108 105 103 103 96 86 90 92 91 88 84 84 81 78 77 79 79 79 77 77 77 76 72 71 67
-999 -999 -999 -999 -999 -999 -999 -999 -999 -999 -999 -999 -999 -999 -999 -999 -999 -999 -999 -999 -999 -999 -999 -999 -999 60 61 62 62 62 63 63 63 63 67 68 68 69 71 86 80 88 94 98 95 89 88 98 99 102 92 104 99 89 86 99 91 91 91 99 107 97 114 99 92 91 101 96 105 107 111 113 108 112 98 89 87 89 91 89 87 84 83 81 78 78 79 78 76 76 78 77 76 74 67 68
-999 -999 -999 -999 -999 -999 -999 -999 -999 -999 -999 -999 -999 -999 -999 -999 -999 -999 -999 -999 -999 -999 -999 -999 -999 58 60 61 61 62 62 63 63 65 70 68 67 69 70 72 82 87 90 86 98 91 94 98 102 106 101 109 99 92 97 101 97 89 93 99 102 105 108 100 91 91 105 108 103 110 111 107 107 102 86 96 84 86 91 90 86 84 82 80 79 76 76 78 77 76 76 75 73 72 68 69
-999 -999 -999 -999 -999 -999 -999 -999 -999 -999 -999 -999 -999 -999 -999 -999 -999 -999 -999 -999 -999 -999 -999 -999 -999 56 59 59 60 61 62 63 64 70 70 67 68 70 78 82 75 82 85 86 97 89 99 101 107 113 112 107 100 101 93 102 102 92 99 106 102 105 111 101 94 91 99 112 110 110 108 110 107 100 96 99 89 85 90 87 87 84 80 78 77 75 76 76 75 74 74 73 71 70 63 63
-999 -999 -999 -999 -999 -999 -999 -999 -999 -999 -999 -999 -999 -999 -999 -999 -999 -999 -999 -999 -999 -999 -999 -999 -999 56 57 59 59 60 62 63 64 71 68 69 71 72 81 83 85 83 83 92 94 96 106 107 108 114 111 106 96 103 103 103 102 104 104 108 113 109 117 101 92 90 102 105 106 100 104 103 99 97 91 88 90 75 79 85 84 83 81 76 73 74 73 74 74 74 72 71 70 64 61 68
-999 -999 -999 -999 -999 -999 -999 -999 -999 -999 -999 -999 -999 -999 -999 -999 -999 -999 -999 -999 -999 -999 -999 -999 55 55 56 58 59 59 62 63 64 69 67 70 69 75 79 82 86 87 88 91 88 95 107 107 113 109 105 102 104 102 105 106 99 103 113 109 111 120 109 99 105 97 98 94 92 108 104 101 99 96 93 87 81 83 83 84 84 82 77 74 72 72 71 72 74 73 71 70 68 62 66 65
-999 -999 -999 -999 -999 -999 -999 -999 -999 -999 -999 -999 -999 -999 -999 -999 -999 -999 -999 -999 -999 -999 -999 55 55 54 56 57 59 59 61 63 64 64 65 67 68 70 72 72 75 76 86 85 91 91 104 106 113 113 106 101 100 104 100 102 106 114 109 105 110 116 110 110 111 93 88 92 101 94 102 103 104 101 98 97 90 81 77 83 84 79 74 71 71 69 68 71 73 73 70 70 69 68 63 65
-999 -999 -999 -999 -999 -999 -999 -999 -999 -999 -999 -999 -999 -999 -999 -999 -999 -999 -999 -999 -999 -999 56 56 55 53 55 56 58 59 61 63 64 66 69 69 74 78 79 84 83 83 77 81 82 94 101 112 107 105 104 104 96 103 100 99 110 105 104 112 114 107 115 116 109 105 87 99 93 102 99 101 105 97 96 95 95 77 88 81 81 77 73 70 69 67 66 67 70 70 71 69 66 65 68 64
-999 -999 -999 -999 -999 -999 -999 -999 -999 -999 -999 -999 -999 -999 -999 -999 -999 -999 -999 -999 -999 -999 57 57 57 56 55 56 58 59 60 63 65 66 68 68 76 80 82 85 79 84 82 86 91 92 107 109 105 102 98 96 94 102 101 98 98 106 118 125 113 112 124 120 109 94 87 95 92 105 103 100 103 99 96 92 92 86 89 79 77 75 70 66 64 64 65 66 66 68 70 68 66 64 63 58
-999 -999 -999 -999 -999 -999 -999 -999 -999 -999 -999 -999 -999 -999 -999 -999 -999 -999 -999 -999 -999 57 58 58 59 58 56 57 58 59 61 63 68 68 69 71 74 79 83 83 85 84 85 83 91 98 99 108 107 104 103 98 95 100 98 96 103 110 121 129 111 112 123 116 107 96 89 104 102 95 104 105 104 100 92 90 82 82 83 79 76 73 68 64 64 63 65 66 65 68 69 67 66 65 63 57
-999 -999 -999 -999 -999 -999 -999 -999 -999 -999 -999 -999 -999 -999 -999 -999 -999 -999 -999 -999 -999 57 58 59 59 58 57 58 58 59 61 63 68 69 71 72 74 80 83 84 86 85 87 91 93 102 104 107 100 102 101 96 100 95 89 95 101 113 130 124 114 117 123 121 112 105 90 106 107 103 107 106 99 97 88 90 85 85 80 78 76 71 66 61 65 63 65 66 66 66 69 68 66 64 63 62
-999 -999 -999 -999 -999 -999 -999 -999 -999 -999 -999 -999 -999 -999 -999 -999 -999 -999 -999 -999 57 57 58 59 59 58 58 58 59 60 62 64 65 69 68 73 71 80 83 83 82 88 88 84 95 92 104 100 99 95 96 100 98 91 92 103 109 117 122 123 119 119 121 118 105 101 92 110 102 105 110 103 103 93 96 90 90 84 82 76 72 70 67 63 65 65 63 66 63 65 67 68 66 64 63 62
-999 -999 -999 -999 -999 -999 -999 -999 -999 -999 -999 -999 -999 -999 -999 -999 -999 -999 -999 57 58 57 58 58 58 59 58 60 61 61 62 64 65 67 70 70 71 80 81 82 84 85 90 83 87 100 100 92 99 101 96 89 96 93 101 99 103 106 113 125 118 118 122 115 112 110 100 107 103 110 107 101 100 95 97 91 86 84 76 71 71 70 68 66 65 65 64 62 65 61 66 68 65 65 64 63
-999 -999 -999 -999 -999 -999 -999 -999 -999 -999 -999 -999 -999 -999 -999 -999 -999 -999 -999 57 59 57 57 59 58 58 59 60 61 64 66 65 66 66 68 69 71 73 80 81 82 82 90 87 96 91 94 90 99 95 95 90 92 98 110 105 99 111 113 127 118 119 119 119 119 115 109 107 108 107 110 104 103 97 97 88 87 84 79 72 71 73 67 67 67 63 64 63 65 65 67 67 65 63 63 61
-999 -999 -999 -999 -999 -999 -999 -999 -999 -999 -999 -999 -999 -999 -999 -999 -999 -999 -999 56 56 56 57 58 59 62 62 64 64 64 64 65 66 67 67 68 70 71 79 81 83 84 82 88 86 97 90 90 91 92 88 94 98 99 118 111 108 114 123 122 122 116 115 112 112 119 113 111 113 109 111 108 105 101 94 90 85 84 79 74 70 70 71 68 67 66 63 64 65 63 62 66 65 62 61 60
-999 -999 -999 -999 -999 -999 -999 -999 -999 -999 -999 -999 -999 -999 -999 -999 -999 -999 53 54 56 57 59 61 63 65 65 66 66 67 64 65 66 66 67 67 68 70 75 79 79 79 85 90 94 92 96 91 87 88 94 105 115 106 111 122 131 123 136 126 120 119 116 111 117 114 117 103 105 105 108 105 101 95 93 90 85 82 79 74 72 73 71 69 67 65 64 64 61 61 65 64 59 61 59 61
-999 -999 -999 -999 -999 -999 -999 -999 -999 -999 -999 -999 -999 -999 -999 -999 -999 -999 52 54 55 56 59 62 65 70 69 72 68 66 65 64 66 66 67 68 68 69 71 75 77 79 80 86 93 90 92 98 87 89 92 99 108 120 124 122 125 131 136 132 121 121 119 116 120 118 118 113 105 104 110 103 99 95 91 89 86 81 78 76 72 72 71 67 67 66 63 62 63 63 65 63 60 58 61 57
-999 -999 -999 -999 -999 -999 -999 -999 -999 -999 -999 -999 -999 -999 -999 -999 -999 -999 52 55 53 58 62 68 70 70 75 69 69 67 65 65 65 65 68 68 68 69 71 73 75 81 78 85 87 85 95 88 88 94 100 91 105 108 110 116 132 141 139 134 125 123 123 119 119 122 119 116 111 111 109 103 98 97 96 88 87 85 77 76 73 71 68 68 66 64 63 61 64 63 64 62 61 61 58 57
-999 -999 -999 -999 -999 -999 -999 -999 -999 -999 -999 -999 -999 -999 -999 -999 -999 -999 52 52 53 55 63 61 63 68 78 68 67 68 65 64 68 65 68 68 69 69 71 72 73 79 76 82 86 91 83 86 90 95 109 98 93 99 108 131 123 129 127 131 130 123 124 125 119 122 119 119 111 116 109 105 103 97 92 89 84 81 77 76 74 71 68 66 65 63 61 66 65 63 63 61 60 58 57 62
-999 -999 -999 -999 -999 -999 -999 -999 -999 -999 -999 -999 -999 -999 -999 -999 -999 52 52 53 54 54 56 65 65 68 79 68 66 66 65 65 68 66 67 67 68 70 70 70 72 74 78 80 85 81 84 86 94 96 109 112 103 104 110 119 121 116 126 135 132 127 125 123 123 119 120 119 116 114 108 106 100 99 94 91 86 81 78 76 73 69 69 66 65 65 63 65 65 64 63 58 58 58 64 64
-999 -999 -999 -999 -999 -999 -999 -999 -999 -999 -999 -999 -999 -999 -999 -999 -999 52 53 53 58 58 61 68 79 77 69 66 65 65 64 65 67 67 67 67 68 69 69 70 71 73 75 77 79 82 86 90 99 109 109 123 115 111 107 109 126 130 119 126 132 126 121 125 123 120 117 116 112 106 104 101 98 92 90 86 86 83 79 73 72 68 66 66 65 65 66 64 63 63 61 59 58 59 64 63
-999 -999 -999 -999 -999 -999 -999 -999 -999 -999 -999 -999 -999 -999 -999 -999 -999 53 54 54 59 64 66 68 72 68 65 65 62 62 64 65 67 66 68 68 68 69 69 69 72 75 75 76 87 90 99 94 100 124 116 131 112 126 126 121 114 125 115 123 130 130 124 126 122 121 115 108 105 109 104 101 99 96 93 86 82 82 78 70 70 67 65 65 63 64 63 62 62 61 61 60 60 60 61 62
-999 -999 -999 -999 -999 -999 -999 -999 -999 -999 -999 -999 -999 -999 -999 -999 -999 54 54 55 56 62 67 71 67 67 68 62 63 63 64 65 66 67 68 68 68 69 69 70 71 73 76 81 89 98 102 101 111 119 137 129 118 120 134 117 106 124 126 119 123 128 120 119 120 114 117 112 105 105 101 97 98 96 91 88 84 80 75 69 67 66 62 63 63 63 63 61 60 59 60 58 58 61 64 63
-999 -999 -999 -999 -999 -999 -999 -999 -999 -999 -999 -999 -999 -999 -999 -999 -999 53 54 53 58 59 63 67 62 65 61 61 62 63 65 66 66 67 70 68 69 70 69 71 71 73 77 81 89 99 96 102 113 128 134 129 129 129 128 116 101 115 123 125 122 125 125 122 117 113 113 106 104 101 98 94 98 96 92 90 86 81 77 70 68 64 60 59 60 62 62 61 60 57 58 58 62 61 64 64
-999 -999 -999 -999 -999 -999 -999 -999 -999 -999 -999 -999 -999 -999 -999 -999 -999 52 53 54 55 58 59 65 62 61 61 61 64 64 65 66 67 68 69 70 70 70 71 71 73 75 84 81 83 88 89 94 102 112 125 119 122 120 123 117 102 106 126 121 118 123 121 115 109 110 111 102 103 103 98 91 99 97 93 89 84 81 75 69 66 63 59 58 62 62 61 59 58 58 58 60 58 64 65 66
-999 -999 -999 -999 -999 -999 -999 -999 -999 -999 -999 -999 -999 -999 -999 -999 -999 51 52 54 54 55 58 60 62 62 61 64 65 64 64 66 68 69 69 69 70 71 71 73 75 79 83 83 92 88 93 91 101 104 116 112 116 121 119 120 105 102 113 115 118 119 117 111 110 107 100 102 95 92 93 93 92 97 92 88 84 82 74 68 65 64 63 60 63 62 61 58 58 60 60 62 62 61 64 65
-999 -999 -999 -999 -999 -999 -999 -999 -999 -999 -999 -999 -999 -999 -999 -999 -999 48 50 52 55 56 58 60 62 62 62 65 63 63 65 66 68 68 69 70 71 71 71 72 77 78 83 85 92 104 95 103 93 102 109 112 120 120 122 121 122 102 121 117 116 116 113 110 110 114 108 103 105 99 101 93 93 91 92 86 83 80 74 69 65 62 62 61 61 62 59 59 58 59 61 63 64 63 65 65
-999 -999 -999 -999 -999 -999 -999 -999 -999 -999 -999 -999 -999 -999 -999 -999 -999 -999 49 52 55 55 57 59 61 62 65 63 63 64 65 67 67 68 69 70 70 71 73 76 87 83 87 88 94 112 110 110 110 112 101 108 110 111 118 124 127 112 110 117 115 112 116 115 112 108 102 99 96 99 101 100 88 95 91 88 83 79 74 70 66 63 62 60 62 61 58 57 57 58 59 62 62 62 63 66
-999 -999 -999 -999 -999 -999 -999 -999 -999 -999 -999 -999 -999 -999 -999 -999 -999 -999 -999 52 54 54 57 59 62 62 64 64 62 64 66 67 69 69 69 69 69 71 74 82 85 99 96 103 96 101 99 97 95 100 106 108 108 105 114 121 125 117 105 109 105 107 106 107 110 110 109 105 104 103 96 88 90 93 89 86 82 79 74 69 68 66 64 60 62 62 59 57 56 57 62 61 60 62 63 68
-999 -999 -999 -999 -999 -999 -999 -999 -999 -999 -999 -999 -999 -999 -999 -999 -999 -999 -999 -999 53 54 56 59 63 62 62 62 62 63 65 68 69 69 70 69 66 72 72 80 88 89 88 94 88 93 95 88 94 103 110 102 104 106 107 118 121 118 116 104 111 114 114 107 108 106 100 98 95 94 89 92 90 85 88 83 81 78 73 69 69 66 64 61 63 63 58 57 56 58 61 61 59 61 62 68
-999 -999 -999 -999 -999 -999 -999 -999 -999 -999 -999 -999 -999 -999 -999 -999 -999 -999 -999 -999 53 54 56 57 58 62 60 61 62 62 64 67 68 69 71 70 70 72 77 79 82 88 87 90 92 89 88 94 101 97 93 102 101 98 113 109 116 121 107 109 109 114 112 108 107 107 102 102 98 100 94 86 85 78 78 81 80 78 73 69 69 68 66 61 64 62 59 57 56 57 62 60 59 60 62 65
-999 -999 -999 -999 -999 -999 -999 -999 -999 -999 -999 -999 -999 -999 -999 -999 -999 -999 -999 -999 53 54 55 56 57 60 59 58 60 61 63 66 68 69 72 72 72 72 74 76 78 83 84 84 84 85 86 90 91 89 103 100 93 102 100 114 110 113 114 114 110 107 107 109 107 103 98 96 97 97 94 83 87 85 84 75 72 73 74 69 67 67 64 63 61 61 58 57 57 61 61 60 59 59 60 62
-999 -999 -999 -999 -999 -999 -999 -999 -999 -999 -999 -999 -999 -999 -999 -999 -999 -999 -999 -999 53 54 54 55 55 59 58 57 58 60 62 67 69 69 72 72 76 75 86 86 87 82 84 84 85 86 87 89 89 88 97 94 99 105 107 107 106 109 114 111 107 102 107 107 101 97 95 93 91 85 90 86 86 85 83 79 78 73 72 69 65 67 66 63 61 62 60 57 60 60 62 62 59 60 60 62
-999 -999 -999 -999 -999 -999 -999 -999 -999 -999 -999 -999 -999 -999 -999 -999 -999 -999 -999 -999 53 53 53 53 55 56 57 57 57 59 62 66 70 80 81 76 77 81 84 89 91 93 89 85 86 88 90 88 87 93 97 94 98 94 95 96 108 109 109 102 102 105 96 96 101 99 99 96 92 88 87 88 85 84 83 82 78 75 71 66 66 65 66 65 60 61 60 59 59 59 61 60 60 59 58 60
-999 -999 -999 -999 -999 -999 -999 -999 -999 -999 -999 -999 -999 -999 -999 -999 -999 -999 -999 -999 53 52 53 54 54 54 56 57 58 59 62 66 71 79 89 79 76 88 86 91 99 88 92 92 92 91 94 92 90 90 88 100 98 105 100 100 108 110 103 102 99 101 98 90 98 97 97 91 90 88 85 86 87 84 82 80 77 75 71 68 66 64 66 65 59 62 59 58 58 59 60 61 60 58 58 59
-999 -999 -999 -999 -999 -999 -999 -999 -999 -999 -999 -999 -999 -999 -999 -999 -999 -999 -999 52 52 52 52 53 54 54 56 56 59 60 65 71 76 83 84 79 81 87 86 95 94 102 94 103 95 97 104 108 97 103 105 99 108 98 107 105 106 108 102 99 95 90 97 87 94 89 95 94 89 90 87 84 84 83 81 79 77 74 71 69 66 64 79 66 63 59 58 58 58 61 60 60 60 59 60 58
-999 -999 -999 -999 -999 -999 -999 -999 -999 -999 -999 -999 -999 -999 -999 -999 -999 -999 52 51 51 51 52 53 54 55 56 57 60 65 63 72 81 78 78 83 91 88 93 88 100 96 109 115 106 104 105 108 101 98 97 111 108 107 104 100 98 107 104 100 95 90 97 87 84 90 90 91 88 86 84 81 79 80 80 77 75 72 69 68 66 65 68 68 65 61 57 58 59 59 60 59 58 58 58 57
-999 -999 -999 -999 -999 -999 -999 -999 -999 -999 -999 -999 -999 -999 -999 -999 -999 -999 52 51 51 50 51 54 55 56 57 58 60 62 69 77 77 76 79 88 91 95 93 91 104 109 123 116 108 112 107 116 113 109 104 98 112 105 99 96 96 100 101 101 95 90 86 83 92 89 88 87 87 85 84 83 80 78 74 75 75 72 70 66 65 65 65 65 63 62 59 59 59 59 58 59 58 58 60 57
-999 -999 -999 -999 -999 -999 -999 -999 -999 -999 -999 -999 -999 -999 -999 -999 -999 -999 53 51 52 52 53 55 55 56 55 57 60 62 68 73 73 76 83 97 104 107 97 103 116 110 124 114 110 119 118 110 118 125 110 96 95 105 98 95 99 98 103 100 97 95 86 85 91 83 88 85 86 84 84 81 79 77 74 73 71 72 69 67 68 68 66 65 63 62 61 60 59 59 58 58 58 59 62 61
-999 -999 -999 -999 -999 -999 -999 -999 -999 -999 -999 -999 -999 -999 -999 -999 -999 -999 54 54 54 54 54 55 55 55 53 55 60 63 66 71 76 83 88 86 96 100 108 111 114 107 123 115 117 127 124 118 108 119 119 117 108 99 91 98 100 97 98 100 96 88 88 86 83 85 82 82 85 85 83 80 77 74 72 69 70 70 70 70 72 70 70 70 70 67 65 62 61 60 58 58 58 57 58 59
