Climate/data/grids_germany_multi_annual_air_temp_mean_1981-2010_17.asc
NCOLS 654
NROWS 866
XLLCORNER 3280414.711633467
YLLCORNER 5237500.62890625
CELLSIZE 1000
NODATA_VALUE -999
[rows 459 to 509 of 866, columns 0 to 95 of 654]
-999 -999 -999 -999 -999 -999 -999 -999 -999 -999 -999 -999 -999 -999 103 104 104 103 102 103 103 103 103 103 103 103 103 103 104 103 103 103 103 104 104 103 103 103 103 103 102 102 103 103 103 104 104 104 105 105 105 105 105 105 106 106 106 106 106 105 104 103 104 104 104 107 108 108 108 109 109 109 109 109 109 109 109 109 109 109 109 109 109 108 108 108 107 106 105 103 102 101 103 100 100 95
-999 -999 -999 -999 -999 -999 -999 -999 -999 -999 -999 -999 -999 -999 104 104 104 104 102 103 102 103 103 103 103 104 102 103 104 103 103 103 103 103 104 103 103 103 103 103 103 102 103 103 103 103 104 104 105 105 105 105 105 105 105 106 106 106 106 106 103 103 104 105 105 106 107 108 108 108 108 109 109 109 109 109 109 109 109 109 109 109 108 108 108 108 106 106 105 104 102 102 103 99 96 95
-999 -999 -999 -999 -999 -999 -999 -999 -999 -999 -999 -999 -999 -999 -999 105 103 103 103 102 102 102 103 103 103 103 103 102 103 103 103 103 103 103 104 104 103 103 103 103 103 102 102 103 103 103 104 104 104 104 104 105 104 105 105 105 106 106 106 105 104 104 104 104 105 106 106 108 108 108 108 108 109 108 108 108 109 108 109 109 109 108 108 108 108 107 106 106 106 104 103 103 103 99 98 97
-999 -999 -999 -999 -999 -999 -999 -999 -999 -999 -999 -999 -999 -999 -999 106 105 105 104 103 103 102 102 102 102 102 102 102 102 102 103 103 103 102 104 104 103 103 103 103 103 103 103 103 103 103 103 104 104 104 104 104 104 105 105 105 105 106 106 106 105 104 103 104 104 106 106 106 107 107 108 107 108 108 108 108 108 108 108 108 108 108 107 107 107 107 106 105 105 104 103 103 102 98 100 98
-999 -999 -999 -999 -999 -999 -999 -999 -999 -999 -999 -999 -999 -999 106 106 105 105 104 104 103 102 102 101 102 102 102 101 102 102 102 103 102 103 104 103 104 104 103 103 103 103 103 103 103 103 103 103 104 104 104 104 104 104 105 105 105 105 106 106 105 105 105 104 104 106 104 106 106 105 106 107 107 107 107 107 107 107 108 108 107 107 108 107 106 107 105 105 104 103 102 102 104 101 99 101
-999 -999 -999 -999 -999 -999 -999 -999 -999 -999 -999 104 105 105 105 103 104 104 104 103 103 103 101 101 102 102 102 101 102 102 102 102 102 103 104 103 103 104 104 103 103 103 103 103 103 103 103 103 103 104 104 104 104 104 105 105 105 105 106 106 106 105 105 104 104 104 104 104 105 106 104 106 107 107 107 107 107 107 107 107 107 107 107 107 107 107 105 104 104 103 103 102 103 103 101 99
-999 -999 -999 -999 -999 -999 -999 -999 -999 -999 103 104 104 104 103 106 103 103 103 102 103 102 101 101 101 102 101 101 101 101 101 103 103 104 104 103 103 103 103 103 103 103 103 103 103 102 102 103 103 104 103 104 104 104 105 105 105 105 105 106 106 106 104 104 104 105 105 104 104 103 103 106 107 106 107 107 107 107 107 107 107 107 107 106 106 106 105 104 104 103 102 101 102 103 100 104
-999 -999 -999 -999 -999 -999 -999 -999 -999 -999 103 102 104 104 103 105 103 102 102 103 102 102 101 101 100 101 101 101 101 101 101 103 103 104 104 103 103 103 103 103 103 103 103 103 103 102 102 103 103 103 104 104 104 104 105 105 105 105 106 106 105 106 105 104 105 105 105 105 104 104 104 105 106 106 107 107 107 107 107 107 107 107 107 106 106 106 105 104 104 103 103 102 102 101 104 100
-999 -999 -999 -999 -999 -999 -999 -999 -999 -999 103 103 104 104 103 106 106 103 102 103 102 102 101 100 100 101 102 102 101 102 103 103 104 103 103 103 103 103 103 103 104 103 103 103 103 102 102 102 103 103 103 104 104 104 104 105 105 105 105 106 106 106 106 105 105 105 105 104 104 104 104 106 107 107 106 107 107 107 107 107 107 107 106 106 106 106 105 105 104 104 103 102 103 105 103 102
-999 -999 -999 -999 -999 -999 -999 -999 -999 -999 102 103 104 103 102 103 103 103 102 102 102 102 100 100 100 102 102 102 103 103 103 102 102 102 103 102 102 103 103 103 103 103 102 102 103 103 102 102 102 103 103 103 104 104 104 105 105 105 105 105 105 106 106 106 105 104 105 105 104 105 105 106 107 107 106 106 107 107 107 107 107 107 106 106 106 106 106 105 103 103 102 101 102 104 101 102
-999 -999 -999 -999 -999 -999 -999 103 102 102 101 102 102 103 104 105 104 102 102 103 102 103 101 99 100 102 100 102 103 103 103 102 100 102 102 102 103 103 103 103 103 103 103 102 102 102 102 102 102 102 103 103 103 104 104 104 104 105 105 105 105 105 106 106 105 105 104 105 104 104 104 106 107 107 106 106 106 107 107 107 107 107 106 106 106 106 106 105 105 104 103 104 105 104 104 102
-999 -999 -999 -999 -999 -999 104 101 101 100 101 103 105 106 106 106 105 103 102 103 103 103 101 104 102 99 101 102 102 102 101 101 99 99 99 102 102 103 103 103 103 103 103 102 102 102 103 102 102 103 103 103 104 104 104 104 104 105 105 105 105 105 105 105 105 105 104 104 104 104 104 105 107 107 107 107 106 107 107 107 107 107 106 106 106 106 106 106 106 105 105 105 105 104 104 103
-999 -999 -999 -999 -999 -999 -999 104 99 99 101 103 104 103 106 107 107 105 104 102 103 103 102 101 99 99 98 102 101 99 100 100 100 97 101 102 102 103 103 103 103 103 102 102 103 103 103 103 103 103 103 104 104 104 104 104 104 104 104 105 105 105 105 105 105 105 103 104 104 103 105 106 107 107 107 106 107 107 107 107 107 107 106 106 106 106 106 106 106 106 106 106 105 104 103 103
-999 -999 -999 -999 -999 -999 -999 -999 -999 100 102 102 103 103 106 106 105 104 103 102 101 103 102 102 96 98 97 100 101 100 99 99 99 96 100 101 102 103 103 103 103 103 103 102 102 103 103 103 103 103 103 103 104 104 104 104 104 104 104 105 105 105 105 105 105 104 104 102 103 102 103 104 106 107 107 106 107 107 107 107 107 107 106 106 106 106 106 106 106 106 106 106 105 105 105 105
-999 -999 -999 -999 -999 -999 -999 -999 -999 102 101 102 103 103 104 105 104 103 102 102 100 103 100 99 99 96 95 97 100 99 101 96 97 96 99 100 101 102 102 103 103 103 103 101 102 102 102 102 102 103 103 103 104 103 103 103 103 104 104 104 105 105 105 105 105 105 103 103 102 101 102 103 106 107 106 106 107 107 107 107 107 107 107 106 106 107 107 106 106 106 106 106 106 105 105 105
-999 -999 -999 -999 -999 -999 -999 -999 -999 99 99 101 103 104 103 103 103 101 101 100 99 100 99 99 99 96 97 97 98 98 101 97 95 95 99 99 101 102 102 102 102 102 103 101 102 102 102 102 102 102 103 103 104 103 103 103 103 104 105 105 105 105 105 105 105 105 104 103 102 102 101 101 104 106 107 107 106 106 107 107 107 107 107 107 106 107 107 106 106 106 106 106 106 105 105 105
-999 -999 -999 -999 -999 -999 -999 -999 -999 95 97 100 101 102 101 101 101 100 100 99 100 101 99 98 100 100 97 97 96 95 99 96 95 92 91 96 100 100 100 100 102 103 103 100 101 102 102 102 102 103 103 103 104 103 103 104 104 104 104 105 105 105 105 105 105 105 105 104 102 102 102 101 103 105 106 106 107 107 107 107 107 107 107 107 107 107 107 107 107 106 106 105 106 105 104 104
-999 -999 -999 -999 -999 -999 -999 -999 -999 -999 96 96 97 100 96 100 99 99 99 99 99 99 98 97 98 97 95 95 95 95 96 96 97 95 91 90 95 99 100 101 101 102 102 100 100 101 102 102 102 102 103 103 104 103 103 104 104 104 103 104 104 105 105 105 105 105 104 104 103 102 102 102 102 102 103 103 106 107 107 107 106 107 107 107 107 107 107 106 106 106 106 106 104 105 102 101
-999 -999 -999 -999 -999 -999 -999 -999 -999 -999 100 97 93 96 96 98 99 99 98 98 100 97 96 96 97 96 99 97 93 93 95 96 95 92 91 93 93 97 99 98 99 101 102 100 100 100 101 101 102 102 103 103 103 103 103 104 103 103 103 103 104 105 104 104 104 105 104 104 104 103 102 102 102 102 101 101 104 104 108 106 107 106 106 106 107 107 107 107 106 106 106 103 102 105 105 101
-999 -999 -999 -999 -999 -999 -999 -999 -999 -999 99 98 97 96 96 96 98 98 98 98 98 97 97 96 95 97 95 95 93 92 96 95 95 93 91 89 90 91 96 98 97 100 100 101 99 99 100 101 101 102 102 102 103 103 103 103 103 103 103 103 104 105 104 104 104 104 104 104 104 104 102 102 102 101 101 101 101 100 105 106 106 106 106 106 107 107 107 107 106 106 105 102 102 104 104 103
-999 -999 -999 -999 -999 -999 -999 -999 -999 -999 -999 -999 -999 -999 -999 -999 96 97 97 97 100 99 96 95 94 95 92 95 92 92 92 93 94 91 89 89 92 97 100 102 101 100 100 99 100 99 100 100 101 101 101 102 103 103 103 103 103 103 103 103 103 104 104 104 104 105 104 104 104 103 103 102 101 101 101 101 101 102 104 106 107 106 106 106 106 106 107 106 106 103 101 103 101 104 101 103
-999 -999 -999 -999 -999 -999 -999 -999 -999 -999 -999 -999 -999 -999 -999 -999 -999 97 98 96 97 96 95 93 96 92 93 91 91 91 88 93 90 91 90 88 90 95 101 98 97 96 97 98 99 98 99 99 100 101 101 102 103 103 104 103 103 103 103 103 104 104 103 104 104 104 104 103 103 103 103 102 102 101 101 101 101 101 102 105 106 106 106 106 106 106 107 107 106 105 101 100 101 102 101 100
-999 -999 -999 -999 -999 -999 -999 -999 -999 -999 -999 -999 -999 -999 -999 -999 -999 98 98 95 97 95 93 92 93 91 92 92 90 87 88 93 87 90 90 91 89 95 102 93 91 95 95 94 97 97 98 98 100 101 101 103 103 103 103 103 103 103 103 104 103 103 103 103 104 103 104 103 103 103 103 103 102 101 101 101 101 101 101 102 105 106 106 105 106 107 107 107 106 106 99 99 100 101 101 100
-999 -999 -999 -999 -999 -999 -999 -999 -999 -999 -999 -999 -999 -999 -999 -999 -999 -999 96 95 94 92 95 91 90 92 93 91 88 84 85 91 87 87 91 91 93 91 91 100 99 92 94 95 95 97 97 100 102 102 102 102 103 103 103 103 103 103 103 103 103 103 103 103 104 103 103 103 103 103 103 103 103 102 101 101 100 101 101 104 103 104 105 104 103 105 106 106 107 107 107 104 99 99 100 99
-999 -999 -999 -999 -999 -999 -999 -999 -999 -999 -999 -999 -999 -999 -999 -999 -999 -999 95 93 93 93 90 90 90 90 89 88 88 84 84 89 86 88 89 92 99 93 93 95 98 96 93 93 95 95 98 100 101 102 101 101 103 102 102 102 103 103 103 103 103 104 103 104 104 103 103 103 103 103 102 103 103 103 102 102 100 101 102 104 101 101 101 102 102 101 106 107 107 107 107 105 102 101 100 99
-999 -999 -999 -999 -999 -999 -999 -999 -999 -999 -999 -999 -999 -999 -999 -999 -999 -999 -999 93 91 92 86 87 89 87 84 85 84 83 86 86 87 92 88 92 93 98 97 94 101 95 93 91 94 95 98 100 99 98 99 100 102 102 102 103 103 102 102 104 103 103 104 104 104 104 103 103 103 103 102 102 103 102 102 102 100 100 101 102 101 101 101 104 100 100 100 105 105 107 107 107 97 99 98 94
-999 -999 -999 -999 -999 -999 -999 -999 -999 -999 -999 -999 -999 -999 -999 -999 -999 -999 -999 89 88 88 88 89 86 83 81 81 79 82 84 84 89 95 91 87 88 91 90 92 94 100 98 92 94 97 96 97 98 98 99 100 101 102 102 103 102 102 103 103 103 103 103 104 104 104 103 103 103 103 102 102 102 102 102 102 100 100 100 101 100 101 101 101 100 100 100 101 104 106 107 107 104 97 93 88
-999 -999 -999 -999 -999 -999 -999 -999 -999 -999 -999 -999 -999 -999 -999 -999 -999 -999 -999 -999 87 89 89 85 84 83 79 77 79 82 86 86 91 82 87 84 85 87 89 89 97 100 99 92 95 93 96 96 98 99 100 100 101 101 102 102 101 101 102 103 102 103 103 104 104 103 103 102 103 103 102 102 102 102 102 102 101 100 101 101 101 101 101 99 99 99 100 101 104 106 107 107 103 98 95 90
-999 -999 -999 -999 -999 -999 -999 -999 -999 -999 -999 -999 -999 -999 -999 -999 -999 -999 -999 -999 87 86 86 83 81 81 79 78 81 83 88 83 82 84 85 86 90 88 87 89 93 100 99 94 91 94 95 95 95 98 100 100 101 101 101 101 100 101 101 102 102 103 103 103 103 103 102 102 102 102 102 102 102 102 102 102 101 100 100 101 100 100 100 100 100 99 99 102 101 101 106 106 107 103 97 91
-999 -999 -999 -999 -999 -999 -999 -999 -999 -999 -999 -999 -999 -999 -999 -999 -999 -999 -999 -999 86 85 83 81 79 91 78 81 83 87 82 81 81 86 88 92 94 95 94 92 96 96 91 91 90 92 92 92 94 95 97 99 101 101 99 100 100 101 100 101 102 103 103 103 103 103 102 102 102 102 101 101 102 102 102 101 101 101 100 100 100 100 100 100 100 99 104 102 100 103 101 105 107 106 101 96
-999 -999 -999 -999 -999 -999 -999 -999 -999 -999 -999 -999 -999 -999 -999 -999 -999 -999 -999 -999 83 -999 -999 -999 -999 -999 78 80 84 84 83 81 82 84 88 93 94 93 91 97 95 96 93 91 91 91 93 91 94 96 96 96 100 100 98 99 100 99 100 101 102 102 102 102 102 102 101 101 101 101 100 101 101 101 101 101 101 101 101 101 100 99 99 100 99 101 100 99 99 99 103 102 104 107 105 103
-999 -999 -999 -999 -999 -999 -999 -999 -999 -999 -999 -999 -999 -999 -999 -999 -999 -999 -999 -999 -999 -999 -999 -999 -999 -999 79 82 81 81 81 80 81 88 93 94 94 86 85 84 92 88 91 92 88 89 92 89 92 94 96 97 100 98 98 98 99 99 101 97 98 99 100 101 101 101 100 101 100 100 100 100 101 101 101 100 100 101 101 101 100 99 99 99 101 101 99 99 99 101 103 99 104 106 105 102
-999 -999 -999 -999 -999 -999 -999 -999 -999 -999 -999 -999 -999 -999 -999 -999 -999 -999 -999 -999 -999 -999 -999 -999 -999 -999 80 80 82 79 78 82 89 89 91 94 86 80 82 83 83 85 91 86 87 89 89 90 93 94 95 94 96 96 96 96 99 98 98 94 94 95 97 100 100 98 99 100 99 99 98 98 99 100 100 99 99 100 100 100 99 99 98 99 99 98 96 96 98 101 100 98 102 106 106 104
-999 -999 -999 -999 -999 -999 -999 -999 -999 -999 -999 -999 -999 -999 -999 -999 -999 -999 -999 -999 -999 -999 -999 -999 -999 79 80 80 80 79 78 79 82 84 94 94 91 89 84 83 82 82 86 87 85 87 87 90 91 94 94 92 92 96 98 94 95 96 97 97 97 97 96 98 97 96 97 98 98 98 96 95 97 96 98 98 98 99 100 100 99 98 97 98 97 97 96 95 98 99 96 97 102 106 106 100
-999 -999 -999 -999 -999 -999 -999 -999 -999 -999 -999 -999 -999 -999 -999 -999 -999 -999 -999 -999 -999 -999 -999 75 79 79 79 79 79 81 80 81 82 87 93 94 86 88 92 89 84 82 80 83 83 86 90 91 93 94 93 94 94 93 94 94 97 95 96 97 98 98 99 99 98 94 96 97 97 97 93 92 93 95 96 98 96 99 99 99 99 99 99 98 98 96 95 94 97 98 96 101 102 107 105 98
-999 -999 -999 -999 -999 -999 -999 -999 -999 -999 -999 -999 -999 -999 -999 -999 -999 -999 -999 -999 -999 -999 -999 74 80 80 79 79 78 79 80 84 90 88 93 83 82 82 87 87 82 81 79 75 83 85 88 91 91 93 92 93 93 92 93 95 92 93 94 95 96 97 97 98 98 95 92 94 94 95 94 92 90 94 93 93 94 97 98 98 99 99 98 97 97 97 95 94 95 95 99 104 105 107 102 100
-999 -999 -999 -999 -999 -999 -999 -999 -999 -999 -999 -999 -999 -999 -999 -999 -999 -999 -999 -999 -999 73 77 81 79 78 80 79 79 80 81 89 88 93 82 82 80 83 85 87 87 88 83 85 82 87 88 91 90 92 93 91 92 93 93 95 90 91 92 92 93 95 97 96 96 95 94 93 91 91 93 91 91 92 91 91 93 96 97 98 98 98 98 96 96 97 97 98 96 96 98 96 101 106 106 99
-999 -999 -999 -999 -999 -999 -999 -999 -999 -999 -999 -999 -999 -999 -999 -999 -999 -999 -999 -999 75 75 79 82 81 79 84 82 79 80 90 81 84 88 84 84 81 80 81 85 86 86 88 88 84 83 87 88 91 90 85 89 89 92 94 91 89 87 89 92 93 95 92 90 91 93 90 88 89 91 91 89 89 87 88 92 94 95 96 97 98 98 98 96 95 95 96 97 100 98 97 101 99 102 106 104
-999 -999 -999 -999 -999 -999 -999 -999 -999 -999 -999 -999 -999 -999 -999 -999 -999 -999 -999 75 78 79 79 82 86 87 83 90 89 90 86 85 82 89 80 81 80 80 80 81 84 86 86 80 89 86 87 88 89 86 82 86 86 91 91 89 87 86 89 92 96 93 88 89 89 92 92 90 88 88 88 88 88 88 89 91 94 94 95 96 96 97 97 97 98 98 97 99 102 95 95 97 102 100 106 106
-999 -999 -999 -999 -999 -999 -999 -999 -999 -999 -999 -999 -999 -999 -999 -999 -999 -999 -999 78 80 80 80 83 78 83 83 79 84 83 78 84 79 83 78 78 80 79 79 80 85 90 80 79 87 86 86 86 88 85 88 83 86 89 90 89 90 93 87 90 93 93 92 88 87 86 89 89 89 89 89 89 88 88 91 88 91 91 93 93 94 96 95 96 98 100 102 102 103 100 100 99 98 99 106 106
-999 -999 -999 -999 -999 -999 -999 -999 -999 -999 -999 -999 -999 -999 -999 -999 -999 -999 -999 -999 79 79 79 83 78 79 78 83 80 81 78 78 78 78 78 76 78 79 81 86 82 86 83 81 84 88 87 86 84 81 83 86 90 89 86 89 91 92 92 86 94 87 87 89 85 86 87 88 89 89 91 88 88 88 92 91 91 92 93 94 94 94 94 95 100 102 98 98 100 101 103 104 105 105 106 106
-999 -999 -999 -999 -999 -999 -999 -999 -999 -999 -999 -999 -999 -999 -999 -999 -999 -999 -999 -999 79 78 78 79 81 77 77 77 76 76 79 78 78 78 75 78 80 80 81 81 86 86 82 80 84 86 84 81 81 84 83 88 86 89 85 88 91 89 85 88 89 86 83 82 82 82 85 86 86 88 90 90 86 88 89 93 89 89 93 94 95 94 95 94 102 104 104 104 104 105 105 104 105 102 106 106
-999 -999 -999 -999 -999 -999 -999 -999 -999 -999 -999 -999 -999 -999 -999 -999 -999 -999 -999 -999 -999 78 77 77 78 79 77 76 75 76 75 80 76 75 77 82 81 83 84 84 82 79 80 81 85 84 85 83 83 82 81 82 84 85 83 88 88 86 86 90 91 89 87 85 80 82 82 87 89 87 93 88 86 89 93 96 89 91 92 94 96 96 93 103 104 103 102 104 102 102 102 96 103 103 102 106
-999 -999 -999 -999 -999 -999 -999 -999 -999 -999 -999 -999 -999 -999 -999 -999 -999 -999 -999 -999 -999 -999 76 77 78 77 78 76 75 74 78 77 75 75 76 76 81 79 85 86 83 79 80 81 80 82 85 82 81 83 83 81 82 82 83 88 84 86 86 86 89 88 89 83 82 80 85 86 89 88 90 88 84 89 91 93 95 90 92 92 102 96 98 102 98 98 95 92 102 96 97 100 100 101 100 103
-999 -999 -999 -999 -999 -999 -999 -999 -999 -999 -999 -999 -999 -999 -999 -999 -999 -999 -999 -999 -999 -999 75 78 -999 -999 76 76 75 74 75 74 74 75 78 79 79 79 83 88 82 80 81 80 81 80 82 83 81 81 81 80 81 81 84 84 81 83 85 81 84 86 88 84 81 80 85 88 86 88 93 91 91 93 98 98 94 92 98 93 101 89 92 92 94 93 92 89 94 93 96 96 99 98 102 100
-999 -999 -999 -999 -999 -999 -999 -999 -999 -999 -999 -999 -999 -999 -999 -999 -999 -999 -999 -999 -999 -999 -999 -999 -999 -999 -999 75 75 73 73 75 74 80 81 81 81 81 83 83 81 81 78 80 80 80 80 82 81 81 82 81 79 78 82 82 81 81 81 82 88 88 88 86 82 82 83 82 86 90 85 90 92 90 88 93 100 101 102 98 95 82 91 87 91 93 89 92 90 92 93 95 100 99 99 98
-999 -999 -999 -999 -999 -999 -999 -999 -999 -999 -999 -999 -999 -999 -999 -999 -999 -999 -999 -999 -999 -999 -999 -999 -999 -999 -999 -999 -999 -999 77 79 82 77 76 78 80 85 86 83 79 79 78 77 78 78 79 79 79 79 81 81 79 80 79 79 79 83 84 85 84 82 83 84 81 84 83 85 81 85 88 85 84 86 88 87 92 87 80 86 92 83 81 88 84 92 85 87 90 93 93 95 95 96 98 99
-999 -999 -999 -999 -999 -999 -999 -999 -999 -999 -999 -999 -999 -999 -999 -999 -999 -999 -999 -999 -999 -999 -999 -999 -999 -999 -999 -999 -999 -999 -999 74 73 74 74 76 82 82 80 83 79 79 76 75 76 78 81 79 78 81 81 82 82 80 79 79 81 78 82 84 82 82 81 82 81 84 85 85 84 85 90 87 86 88 92 99 99 91 78 81 82 88 86 82 85 85 88 93 92 93 95 95 94 97 96 96
-999 -999 -999 -999 -999 -999 -999 -999 -999 -999 -999 -999 -999 -999 -999 -999 -999 -999 -999 -999 -999 -999 -999 -999 -999 -999 -999 -999 -999 -999 -999 75 74 75 81 79 85 78 81 80 83 79 76 75 75 76 78 77 78 79 82 80 80 80 81 78 78 80 82 79 81 80 82 84 83 85 85 89 88 89 91 95 86 88 96 90 90 88 90 85 84 90 82 89 84 86 85 90 89 91 96 94 97 100 101 100
-999 -999 -999 -999 -999 -999 -999 -999 -999 -999 -999 -999 -999 -999 -999 -999 -999 -999 -999 -999 -999 -999 -999 -999 -999 -999 -999 -999 -999 -999 -999 74 73 78 78 75 83 75 79 81 83 82 79 78 78 76 76 77 77 80 79 79 77 79 79 78 77 79 78 79 81 83 85 84 87 87 85 90 87 86 91 92 88 93 94 85 96 84 83 88 91 87 85 84 88 84 85 82 85 90 90 92 93 96 96 97
-999 -999 -999 -999 -999 -999 -999 -999 -999 -999 -999 -999 -999 -999 -999 -999 -999 -999 -999 -999 -999 -999 -999 -999 -999 -999 -999 -999 -999 -999 -999 -999 74 73 74 74 81 74 79 82 79 80 77 79 77 77 75 77 78 80 80 78 77 77 79 78 78 82 82 83 83 83 85 85 86 86 89 90 91 84 88 88 93 95 84 86 95 83 90 85 78 84 81 82 80 80 78 80 84 89 90 91 92 92 95 94
