Climate/data/grids_germany_multi_annual_precipitation_1981-2010_11.asc
NCOLS 654
NROWS 866
XLLCORNER 3280414.711633467
YLLCORNER 5237500.62890625
CELLSIZE 1000
NODATA_VALUE -999
[rows 700 to 749 of 866, columns 192 to 287 of 654]
98 93 92 91 89 88 86 75 83 81 77 75 72 75 69 67 59 55 55 54 60 56 56 55 55 54 56 58 59 56 57 57 60 60 60 60 59 59 59 59 50 54 61 60 53 54 48 50 61 62 59 68 67 65 70 65 72 69 60 63 68 70 69 75 74 79 72 76 75 80 77 82 78 82 79 78 80 77 77 72 74 74 74 76 78 80 80 75 75 80 79 78 77 82 95 96
97 94 90 89 84 85 85 85 81 80 76 74 75 71 68 67 63 58 55 58 61 59 59 56 60 60 60 59 61 60 59 60 58 57 58 58 58 51 51 51 59 62 58 51 48 49 48 49 60 58 59 59 70 66 65 71 67 63 65 67 68 65 72 74 77 72 72 72 80 82 81 77 78 78 79 78 78 74 73 73 75 77 77 82 81 85 87 86 80 82 93 84 93 82 98 92
93 88 88 87 86 85 83 72 73 75 76 76 70 67 66 65 61 60 57 63 64 63 59 59 56 56 56 58 57 57 59 59 59 58 57 59 54 51 55 58 58 60 58 56 57 54 55 47 55 60 56 57 62 66 70 69 70 64 70 71 71 67 69 70 75 78 76 71 75 76 80 76 76 75 75 71 69 73 73 77 82 72 71 74 81 87 90 100 93 83 85 87 96 96 93 91
89 85 85 85 83 77 70 67 69 72 71 72 71 74 73 73 69 67 60 64 66 63 62 58 59 56 57 56 59 60 62 59 59 61 59 59 57 57 57 56 57 55 54 55 54 56 55 50 50 51 51 54 58 62 63 66 70 69 66 70 72 67 71 71 71 74 78 73 69 78 76 76 73 72 69 70 70 71 69 69 73 70 71 75 81 85 87 93 96 93 101 88 93 93 92 93
87 83 85 86 85 82 79 76 71 64 68 70 69 71 69 69 66 67 63 61 64 63 63 61 60 57 56 56 56 59 60 62 63 62 59 59 57 57 56 56 55 54 50 52 53 55 57 59 57 57 58 52 54 56 59 57 62 67 69 64 70 67 68 70 72 74 77 75 69 71 74 71 70 70 68 69 68 67 69 68 68 67 70 75 83 80 86 88 96 91 95 84 77 89 91 89
87 86 88 88 82 80 77 72 64 69 67 69 70 72 73 72 70 71 66 65 62 62 63 60 58 56 54 55 55 60 62 61 63 64 62 58 57 57 55 54 54 53 52 48 52 53 55 59 59 61 59 59 52 53 54 55 56 56 65 69 63 65 69 67 66 70 70 67 66 69 68 70 69 68 67 69 70 69 68 68 67 67 73 76 84 79 86 84 86 96 82 89 77 89 88 90
90 88 85 85 81 78 76 73 61 65 67 74 72 70 70 69 70 70 69 63 64 62 61 59 57 56 54 53 56 59 59 60 61 63 60 61 56 56 56 54 51 50 49 48 47 49 51 56 58 57 58 59 59 57 58 58 57 60 58 63 63 60 61 63 65 68 70 69 71 66 66 65 66 66 66 67 68 67 68 68 68 67 71 78 85 80 78 85 79 85 76 79 84 89 88 90
93 88 85 81 78 78 73 73 63 67 73 70 68 71 69 68 69 68 68 63 62 58 60 58 56 56 55 55 56 55 59 59 61 61 57 56 59 59 56 53 52 50 48 49 51 50 53 55 55 55 57 58 54 57 59 61 62 60 58 57 62 63 65 65 68 69 71 71 72 67 68 67 68 68 68 66 65 66 65 66 67 69 71 77 77 77 74 78 73 76 81 89 85 82 86 88
92 90 79 81 69 78 76 64 72 69 67 71 70 68 65 68 66 67 68 65 60 62 60 55 55 56 54 55 56 57 60 60 61 61 57 57 57 57 56 55 54 53 51 50 51 50 52 54 55 55 55 53 57 58 59 60 56 56 60 62 62 61 63 65 67 68 71 72 71 67 70 70 68 66 68 71 68 67 66 67 67 67 69 73 72 72 73 73 84 89 87 83 84 81 85 87
94 89 85 75 80 74 76 62 72 77 70 73 70 68 65 65 65 62 63 61 57 63 59 55 55 55 55 55 55 57 61 61 60 58 58 58 56 58 59 54 54 52 52 51 51 51 52 54 54 55 53 55 57 56 55 55 57 61 59 60 64 64 63 66 68 70 72 71 70 70 69 71 69 68 68 71 71 71 67 68 69 70 68 69 69 71 72 72 74 87 85 84 82 85 85 85
93 91 78 81 80 70 74 62 63 70 73 71 69 67 65 60 62 63 58 62 62 61 61 55 55 56 57 56 56 57 59 59 57 58 59 60 56 56 57 57 53 53 53 52 52 51 52 54 56 56 57 55 54 55 53 55 58 53 61 60 64 64 67 65 65 67 69 70 70 71 68 71 69 68 71 71 68 70 69 68 69 70 70 69 69 70 78 79 77 84 84 83 81 80 84 84
94 92 79 81 80 80 75 62 71 72 72 67 68 66 63 63 62 60 57 62 61 57 58 57 55 59 59 59 57 60 60 58 57 57 54 56 57 57 54 60 60 55 54 55 56 55 56 58 57 56 57 57 57 54 54 57 58 58 61 62 62 64 66 65 65 68 69 68 70 68 69 70 70 68 72 70 71 70 69 70 72 71 71 70 69 70 78 84 84 84 84 84 82 73 83 81
90 85 86 80 79 75 72 61 72 71 69 66 68 66 64 62 61 58 59 60 59 57 55 54 56 57 58 61 60 57 55 57 56 56 55 54 57 57 56 57 59 60 56 55 58 59 59 57 55 55 57 57 56 55 54 60 61 58 59 59 60 62 63 66 69 68 69 69 70 70 67 71 71 70 71 70 71 72 74 71 71 80 76 74 74 69 76 84 87 83 82 84 81 78 77 78
88 86 81 77 77 75 74 68 70 69 63 61 63 65 62 59 61 60 59 58 58 55 54 55 56 56 55 58 59 57 56 54 51 54 52 52 55 56 61 53 59 61 60 57 60 58 57 56 55 54 56 56 57 53 56 57 60 61 60 61 61 60 62 63 67 66 67 66 70 70 71 71 71 71 71 73 72 75 76 74 79 76 83 79 74 74 71 89 85 83 84 82 70 76 79 81
83 80 78 77 76 74 73 69 67 64 65 69 67 65 63 61 59 59 58 56 55 54 53 54 55 55 57 58 57 57 54 55 56 56 55 52 52 54 54 57 58 61 64 56 62 58 57 56 56 55 52 55 56 55 57 60 59 61 63 63 63 62 62 62 63 67 67 67 70 74 72 71 72 76 74 76 79 84 84 82 90 92 86 79 83 85 71 71 85 76 87 74 78 83 82 80
77 74 74 73 72 73 71 69 65 67 64 69 70 66 63 61 60 58 56 54 53 53 55 56 57 56 55 57 59 60 58 56 57 56 54 55 55 54 56 58 61 56 58 62 60 57 57 56 55 57 58 58 58 60 62 61 60 61 62 62 63 61 62 62 65 65 66 67 70 73 77 79 80 81 83 84 91 92 88 83 80 84 80 77 86 78 74 70 70 72 79 88 82 83 83 80
73 71 73 76 75 69 70 68 64 67 70 68 68 68 65 61 60 59 56 54 53 54 58 59 57 57 59 59 60 60 59 58 56 59 58 60 60 61 63 65 64 63 60 60 58 58 59 58 55 54 57 57 51 60 59 60 59 63 65 62 64 62 65 65 66 67 65 68 73 74 82 82 80 84 96 90 90 85 90 92 90 78 81 74 91 91 76 70 74 72 83 83 83 83 80 76
72 71 73 74 71 71 70 68 67 73 72 65 68 67 66 62 60 57 55 57 54 54 59 58 58 59 61 60 60 59 61 61 57 55 56 60 60 63 60 63 61 60 61 65 66 65 58 53 54 54 57 60 57 57 58 58 60 69 68 68 63 63 63 64 67 67 69 70 72 76 84 98 89 87 88 91 94 84 92 84 92 76 75 76 77 87 73 73 83 73 82 84 81 80 78 77
73 72 73 74 76 70 68 62 65 76 73 70 69 69 67 62 60 57 57 60 60 60 60 59 57 59 61 64 63 62 61 63 63 63 58 59 59 57 58 59 60 62 67 66 66 62 57 57 57 58 59 61 59 58 60 60 59 61 67 67 63 67 69 65 68 70 73 75 77 85 87 99 95 93 86 95 94 88 87 83 80 78 83 77 82 69 70 84 84 70 78 79 77 77 77 75
74 74 74 74 76 78 75 66 72 76 74 72 67 68 67 63 58 58 59 57 64 64 62 61 61 60 63 67 65 63 60 61 65 64 66 65 65 65 64 63 63 63 64 66 62 60 59 60 57 56 60 60 59 57 59 64 63 63 63 65 63 71 82 67 70 74 81 81 85 93 94 98 93 87 85 82 90 88 80 81 81 87 92 88 75 83 72 81 81 80 75 72 74 72 73 74
82 79 81 73 76 77 76 64 70 75 73 70 69 67 64 62 59 57 61 59 56 58 60 61 60 60 57 57 58 66 59 63 62 66 63 65 64 60 59 61 61 62 62 63 57 57 60 61 59 57 58 60 59 58 58 62 65 64 65 65 64 70 86 70 88 93 84 87 86 95 89 98 95 97 95 87 81 84 79 85 82 92 93 89 87 86 84 80 77 75 72 72 72 72 73 72
83 81 81 80 71 78 68 70 74 75 73 69 68 66 65 64 60 58 57 56 55 56 58 57 54 62 61 62 65 61 63 62 61 65 61 65 63 61 57 61 60 62 60 61 57 62 57 57 59 59 59 59 60 60 62 61 63 68 70 68 68 65 72 79 78 92 90 102 100 87 94 97 97 90 92 82 85 81 93 90 94 92 90 88 86 84 81 79 78 77 73 72 68 71 72 69
84 80 82 78 70 69 71 69 73 74 72 68 67 65 62 61 59 56 56 54 54 56 56 53 53 56 60 61 59 61 64 62 61 62 60 64 63 61 60 56 59 62 62 57 57 61 60 58 60 61 62 62 62 61 63 62 65 66 68 83 76 64 67 83 89 92 94 88 81 88 97 91 94 93 91 91 91 82 87 95 92 89 89 88 84 83 81 77 78 77 75 71 71 67 70 68
77 73 78 77 76 69 73 63 73 71 69 67 65 64 62 58 58 57 55 53 54 54 54 53 51 53 57 56 55 57 55 56 56 60 61 62 61 60 57 56 57 55 56 55 56 60 57 57 59 59 64 63 65 63 63 63 76 79 82 82 76 65 68 83 87 90 91 95 89 93 93 89 91 93 93 89 84 92 91 92 91 89 88 85 83 82 79 77 76 75 74 72 70 67 68 67
76 73 70 76 76 75 63 61 67 69 68 66 62 61 59 57 57 56 56 54 55 55 55 53 52 52 60 59 59 59 60 63 60 60 62 61 56 59 56 56 53 53 56 55 59 59 60 57 58 61 65 65 74 68 66 62 62 81 80 82 81 70 65 79 84 86 89 87 87 87 90 90 88 93 91 88 94 92 90 91 90 88 86 83 82 80 77 77 77 76 74 69 70 65 68 64
71 73 67 72 68 66 69 64 69 69 68 64 63 59 56 57 56 56 55 56 55 53 53 53 50 52 56 52 55 55 56 61 58 58 59 56 54 57 52 56 57 55 58 59 58 59 60 59 60 62 66 60 64 68 75 69 68 75 82 83 81 81 76 65 81 79 79 86 88 90 86 90 93 90 90 88 91 88 87 88 89 86 84 81 81 79 77 76 77 75 70 69 67 69 67 63
74 70 70 76 76 73 68 68 68 68 65 62 60 58 56 54 54 54 55 56 57 55 53 51 51 50 56 52 54 52 54 54 50 51 52 53 56 53 57 58 59 57 58 57 55 57 60 60 60 60 59 59 60 61 66 70 83 84 83 84 82 83 80 79 66 64 76 79 86 89 87 90 89 87 88 85 85 86 85 84 86 82 82 80 78 77 75 76 76 73 72 69 69 69 64 64
80 72 77 76 75 72 70 68 68 66 65 63 61 59 57 56 54 55 57 58 56 54 58 52 51 49 49 48 48 47 48 49 54 50 52 58 57 58 53 59 59 57 57 57 57 60 60 61 63 61 62 64 70 63 64 72 84 86 80 82 80 81 79 74 80 81 74 83 89 87 91 88 85 86 85 86 86 85 85 82 82 82 80 79 78 76 74 73 73 71 71 69 68 67 64 64
81 79 77 75 73 67 71 68 68 68 66 63 61 60 59 57 57 56 57 56 56 54 54 53 50 50 50 52 54 54 47 49 49 49 54 59 58 57 54 57 59 59 58 59 59 59 62 64 64 65 62 78 85 67 64 75 87 85 84 75 72 82 80 79 83 85 83 87 87 86 88 88 86 86 86 85 87 86 85 83 81 80 78 78 77 75 73 72 72 69 70 68 66 65 64 62
81 79 78 77 74 73 71 70 67 66 63 62 60 60 59 58 58 56 56 56 57 54 53 50 50 49 48 49 50 48 49 48 55 53 55 57 56 54 57 55 57 58 58 58 61 63 66 66 63 67 61 83 80 85 72 66 85 87 76 77 78 83 82 81 83 85 85 85 88 86 90 87 87 83 82 82 83 85 82 81 80 79 77 76 76 74 70 71 70 67 68 66 65 64 61 61
86 82 79 77 73 74 74 71 67 65 63 61 61 60 59 59 60 57 57 57 57 56 54 50 48 47 47 46 47 47 48 54 51 57 59 56 55 56 56 56 56 56 55 54 63 74 62 62 69 76 70 80 83 71 67 79 69 71 81 79 84 84 82 83 80 81 88 89 85 85 87 86 88 83 85 86 84 84 82 81 79 80 80 77 74 70 68 69 67 67 64 62 64 63 62 62
84 82 77 79 79 75 71 69 66 65 64 63 63 60 60 62 61 64 60 59 56 56 53 48 47 47 47 49 49 49 51 57 51 57 57 55 54 58 57 56 57 58 58 57 56 61 56 64 68 73 73 76 77 80 68 73 83 69 82 75 83 82 83 83 83 81 83 89 87 88 89 88 88 88 85 81 82 83 83 81 79 78 77 74 72 71 67 64 64 62 61 61 60 61 62 60
82 83 81 77 75 73 69 65 64 63 63 63 63 62 63 62 61 61 62 61 59 57 53 49 47 48 48 49 55 54 54 57 53 54 54 56 56 57 59 58 58 58 57 60 56 56 55 61 67 72 70 74 77 78 82 84 82 67 83 82 83 82 80 81 82 81 85 87 88 87 84 84 84 82 83 83 84 79 81 81 79 78 77 73 72 70 67 62 62 62 60 61 60 60 60 60
83 84 78 76 73 71 70 62 65 65 63 63 63 64 64 61 57 63 63 60 55 55 56 51 50 52 56 50 54 58 57 52 53 53 54 56 57 59 60 60 58 59 62 62 61 61 58 54 58 66 68 71 73 79 78 84 82 83 69 78 79 80 75 79 81 82 86 86 89 87 86 84 83 84 84 80 82 80 80 78 78 78 77 72 71 67 66 64 59 59 58 60 61 61 60 60
86 82 78 76 74 71 72 67 67 66 63 63 63 62 64 64 65 58 57 55 60 60 58 56 54 59 56 50 59 58 56 53 54 54 56 57 61 65 68 61 64 63 62 61 59 63 60 67 73 74 72 71 72 77 80 77 77 79 77 74 79 78 70 77 81 82 86 83 83 85 87 83 86 83 82 80 79 80 79 78 78 77 75 71 68 65 64 60 57 59 59 61 61 61 60 60
84 82 78 76 74 72 67 61 62 58 58 58 64 57 64 62 58 57 65 64 55 61 61 57 63 59 55 55 53 56 54 52 54 54 54 56 59 61 62 62 60 61 60 61 62 57 67 73 66 69 71 70 72 77 75 74 75 76 78 74 66 73 76 84 83 81 81 84 84 83 83 80 80 80 83 80 79 80 78 77 77 76 71 68 66 65 64 63 62 61 62 58 61 62 60 61
83 74 78 70 70 72 69 67 66 67 64 64 59 61 60 55 65 63 65 63 60 58 59 61 62 60 60 56 59 55 53 51 55 53 55 57 63 62 64 69 66 66 65 64 76 65 57 60 77 71 76 75 72 71 71 76 75 77 77 81 74 69 76 77 81 81 84 84 80 80 79 79 81 81 81 79 79 76 77 76 75 72 70 67 65 65 64 63 63 62 63 63 60 60 55 59
83 79 65 71 75 73 69 70 67 67 58 65 65 64 64 65 64 63 62 62 60 57 57 56 56 59 60 61 58 57 54 52 51 53 55 60 61 65 61 69 72 73 79 72 72 77 59 70 73 74 76 76 74 70 71 70 77 79 83 79 78 78 76 78 77 77 82 82 80 80 80 81 77 77 78 77 77 75 75 74 72 70 68 64 66 65 64 62 63 62 63 63 62 55 58 58
69 66 73 69 74 72 71 69 67 65 63 64 64 62 59 62 61 56 60 58 57 55 58 61 57 54 54 56 58 55 52 54 53 55 55 65 69 77 74 78 72 75 74 81 74 66 61 74 72 76 72 75 73 69 72 70 74 78 79 74 73 74 74 76 76 74 74 78 77 78 77 80 77 76 78 77 77 74 73 69 68 67 66 63 60 63 62 63 63 62 63 60 59 56 52 52
66 75 71 72 71 70 70 68 66 64 57 64 64 62 59 57 56 53 56 55 55 55 59 58 59 58 58 56 55 56 54 56 57 60 61 61 66 73 75 80 83 82 82 80 80 78 63 73 72 74 73 73 70 72 70 69 73 72 73 74 73 71 71 70 71 72 74 75 75 77 77 76 75 75 76 74 72 72 71 68 66 66 66 64 64 53 53 62 62 54 54 51 56 58 57 52
77 73 71 73 71 70 70 68 67 66 56 57 62 61 58 56 55 54 53 54 56 58 55 57 55 58 55 56 56 54 54 55 56 58 63 71 77 73 77 83 84 80 83 79 80 78 78 66 70 73 71 69 69 70 69 69 68 69 71 69 71 71 73 72 70 74 76 74 75 75 74 74 74 75 75 71 71 70 67 68 67 66 61 59 52 52 53 57 52 56 58 58 56 59 57 55
76 66 64 71 68 69 68 68 67 64 64 55 62 59 57 56 54 53 53 57 61 59 57 58 59 55 56 56 54 55 54 57 63 63 60 67 70 85 84 85 82 82 79 78 78 80 75 74 70 68 71 72 72 70 71 76 69 69 71 67 72 74 72 72 70 74 75 73 74 72 68 70 73 73 72 71 71 70 69 68 66 65 64 58 53 63 59 57 55 61 60 58 57 58 56 54
71 73 72 65 68 67 66 67 67 65 65 63 60 60 57 54 53 53 51 52 54 61 59 60 58 55 56 55 54 55 57 58 73 79 63 63 77 75 81 83 83 80 78 79 81 79 73 72 68 68 71 71 71 68 69 73 69 67 67 71 72 74 72 71 74 69 72 73 73 67 73 65 70 69 68 70 70 69 68 67 64 65 61 57 59 63 61 62 56 61 57 56 58 58 55 54
80 76 73 70 67 63 67 65 65 65 64 61 54 59 57 53 52 52 54 54 52 54 57 55 57 58 56 57 61 61 67 68 71 65 63 64 69 77 77 81 79 80 80 74 77 75 73 69 68 69 70 70 69 68 69 69 67 72 68 66 68 66 70 71 71 69 70 72 70 70 70 69 59 65 67 68 68 67 66 67 61 55 54 61 55 56 59 60 59 56 58 59 59 56 53 54
78 73 75 70 68 66 71 68 68 66 64 61 59 58 56 57 56 57 55 54 61 54 57 54 55 55 57 59 60 68 69 81 71 68 77 75 74 74 79 79 78 78 74 74 75 73 70 69 70 71 71 69 69 69 68 69 67 66 70 64 66 63 68 67 71 72 68 66 69 66 67 67 67 58 66 59 58 58 59 57 59 56 54 62 61 59 60 58 56 54 56 56 55 53 51 51
79 78 75 71 68 68 67 72 67 68 63 63 58 60 57 55 58 63 62 55 59 55 57 56 54 56 57 58 62 68 64 72 80 78 77 82 76 73 72 78 79 79 71 76 75 71 70 69 70 72 71 67 69 69 69 68 69 68 69 68 70 73 69 66 69 70 69 66 67 66 60 64 61 66 66 65 67 68 67 64 56 55 56 56 61 59 58 56 55 54 55 52 53 52 52 50
79 76 74 71 72 71 71 70 65 62 60 62 58 58 56 58 58 59 60 60 58 56 56 60 56 55 56 56 58 61 66 80 79 77 75 74 80 74 70 79 76 70 72 75 72 71 68 68 71 72 70 68 68 68 68 68 70 69 71 68 70 71 69 62 70 66 70 66 66 65 62 64 65 64 65 67 67 65 59 57 55 58 54 57 58 58 58 54 53 53 53 52 52 53 53 50
79 76 73 73 72 81 70 65 63 63 60 58 58 60 57 56 64 65 63 62 62 59 56 59 59 56 57 59 62 57 63 80 78 76 76 74 71 77 71 69 71 74 71 74 71 69 69 69 69 71 67 67 67 69 68 69 69 71 72 69 72 71 69 63 62 66 68 66 66 64 64 62 64 63 64 65 67 65 58 58 59 57 57 55 59 59 56 53 52 51 54 54 54 55 54 52
78 76 74 74 84 79 74 63 69 68 61 59 60 61 59 56 59 64 61 60 63 62 57 59 61 59 58 58 63 67 64 70 71 77 76 72 70 70 74 76 74 70 72 71 70 68 68 67 69 68 68 67 69 69 67 68 68 69 69 67 71 68 67 67 61 68 67 65 65 64 61 60 60 59 63 63 64 61 61 63 57 55 59 58 59 58 54 52 53 53 52 53 53 53 52 52
79 76 75 79 74 75 74 65 71 65 62 62 64 63 62 59 60 60 62 63 64 61 60 59 65 68 61 60 63 64 62 64 70 69 76 75 78 74 72 73 75 67 70 69 69 68 70 72 69 66 66 67 67 69 69 70 68 67 70 67 66 66 65 67 67 66 61 66 64 62 60 57 59 60 61 61 61 61 60 61 55 55 58 58 57 58 56 55 54 53 54 56 55 53 53 52
