Climate/data/grids_germany_multi_annual_precipitation_1981-2010_02.asc
NCOLS 654
NROWS 866
XLLCORNER 3280414.711633467
YLLCORNER 5237500.62890625
CELLSIZE 1000
NODATA_VALUE -999
[rows 510 to 560 of 866, columns 0 to 95 of 654]
-999 -999 -999 -999 -999 -999 -999 -999 -999 -999 -999 -999 -999 -999 -999 -999 -999 -999 -999 -999 -999 -999 -999 -999 -999 -999 -999 -999 -999 -999 -999 -999 -999 97 94 90 96 95 95 86 88 83 84 82 82 83 84 80 79 77 77 78 77 79 76 70 75 69 69 69 70 69 70 61 59 60 56 53 58 45 57 59 64 45 58 65 61 68 65 72 74 63 68 63 81 80 77 73 63 60 57 54 52 48 49 46
-999 -999 -999 -999 -999 -999 -999 -999 -999 -999 -999 -999 -999 -999 -999 -999 -999 -999 -999 -999 -999 -999 -999 -999 -999 -999 -999 -999 -999 -999 -999 -999 -999 103 100 94 99 100 94 89 85 87 86 84 81 83 82 80 78 79 80 78 75 77 76 69 74 76 72 75 69 68 66 66 62 59 63 56 44 54 50 45 49 55 62 58 72 64 62 56 74 72 72 76 80 78 75 73 70 70 57 58 55 51 50 50
-999 -999 -999 -999 -999 -999 -999 -999 -999 -999 -999 -999 -999 -999 -999 -999 -999 -999 -999 -999 -999 -999 -999 -999 -999 -999 -999 -999 -999 -999 -999 -999 -999 106 101 99 103 98 93 93 90 84 84 84 81 81 79 81 82 81 79 78 74 74 70 69 73 72 73 72 69 64 67 60 56 49 48 43 60 56 48 56 48 62 65 60 58 72 69 56 65 65 68 75 79 70 73 66 69 58 56 62 56 58 52 47
-999 -999 -999 -999 -999 -999 -999 -999 -999 -999 -999 -999 -999 -999 -999 -999 -999 -999 -999 -999 -999 -999 -999 -999 -999 -999 -999 -999 -999 -999 -999 -999 -999 110 111 106 101 102 100 97 95 87 86 83 79 77 79 82 81 79 74 79 71 70 65 70 70 68 69 71 73 72 70 60 59 54 49 53 60 64 62 50 45 52 60 64 74 67 58 52 61 75 82 74 77 67 65 71 74 65 68 69 55 56 55 54
-999 -999 -999 -999 -999 -999 -999 -999 -999 -999 -999 -999 -999 -999 -999 -999 -999 -999 -999 -999 -999 -999 -999 -999 -999 -999 -999 -999 -999 -999 -999 -999 -999 108 103 106 103 102 99 96 96 89 87 84 83 81 81 83 79 79 76 71 74 74 65 62 68 65 66 68 72 70 69 63 71 47 53 59 56 63 57 60 43 54 55 71 64 56 63 63 73 77 69 69 73 67 62 72 67 68 70 61 56 55 54 59
-999 -999 -999 -999 -999 -999 -999 -999 -999 -999 -999 -999 -999 -999 -999 -999 -999 -999 -999 -999 -999 -999 -999 -999 -999 -999 -999 -999 -999 -999 -999 -999 109 103 103 104 99 101 101 92 94 89 88 88 85 82 81 84 79 76 74 76 71 69 66 58 61 63 60 63 65 66 64 56 53 39 48 54 60 64 59 52 41 48 53 54 63 63 48 56 66 67 67 62 72 65 64 64 64 69 71 70 67 61 58 55
-999 -999 -999 -999 -999 -999 -999 -999 -999 -999 -999 -999 -999 -999 -999 -999 -999 -999 -999 -999 -999 -999 -999 -999 -999 -999 -999 -999 -999 -999 -999 -999 106 100 98 100 101 101 96 93 96 94 87 86 84 83 84 85 83 78 73 73 71 68 68 65 60 58 60 62 63 67 59 50 44 42 42 57 56 55 47 48 56 49 61 53 55 56 53 65 65 62 60 58 69 66 66 59 61 71 67 74 67 62 59 52
-999 -999 -999 -999 -999 -999 -999 -999 -999 -999 -999 -999 -999 -999 -999 -999 -999 -999 -999 -999 -999 -999 -999 -999 -999 -999 -999 -999 -999 -999 -999 109 101 98 97 97 99 95 97 94 97 92 89 85 86 82 87 89 83 82 76 70 67 71 73 64 62 61 56 60 63 61 55 47 49 39 43 50 52 52 46 48 53 54 54 56 60 62 62 58 69 68 64 65 56 60 57 56 66 58 59 64 73 62 57 55
-999 -999 -999 -999 -999 -999 -999 -999 -999 -999 -999 -999 -999 -999 -999 -999 -999 -999 -999 -999 -999 -999 -999 -999 -999 -999 -999 -999 -999 -999 -999 -999 101 100 98 94 92 93 91 100 100 92 88 92 87 81 82 85 87 82 79 76 75 72 68 62 62 61 61 55 61 51 56 45 50 46 45 53 48 51 51 48 46 47 48 53 53 62 75 68 68 74 73 70 67 57 69 57 57 60 62 67 67 56 57 53
-999 -999 -999 -999 -999 -999 -999 -999 -999 -999 -999 -999 -999 -999 -999 -999 -999 -999 -999 -999 -999 -999 -999 -999 -999 -999 -999 -999 -999 -999 -999 -999 97 96 100 93 98 98 93 94 99 94 91 92 88 85 85 83 83 85 78 79 72 71 68 67 65 63 65 63 58 56 47 51 58 50 43 46 51 58 58 50 52 54 48 51 63 71 68 67 63 64 64 65 65 67 56 58 62 51 62 67 62 61 54 51
-999 -999 -999 -999 -999 -999 -999 -999 -999 -999 -999 -999 -999 -999 -999 -999 -999 -999 -999 -999 -999 -999 -999 -999 -999 -999 -999 -999 -999 -999 -999 -999 96 94 97 97 93 96 100 94 95 93 87 85 83 82 81 86 84 82 77 73 72 72 70 70 69 70 62 61 58 57 55 56 55 48 47 55 57 55 54 55 58 57 54 58 62 59 64 69 67 71 59 65 66 68 69 65 66 62 52 48 56 62 52 47
-999 -999 -999 -999 -999 -999 -999 -999 -999 -999 -999 -999 -999 -999 -999 -999 -999 -999 -999 -999 -999 -999 -999 -999 -999 -999 -999 -999 -999 -999 -999 -999 -999 -999 97 97 96 97 101 100 95 92 93 84 91 87 79 79 83 81 77 73 74 73 72 73 70 66 66 63 61 61 60 51 55 53 57 57 58 63 62 64 57 65 60 59 59 63 61 67 65 63 59 70 55 54 54 65 52 56 66 63 58 53 46 48
-999 -999 -999 -999 -999 -999 -999 -999 -999 -999 -999 -999 -999 -999 -999 -999 -999 -999 -999 -999 -999 -999 -999 -999 -999 -999 -999 -999 -999 -999 -999 -999 -999 -999 99 100 95 94 96 96 96 94 95 88 89 87 89 77 76 79 77 79 74 73 75 74 68 70 67 63 61 63 61 60 57 49 57 57 63 57 64 65 66 68 68 66 61 60 58 62 60 61 53 58 64 64 55 53 48 48 60 60 56 58 42 40
-999 -999 -999 -999 -999 -999 -999 -999 -999 -999 -999 -999 -999 -999 -999 -999 -999 -999 -999 -999 -999 -999 -999 -999 -999 -999 -999 -999 -999 -999 -999 -999 -999 -999 101 102 97 98 98 101 93 96 93 89 88 90 84 81 75 76 79 74 72 73 75 75 76 73 65 63 62 64 62 63 63 56 59 62 63 64 65 65 67 67 62 62 63 57 60 58 59 58 54 65 68 59 64 60 69 58 53 49 52 48 43 41
-999 -999 -999 -999 -999 -999 -999 -999 -999 -999 -999 -999 -999 -999 -999 -999 -999 -999 -999 -999 -999 -999 -999 -999 -999 -999 -999 88 90 -999 -999 -999 -999 99 102 98 99 103 99 101 96 94 89 91 84 89 81 79 76 70 74 72 72 71 73 77 75 70 67 66 65 64 64 67 65 60 54 56 59 58 56 61 64 63 61 62 61 57 55 60 55 59 65 64 62 58 61 62 62 61 57 52 47 47 47 44
-999 -999 -999 -999 -999 -999 -999 -999 -999 -999 -999 -999 -999 -999 -999 -999 -999 -999 -999 -999 -999 -999 -999 -999 -999 -999 -999 82 84 87 86 93 96 99 102 102 105 100 102 100 97 94 91 87 89 90 86 79 77 73 71 70 69 72 73 76 71 67 65 68 64 66 61 65 63 62 59 61 57 55 58 59 68 62 60 63 61 58 64 60 62 61 59 61 57 56 55 61 56 71 55 50 42 40 47 47
-999 -999 -999 -999 -999 -999 -999 -999 -999 -999 -999 -999 -999 -999 -999 -999 -999 -999 -999 -999 -999 -999 -999 -999 -999 -999 -999 87 87 91 88 91 94 100 104 107 102 102 98 96 96 92 90 90 88 89 84 81 77 75 68 73 74 74 74 74 72 65 71 67 67 62 66 64 63 63 62 64 59 60 58 61 64 64 63 60 63 67 59 59 61 60 59 54 57 54 54 54 52 58 59 51 48 45 43 46
-999 -999 -999 -999 -999 -999 -999 -999 -999 -999 -999 -999 -999 -999 -999 -999 -999 -999 -999 -999 -999 -999 -999 -999 -999 -999 88 92 88 93 91 90 95 99 106 107 102 95 95 93 89 92 93 90 88 81 83 81 77 75 68 70 74 70 74 73 68 68 74 71 70 65 66 68 65 67 67 68 68 66 58 60 62 67 67 64 67 63 62 61 59 55 58 57 54 56 52 46 53 54 54 51 46 44 51 49
-999 -999 -999 -999 -999 -999 -999 -999 -999 -999 -999 -999 -999 -999 -999 -999 -999 -999 -999 -999 -999 -999 -999 -999 -999 -999 89 94 91 95 93 94 98 104 105 100 96 95 89 92 95 96 93 88 88 85 79 79 80 78 68 68 71 70 72 69 69 75 68 72 73 66 70 67 68 66 67 67 70 66 64 59 62 68 67 65 66 62 61 60 59 57 51 56 53 52 47 46 48 46 51 52 51 46 52 53
-999 -999 -999 -999 -999 -999 -999 -999 -999 -999 -999 -999 -999 -999 -999 -999 -999 -999 -999 -999 -999 -999 -999 -999 -999 84 88 89 91 93 94 98 102 102 95 94 98 92 92 93 91 90 95 88 86 82 78 81 78 77 73 69 69 70 76 72 71 74 72 73 67 71 77 72 73 72 69 72 70 74 66 66 68 69 65 67 61 57 59 58 54 56 53 48 47 51 44 55 52 42 46 50 53 52 52 53
-999 -999 -999 -999 -999 -999 -999 -999 -999 -999 -999 -999 -999 -999 -999 -999 -999 -999 -999 -999 -999 82 81 85 82 83 88 88 89 90 91 98 102 93 93 89 90 87 90 86 93 93 93 89 83 81 79 79 77 77 75 70 69 72 75 80 75 79 78 78 71 73 73 72 80 76 75 70 69 68 71 70 74 76 67 64 67 62 60 60 56 51 51 68 59 51 48 51 49 43 41 47 49 52 51 53
-999 -999 -999 -999 -999 -999 -999 -999 -999 -999 -999 -999 -999 -999 -999 -999 -999 -999 -999 -999 70 73 79 78 79 84 83 86 84 87 95 98 89 88 87 84 88 85 82 92 94 95 94 88 84 83 76 81 75 79 78 74 69 69 73 74 80 80 80 82 72 72 71 78 78 73 72 70 66 73 74 69 65 66 68 66 64 63 63 57 53 55 60 61 56 49 55 54 49 50 36 44 46 50 47 51
-999 -999 -999 -999 -999 -999 -999 -999 -999 -999 -999 -999 -999 -999 -999 -999 -999 -999 -999 -999 76 78 80 79 79 79 81 83 84 91 93 86 88 86 85 82 86 86 82 83 86 92 91 90 88 80 76 78 80 84 80 78 70 71 74 71 73 74 80 80 82 75 75 74 78 78 69 70 72 72 73 69 66 69 64 66 66 61 58 59 54 59 57 58 61 54 51 56 51 52 48 47 45 42 46 42
-999 -999 -999 -999 -999 -999 -999 -999 -999 -999 -999 -999 -999 -999 -999 -999 -999 -999 75 75 74 77 73 78 77 74 78 80 88 92 85 82 84 78 83 79 87 80 82 86 84 89 89 84 79 78 76 79 86 71 80 79 78 73 67 68 77 78 81 84 82 82 80 73 75 73 70 71 68 74 72 68 64 66 69 63 62 61 64 57 63 62 60 65 64 56 52 52 50 50 52 51 52 52 58 50
-999 -999 -999 -999 -999 -999 -999 -999 -999 -999 -999 -999 -999 -999 -999 -999 -999 68 72 75 73 74 74 78 75 79 79 81 86 88 85 79 81 75 74 83 82 75 83 83 84 82 83 81 83 82 77 84 81 76 80 73 74 74 71 75 78 83 81 82 88 85 77 80 73 72 68 68 73 75 75 71 67 65 70 67 66 62 62 64 66 70 69 70 65 60 57 58 54 52 52 50 54 54 56 52
-999 -999 -999 -999 -999 -999 -999 -999 -999 -999 -999 -999 -999 -999 -999 -999 -999 67 68 74 76 77 78 79 79 75 78 84 82 81 81 76 79 75 80 77 77 75 81 80 82 84 85 84 84 77 82 77 75 73 70 71 79 80 68 79 79 86 83 86 91 82 80 80 73 71 70 74 79 77 73 68 65 66 65 70 65 65 65 71 66 69 68 67 67 63 57 59 62 59 56 53 54 50 53 52
-999 -999 -999 -999 -999 -999 -999 -999 -999 -999 -999 -999 -999 -999 -999 -999 -999 70 71 70 70 76 80 80 78 75 78 78 78 80 81 75 82 72 81 77 74 78 76 82 82 85 85 85 82 85 81 83 80 77 73 70 73 74 74 74 77 88 87 92 85 79 84 77 76 71 76 74 75 75 74 69 65 65 65 63 64 63 67 67 59 69 61 70 68 67 61 58 59 59 60 56 55 51 52 46
-999 -999 -999 -999 -999 -999 -999 -999 -999 -999 -999 -999 -999 -999 -999 72 68 73 77 77 81 75 79 78 76 77 77 77 80 74 76 78 79 79 75 72 80 75 76 80 80 84 82 85 88 93 85 81 80 79 74 77 75 80 83 84 79 90 88 89 84 79 73 78 75 72 76 76 73 71 73 70 67 61 67 62 64 61 65 65 62 61 65 62 67 67 65 60 59 55 58 56 56 56 54 49
-999 -999 -999 -999 -999 -999 -999 -999 -999 -999 -999 -999 -999 -999 78 76 71 75 79 82 78 79 77 81 76 78 74 73 78 78 71 76 76 72 71 74 80 75 77 77 81 83 82 85 88 84 85 82 81 79 77 78 80 83 86 85 89 81 85 81 86 81 74 81 75 76 76 70 76 70 73 69 66 64 64 64 70 64 65 64 63 61 61 59 63 65 68 66 62 63 58 57 52 55 53 52
-999 -999 -999 -999 -999 -999 -999 -999 -999 -999 -999 -999 -999 -999 75 68 68 78 79 81 80 82 82 78 77 73 76 71 74 75 72 69 71 75 77 78 76 73 76 80 79 80 82 89 85 85 79 76 77 75 78 74 78 81 77 87 92 84 84 87 87 86 78 72 80 74 75 77 75 73 71 70 69 67 63 66 67 67 65 58 63 65 63 57 64 64 65 66 65 63 60 59 57 56 46 42
-999 -999 -999 -999 -999 -999 -999 -999 -999 -999 -999 -999 -999 75 78 67 75 80 81 79 80 81 81 81 83 79 74 73 72 75 71 77 81 79 79 83 77 74 77 76 80 80 81 86 88 83 82 75 81 75 75 77 75 80 87 90 91 88 87 78 78 79 81 81 72 78 77 76 73 71 75 74 68 69 62 68 67 70 69 67 62 64 70 63 49 65 67 63 62 60 61 60 57 57 55 53
-999 -999 -999 -999 -999 -999 -999 -999 -999 -999 -999 -999 -999 72 74 68 72 78 81 79 81 79 81 82 81 77 78 73 73 76 73 81 77 81 82 81 77 77 74 78 80 79 82 86 81 80 78 88 82 70 75 79 82 78 86 94 87 88 89 80 76 85 82 73 71 80 77 73 70 70 74 74 69 65 67 66 69 69 66 67 67 69 69 69 60 49 62 59 61 56 54 57 57 51 48 53
-999 -999 -999 -999 -999 -999 -999 -999 -999 -999 -999 -999 -999 76 70 67 71 76 81 77 79 79 79 82 80 76 75 72 73 68 72 76 77 79 81 79 73 76 75 75 78 80 83 83 84 81 87 80 82 72 85 90 83 87 91 96 90 84 84 77 80 85 80 72 76 73 76 72 68 71 72 70 66 67 61 66 66 63 66 67 67 68 68 65 66 63 50 53 60 61 57 55 46 41 40 40
-999 -999 -999 -999 -999 -999 -999 -999 -999 -999 -999 -999 -999 77 74 68 75 80 79 78 80 79 80 80 79 77 72 70 72 70 70 73 77 77 79 76 72 72 73 76 85 82 79 79 80 80 79 82 75 76 76 78 90 89 91 83 80 81 83 80 80 81 81 77 76 74 77 73 69 68 71 73 74 67 65 62 64 64 66 66 70 69 65 61 64 62 58 50 58 38 39 46 59 59 58 56
-999 -999 -999 -999 -999 -999 -999 -999 -999 -999 -999 -999 -999 72 68 77 80 77 76 77 78 80 76 75 78 76 76 76 73 67 69 77 71 73 77 78 78 70 79 84 76 79 76 81 81 87 88 91 79 78 86 82 82 95 86 84 80 80 81 78 81 78 78 69 79 79 76 70 69 70 73 69 69 69 63 60 61 65 65 67 69 67 64 61 63 63 62 47 53 44 57 61 64 64 63 59
-999 -999 -999 -999 -999 -999 -999 -999 -999 -999 -999 -999 -999 76 78 78 78 79 81 80 80 80 77 78 79 75 76 71 71 67 71 77 82 84 81 75 69 78 79 78 76 83 81 82 84 82 83 80 84 87 89 91 94 89 84 81 83 81 74 74 81 81 74 68 74 78 77 75 69 69 70 74 69 71 67 65 58 65 63 65 67 64 62 61 60 63 61 58 43 45 55 45 44 48 64 62
-999 -999 -999 -999 -999 -999 -999 -999 -999 -999 -999 -999 -999 76 71 78 75 77 81 79 77 74 74 79 78 76 79 73 71 68 74 77 81 79 84 75 75 74 78 75 75 77 80 81 84 83 82 77 82 88 91 89 87 83 82 81 81 78 73 81 78 73 70 74 76 76 76 74 70 69 72 70 72 66 66 64 63 66 64 65 61 62 61 55 59 61 62 56 50 51 61 62 47 63 66 56
-999 -999 -999 -999 -999 -999 -999 -999 -999 -999 -999 -999 -999 71 72 79 77 74 78 77 75 72 76 76 80 79 78 76 75 69 73 73 76 76 86 82 74 69 72 73 72 79 77 82 83 88 88 73 75 83 93 85 87 86 85 82 83 79 78 79 80 76 73 78 75 77 77 73 74 69 71 72 69 67 65 66 67 66 63 63 60 55 49 45 61 61 62 62 61 59 62 63 45 63 69 53
-999 -999 -999 -999 -999 -999 -999 -999 -999 -999 -999 -999 -999 70 78 81 83 80 71 76 71 76 77 78 78 80 79 74 68 68 73 68 78 74 80 79 77 73 68 75 75 75 75 84 84 85 87 71 78 74 84 84 81 83 82 77 81 80 79 73 77 75 68 71 78 77 74 73 73 74 69 72 66 67 64 67 66 65 60 63 62 57 61 46 56 48 49 59 62 61 62 56 50 66 61 60
-999 -999 -999 -999 -999 -999 -999 -999 -999 -999 -999 -999 -999 75 81 80 81 83 77 69 69 76 78 78 76 79 79 76 68 69 65 71 73 76 75 77 76 70 65 76 70 78 78 79 82 78 85 70 75 80 82 87 82 79 79 74 80 81 67 77 72 74 68 77 78 79 76 76 68 72 71 64 66 67 62 65 67 64 55 64 64 62 54 63 59 54 52 61 64 57 45 44 43 53 60 56
-999 -999 -999 -999 -999 -999 -999 -999 -999 -999 -999 -999 -999 68 81 81 80 81 75 68 76 79 75 73 76 77 78 77 75 72 63 68 69 75 76 78 73 75 70 67 75 68 80 79 77 80 80 69 72 84 84 83 81 74 78 78 83 83 72 76 76 73 73 74 74 75 74 74 72 71 72 67 66 66 62 65 54 64 62 69 65 66 63 60 40 46 39 47 57 57 49 66 56 55 56 56
-999 -999 -999 -999 -999 -999 -999 -999 -999 -999 -999 -999 -999 74 82 82 81 81 72 68 79 78 71 78 81 78 76 76 72 67 64 63 58 65 74 72 69 69 72 71 71 72 75 74 72 79 70 65 71 81 80 78 77 71 71 77 81 79 77 71 75 68 72 70 73 74 73 72 71 66 71 67 63 65 66 67 62 66 57 63 66 65 65 58 50 47 53 42 42 49 40 47 53 58 61 60
-999 -999 -999 -999 -999 -999 -999 -999 -999 -999 -999 -999 -999 70 83 78 81 78 70 78 76 77 72 78 79 80 73 75 72 67 72 62 56 64 73 71 69 70 71 71 64 71 73 74 70 70 76 63 76 77 78 75 74 71 78 79 81 74 76 73 72 67 68 62 70 73 69 71 71 65 70 67 67 63 66 62 52 62 65 60 55 66 56 62 56 39 46 61 58 38 38 50 64 55 60 64
-999 -999 -999 -999 -999 -999 -999 -999 -999 -999 -999 -999 -999 68 81 79 78 78 74 74 76 78 72 74 76 74 73 75 76 74 74 72 70 60 59 72 67 66 70 68 61 69 70 70 70 69 75 59 74 73 71 71 73 73 64 69 80 73 70 73 68 67 59 65 71 72 71 71 69 69 62 66 67 57 65 66 65 53 54 56 53 63 58 62 56 39 55 47 47 52 60 66 63 59 63 59
-999 -999 -999 -999 -999 -999 -999 -999 -999 -999 -999 -999 -999 -999 74 80 79 76 77 66 77 79 74 76 74 75 69 76 70 74 74 71 68 64 53 59 68 66 65 69 61 67 70 67 64 65 69 62 66 68 68 67 70 67 66 70 75 76 71 70 67 65 63 68 71 67 71 70 66 69 65 63 67 63 66 68 63 53 64 62 58 50 43 42 65 40 53 53 56 63 65 67 67 65 63 61
-999 -999 -999 -999 -999 -999 -999 -999 -999 -999 -999 -999 -999 -999 70 79 72 72 67 67 77 79 73 68 67 76 65 72 74 66 68 72 68 57 52 63 66 67 61 65 64 67 68 65 63 71 59 65 67 67 67 66 64 67 68 67 70 72 72 70 68 63 62 63 67 68 69 68 66 68 68 61 66 58 68 67 66 68 66 63 59 68 56 47 43 40 51 60 63 63 64 64 63 67 64 58
-999 -999 -999 -999 -999 -999 -999 -999 -999 -999 -999 -999 -999 -999 69 72 66 77 73 74 78 80 79 74 65 71 69 71 63 62 73 73 69 65 59 63 65 63 63 65 60 68 67 66 57 65 67 69 69 67 66 66 62 63 64 69 68 62 66 69 66 64 63 59 66 67 67 60 68 71 72 68 67 55 68 69 70 66 71 72 66 60 59 44 52 40 42 46 50 44 50 60 66 65 64 59
-999 -999 -999 -999 -999 -999 -999 -999 -999 -999 -999 -999 -999 -999 69 76 69 80 82 81 77 73 78 74 74 64 74 76 70 64 72 73 66 58 53 62 62 62 65 65 59 65 67 64 60 61 63 67 68 67 65 65 62 62 64 67 71 70 61 65 64 62 63 60 62 62 64 66 71 73 71 62 64 55 62 71 70 71 63 61 57 51 53 44 40 45 39 48 38 58 67 63 66 68 67 66
-999 -999 -999 -999 -999 -999 -999 -999 -999 -999 -999 -999 -999 -999 69 69 76 81 78 81 74 78 81 80 78 62 72 71 71 70 68 67 64 61 60 56 62 62 62 62 59 68 68 65 61 62 65 64 64 63 64 62 62 62 62 56 67 67 64 59 61 61 65 67 66 60 67 67 72 64 62 60 62 60 55 57 60 61 58 55 52 54 45 50 41 55 46 55 51 42 52 65 53 64 67 65
-999 -999 -999 -999 -999 -999 -999 -999 -999 -999 -999 -999 -999 -999 64 66 75 75 79 73 75 80 78 80 77 74 66 68 66 69 67 66 66 65 65 69 60 60 62 64 60 65 67 68 67 58 65 63 63 62 62 59 60 57 63 60 61 66 64 62 61 61 66 66 68 60 54 55 61 60 60 59 58 56 56 56 57 54 52 55 50 48 58 65 44 57 54 39 42 46 46 47 55 64 60 59
-999 -999 -999 -999 -999 -999 -999 -999 -999 -999 -999 -999 -999 -999 -999 68 61 71 81 76 73 78 72 80 72 69 62 67 68 66 67 67 61 68 57 64 56 58 62 63 62 64 67 66 64 56 65 64 63 62 61 59 58 60 61 63 63 65 63 61 61 58 63 66 67 68 65 53 60 56 56 55 54 52 54 54 51 51 52 50 52 55 68 66 47 56 59 61 56 48 49 58 63 51 60 59
